50 0.125 0 0.215661 0.00240819 0.0995194 0.00179676 0.286747
50 0.375 0 0.39827 0.0023668 0.211818 0.00176819 0.554871
50 0.625 0 0.425001 0.00186156 0.215259 0.00146284 0.602755
50 0.875 0 0.419661 0.00176121 0.20526 0.00131248 0.611505
50 1 0 0.411456 0.00170725 0.197553 0.00139595 0.611031
50 0.25 0 0.339491 0.00268587 0.180527 0.00197685 0.477888
100 0.125 0 0.185932 0.00201219 0.0737009 0.00121518 0.28937
50 0.5 0 0.424286 0.00277081 0.22089 0.00188826 0.590986
100 0.25 0 0.289414 0.00248101 0.129659 0.00140714 0.484009
50 0.75 0 0.419076 0.00180916 0.207595 0.00134077 0.605987
200 0.125 0 0.158385 0.00173186 0.0528615 0.000893624 0.29759
100 0.375 0 0.337111 0.00195343 0.150621 0.00121705 0.558207
100 0.5 0 0.354643 0.00175949 0.155508 0.00113035 0.587857
100 0.625 0 0.358134 0.00169111 0.153296 0.00111774 0.601601
200 0.25 0 0.245588 0.00227325 0.0929741 0.00122646 0.486162
100 0.75 0 0.354104 0.00173756 0.147622 0.00105541 0.607562
400 0.125 0 0.133875 0.00171642 0.0371573 0.000760954 0.30893
100 0.875 0 0.351626 0.00179054 0.144611 0.00107324 0.610132
200 0.375 0 0.286042 0.00176048 0.10733 0.000935553 0.562739
100 1 0 0.347614 0.00149502 0.140914 0.000925412 0.611278
200 0.5 0 0.29897 0.0017138 0.11013 0.000885466 0.589294
200 0.625 0 0.302599 0.00141217 0.109309 0.000782609 0.602077
400 0.25 0 0.210144 0.00159144 0.0671965 0.000674728 0.492787
200 0.75 0 0.30243 0.00125822 0.106679 0.000668264 0.611214
200 0.875 0 0.296173 0.00145264 0.102818 0.000755462 0.609289
200 1 0 0.292656 0.0014874 0.0995816 0.000737693 0.612436
400 0.375 0 0.242891 0.00210325 0.0776168 0.000920871 0.561456
400 0.5 0 0.253901 0.00154286 0.0788962 0.000585867 0.592052
400 0.625 0 0.254844 0.00111635 0.077227 0.000503627 0.603632
400 0.75 0 0.25115 0.00107139 0.0744048 0.000473549 0.606799
400 0.875 0 0.252965 0.00112627 0.074379 0.000477704 0.612557
400 1 0 0.247955 0.00100456 0.0713842 0.000519461 0.612978

