50 0.25 1 0.109567 0.0012553 0.0277495 0.000555247 0.2295
50 0.5 1 0.139515 0.00153194 0.0380324 0.000659079 0.348689
50 0.75 1 0.143534 0.00168099 0.0379902 0.000750858 0.385329
100 0.25 1 0.0873405 0.00117321 0.0177195 0.000429325 0.225718
100 0.5 1 0.11418 0.00149426 0.0251839 0.000440689 0.356097
100 0.75 1 0.120044 0.00115745 0.0260882 0.000407595 0.396548
200 0.25 1 0.0725037 0.000832001 0.0118999 0.000244944 0.245425
200 0.5 1 0.09441 0.00115648 0.0172971 0.000302764 0.353132
400 0.25 1 0.0614871 0.000832213 0.00863458 0.000227393 0.238706
200 0.75 1 0.0983118 0.000970211 0.0178971 0.00028873 0.382767
400 0.5 1 0.0782073 0.000808983 0.0118324 0.000192356 0.355153
400 0.75 1 0.0841728 0.000761902 0.0128747 0.000193869 0.394277
50 0.125 1 0.0815457 0.00122124 0.0171024 0.000538495 0.142698
100 0.125 1 0.0606747 0.000802229 0.00958141 0.000235828 0.132452
50 0.375 1 0.126199 0.001884 0.0334794 0.000913733 0.299275
50 0.625 1 0.143048 0.0013999 0.038317 0.000635998 0.375821
200 0.125 1 0.0510359 0.000649062 0.00673268 0.000165525 0.138382
50 0.875 1 0.144107 0.0016402 0.0376661 0.00066593 0.395412
50 1 1 0.142927 0.00131341 0.0368012 0.000543447 0.399503
100 0.375 1 0.105492 0.00114272 0.0230799 0.000395286 0.308687
100 0.625 1 0.119009 0.0012146 0.026258 0.000427129 0.382013
400 0.125 1 0.0406529 0.000650813 0.00431429 0.000127269 0.129828
100 0.875 1 0.119757 0.00108045 0.025794 0.000373723 0.40049
100 1 1 0.116944 0.00112276 0.0247639 0.000380154 0.396412
200 0.375 1 0.0850114 0.00122344 0.0149346 0.000315702 0.31116
200 0.625 1 0.0976443 0.000972535 0.0179563 0.000321013 0.372229
200 0.875 1 0.0979794 0.00103458 0.017472 0.000337287 0.39333
200 1 1 0.0984281 0.000880073 0.0174384 0.000254846 0.400006
400 0.375 1 0.0717741 0.000772219 0.0106895 0.000186961 0.30833
400 0.875 1 0.082516 0.000999502 0.0124529 0.000252419 0.390363
400 1 1 0.0836121 0.000774701 0.0124052 0.000182976 0.40851539
50 0.125 0 0.215661 0.00240819 0.0995194 0.00179676 0.286747
50 0.375 0 0.39827 0.0023668 0.211818 0.00176819 0.554871
50 0.625 0 0.425001 0.00186156 0.215259 0.00146284 0.602755
50 0.875 0 0.419661 0.00176121 0.20526 0.00131248 0.611505
50 1 0 0.411456 0.00170725 0.197553 0.00139595 0.611031
50 0.25 0 0.339491 0.00268587 0.180527 0.00197685 0.477888
100 0.125 0 0.185932 0.00201219 0.0737009 0.00121518 0.28937
50 0.5 0 0.424286 0.00277081 0.22089 0.00188826 0.590986
100 0.25 0 0.289414 0.00248101 0.129659 0.00140714 0.484009
50 0.75 0 0.419076 0.00180916 0.207595 0.00134077 0.605987
200 0.125 0 0.158385 0.00173186 0.0528615 0.000893624 0.29759
100 0.375 0 0.337111 0.00195343 0.150621 0.00121705 0.558207
100 0.5 0 0.354643 0.00175949 0.155508 0.00113035 0.587857
100 0.625 0 0.358134 0.00169111 0.153296 0.00111774 0.601601
200 0.25 0 0.245588 0.00227325 0.0929741 0.00122646 0.486162
100 0.75 0 0.354104 0.00173756 0.147622 0.00105541 0.607562
400 0.125 0 0.133875 0.00171642 0.0371573 0.000760954 0.30893
100 0.875 0 0.351626 0.00179054 0.144611 0.00107324 0.610132
200 0.375 0 0.286042 0.00176048 0.10733 0.000935553 0.562739
100 1 0 0.347614 0.00149502 0.140914 0.000925412 0.611278
200 0.5 0 0.29897 0.0017138 0.11013 0.000885466 0.589294
200 0.625 0 0.302599 0.00141217 0.109309 0.000782609 0.602077
400 0.25 0 0.210144 0.00159144 0.0671965 0.000674728 0.492787
200 0.75 0 0.30243 0.00125822 0.106679 0.000668264 0.611214
200 0.875 0 0.296173 0.00145264 0.102818 0.000755462 0.609289
200 1 0 0.292656 0.0014874 0.0995816 0.000737693 0.612436
400 0.375 0 0.242891 0.00210325 0.0776168 0.000920871 0.561456
400 0.5 0 0.253901 0.00154286 0.0788962 0.000585867 0.592052
400 0.625 0 0.254844 0.00111635 0.077227 0.000503627 0.603632
400 0.75 0 0.25115 0.00107139 0.0744048 0.000473549 0.606799
400 0.875 0 0.252965 0.00112627 0.074379 0.000477704 0.612557
400 1 0 0.247955 0.00100456 0.0713842 0.000519461 0.612978
