50 0.25 1 0.109567 0.0012553 0.0277495 0.000555247 0.2295
50 0.5 1 0.139515 0.00153194 0.0380324 0.000659079 0.348689
50 0.75 1 0.143534 0.00168099 0.0379902 0.000750858 0.385329
100 0.25 1 0.0873405 0.00117321 0.0177195 0.000429325 0.225718
100 0.5 1 0.11418 0.00149426 0.0251839 0.000440689 0.356097
100 0.75 1 0.120044 0.00115745 0.0260882 0.000407595 0.396548
200 0.25 1 0.0725037 0.000832001 0.0118999 0.000244944 0.245425
200 0.5 1 0.09441 0.00115648 0.0172971 0.000302764 0.353132
400 0.25 1 0.0614871 0.000832213 0.00863458 0.000227393 0.238706
200 0.75 1 0.0983118 0.000970211 0.0178971 0.00028873 0.382767
400 0.5 1 0.0782073 0.000808983 0.0118324 0.000192356 0.355153
400 0.75 1 0.0841728 0.000761902 0.0128747 0.000193869 0.394277

