50 0.25 1 0.109567 0.0012553 0.0277495 0.000555247 0.2295
50 0.5 1 0.139515 0.00153194 0.0380324 0.000659079 0.348689
50 0.75 1 0.143534 0.00168099 0.0379902 0.000750858 0.385329
100 0.25 1 0.0873405 0.00117321 0.0177195 0.000429325 0.225718
100 0.5 1 0.11418 0.00149426 0.0251839 0.000440689 0.356097
100 0.75 1 0.120044 0.00115745 0.0260882 0.000407595 0.396548
200 0.25 1 0.0725037 0.000832001 0.0118999 0.000244944 0.245425
200 0.5 1 0.09441 0.00115648 0.0172971 0.000302764 0.353132
400 0.25 1 0.0614871 0.000832213 0.00863458 0.000227393 0.238706
200 0.75 1 0.0983118 0.000970211 0.0178971 0.00028873 0.382767
400 0.5 1 0.0782073 0.000808983 0.0118324 0.000192356 0.355153
400 0.75 1 0.0841728 0.000761902 0.0128747 0.000193869 0.394277
50 0.25 0 0.269794 0.00232804 0.127142 0.00158263 0.417757
50 0.5 0 0.312071 0.00246671 0.139531 0.00144705 0.522426
50 0.75 0 0.30228 0.00192382 0.126702 0.00121336 0.537786
100 0.25 0 0.228786 0.00271831 0.0901712 0.00164021 0.425766
100 0.5 0 0.259139 0.0017056 0.0962136 0.000915685 0.522416
100 0.75 0 0.251772 0.00191746 0.0872005 0.000947267 0.541453
200 0.25 0 0.192994 0.00203884 0.0637276 0.000870031 0.429682
200 0.5 0 0.216068 0.00150092 0.0668941 0.000782415 0.522377
200 0.75 0 0.20914 0.00132096 0.0605322 0.000567653 0.538694
400 0.25 0 0.159846 0.00153953 0.0442979 0.000623266 0.42209
400 0.5 0 0.179423 0.00121218 0.0468893 0.000458924 0.514494
400 0.75 0 0.173913 0.00115563 0.041985 0.000434542 0.53729
50 0.125 1 0.0815457 0.00122124 0.0171024 0.000538495 0.142698
100 0.125 1 0.0606747 0.000802229 0.00958141 0.000235828 0.132452
50 0.375 1 0.126199 0.001884 0.0334794 0.000913733 0.299275
50 0.625 1 0.143048 0.0013999 0.038317 0.000635998 0.375821
200 0.125 1 0.0510359 0.000649062 0.00673268 0.000165525 0.138382
50 0.875 1 0.144107 0.0016402 0.0376661 0.00066593 0.395412
50 1 1 0.142927 0.00131341 0.0368012 0.000543447 0.399503
100 0.375 1 0.105492 0.00114272 0.0230799 0.000395286 0.308687
100 0.625 1 0.119009 0.0012146 0.026258 0.000427129 0.382013
400 0.125 1 0.0406529 0.000650813 0.00431429 0.000127269 0.129828
100 0.875 1 0.119757 0.00108045 0.025794 0.000373723 0.40049
100 1 1 0.116944 0.00112276 0.0247639 0.000380154 0.396412
200 0.375 1 0.0850114 0.00122344 0.0149346 0.000315702 0.31116
200 0.625 1 0.0976443 0.000972535 0.0179563 0.000321013 0.372229
200 0.875 1 0.0979794 0.00103458 0.017472 0.000337287 0.39333
200 1 1 0.0984281 0.000880073 0.0174384 0.000254846 0.400006
400 0.375 1 0.0717741 0.000772219 0.0106895 0.000186961 0.30833
50 0.125 0 0.186671 0.00209459 0.0779224 0.00141602 0.254603
100 0.125 0 0.157553 0.00246471 0.0556535 0.0013641 0.252656
400 0.875 1 0.082516 0.000999502 0.0124529 0.000252419 0.390363
50 0.375 0 0.306929 0.00246824 0.144274 0.00157006 0.489506
400 1 1 0.0836121 0.000774701 0.0124052 0.000182976 0.408515
50 0.625 0 0.309631 0.00193101 0.133086 0.00122342 0.537276
50 0.875 0 0.29503 0.00182667 0.119362 0.00107987 0.542898
200 0.125 0 0.138076 0.00160793 0.0416447 0.000790918 0.271885
50 1 0 0.282105 0.00248446 0.109712 0.00146178 0.540473
100 0.375 0 0.252407 0.00223808 0.0976377 0.00125111 0.489148
100 0.625 0 0.257158 0.00168635 0.092137 0.000882294 0.535578
100 0.875 0 0.241129 0.00149352 0.0803038 0.000756384 0.539619
400 0.125 0 0.115992 0.00135229 0.0291328 0.00054279 0.278223
100 1 0 0.235886 0.00146909 0.0764822 0.000727056 0.541822
200 0.375 0 0.210602 0.00177422 0.0677472 0.000786694 0.490853
200 0.625 0 0.212774 0.0015139 0.0634906 0.000676086 0.532532
200 0.875 0 0.203951 0.00123954 0.0569551 0.000521102 0.543584
200 1 0 0.194608 0.00160798 0.0522831 0.000680163 0.539828
400 0.375 0 0.175237 0.00186896 0.0473773 0.000710261 0.48572
400 0.625 0 0.179448 0.00124737 0.0449707 0.000466895 0.53449
400 0.875 0 0.168815 0.00116641 0.0393397 0.000447343 0.539861
400 1 0 0.16214 0.00127037 0.0364498 0.000397798 0.537839
