50 0.25 0 0.269794 0.00232804 0.127142 0.00158263 0.417757
50 0.5 0 0.312071 0.00246671 0.139531 0.00144705 0.522426
50 0.75 0 0.30228 0.00192382 0.126702 0.00121336 0.537786
100 0.25 0 0.228786 0.00271831 0.0901712 0.00164021 0.425766
100 0.5 0 0.259139 0.0017056 0.0962136 0.000915685 0.522416
100 0.75 0 0.251772 0.00191746 0.0872005 0.000947267 0.541453
200 0.25 0 0.192994 0.00203884 0.0637276 0.000870031 0.429682
200 0.5 0 0.216068 0.00150092 0.0668941 0.000782415 0.522377
200 0.75 0 0.20914 0.00132096 0.0605322 0.000567653 0.538694
400 0.25 0 0.159846 0.00153953 0.0442979 0.000623266 0.42209
400 0.5 0 0.179423 0.00121218 0.0468893 0.000458924 0.514494
