100	0.79	0	0.268665	0.0000892841	0.389399	0.0000648396	0.336219	0.000113812
100	0.78	0	0.273556	0.0000710947	0.390956	0.000049461	0.329676	0.0000889418
100	0.77	0	0.278798	0.0000878531	0.392489	0.0000631972	0.322766	0.000101205
100	0.76	0	0.28393	0.0000851906	0.393886	0.0000579416	0.316118	0.0000939768
100	0.75	0	0.289298	0.0000748818	0.395289	0.0000577076	0.309217	0.000100521
100	0.74	0	0.294829	0.0000834927	0.396466	0.0000481154	0.302383	0.000103126
100	0.73	0	0.300397	0.0000825547	0.39747	0.0000591709	0.29569	0.000112774
100	0.72	0	0.30642	0.0000943032	0.398452	0.0000495283	0.288543	0.000103347
100	0.71	0	0.312208	0.0000810261	0.399308	0.0000524748	0.281779	0.0000908243
100	0.7	0	0.318364	0.0000833268	0.399884	0.0000534038	0.274912	0.00010822
100	0.69	0	0.324505	0.000102077	0.400397	0.0000584859	0.268132	0.000100944
100	0.68	0	0.330819	0.0000900887	0.40078	0.0000561364	0.261297	0.0000941017
100	0.67	0	0.337128	0.0000220818	0.401059	0.0000124472	0.254576	0.0000211994
100	0.668	0	0.33841	0.000020047	0.401116	0.0000121655	0.253208	0.0000201242
100	0.666	0	0.339745	0.0000231262	0.401115	0.0000120245	0.251848	0.0000253777
100	0.665	0	0.34034	0.0000899945	0.401107	0.0000569234	0.251253	0.0000956059
100	0.664	0	0.341043	0.000020574	0.401135	0.0000125963	0.250504	0.0000208443
100	0.662	0	0.342326	0.0000203814	0.401157	0.0000131278	0.249171	0.0000199069
100	0.66	0	0.343609	0.0000204018	0.401173	0.0000123063	0.247846	0.0000208124
100	0.658	0	0.344936	0.0000278799	0.401154	0.000014241	0.246509	0.0000266797
100	0.656	0	0.34624	0.0000207862	0.401166	0.0000142715	0.245166	0.0000224582
100	0.655	0	0.34687	0.0000870359	0.401139	0.000049262	0.244556	0.0000885785
100	0.654	0	0.347531	0.0000226206	0.401135	0.0000151734	0.243876	0.0000238114
100	0.652	0	0.348891	0.0000203193	0.401108	0.0000124575	0.24252	0.0000228736
100	0.65	0	0.350214	0.0000230524	0.401089	0.0000139461	0.241187	0.0000253618
100	0.64	0	0.356742	0.0000935874	0.400895	0.000097087	0.234709	0.0000970478
100	0.63	0	0.363712	0.0000979112	0.400475	0.0000714126	0.22803	0.0000921753
100	0.62	0	0.370472	0.00011208	0.399959	0.0000541794	0.221648	0.0000936772
100	0.61	0	0.377388	0.000126902	0.399327	0.0000588731	0.215219	0.000109851
100	0.6	0	0.383919	0.000138104	0.3986	0.0000800329	0.209273	0.000117419
250	0.78	0	0.211097	0.000111443	0.382114	0.0000768142	0.404921	0.000174614
250	0.77	0	0.217002	0.000126779	0.38525	0.0000701571	0.395834	0.000144712
250	0.76	0	0.222941	0.000160287	0.38823	0.0000732739	0.386856	0.000185042
250	0.75	0	0.229457	0.000158217	0.391261	0.0000653717	0.37725	0.000157391
250	0.74	0	0.236017	0.000116621	0.393902	0.000092186	0.367995	0.000162167
250	0.73	0	0.243157	0.000134731	0.396585	0.0000805765	0.358102	0.000160934
250	0.72	0	0.250174	0.000121624	0.398948	0.000064959	0.34867	0.000145055
250	0.71	0	0.257398	0.000142146	0.401098	0.0000761539	0.33923	0.000153887
250	0.7	0	0.265084	0.000114475	0.403009	0.0000692687	0.329568	0.000132088
250	0.69	0	0.272712	0.000153157	0.40478	0.0000674932	0.320094	0.000180378
250	0.68	0	0.280816	0.000146026	0.406344	0.0000840293	0.310362	0.000167523
250	0.67	0	0.288798	0.000157985	0.407561	0.0000673447	0.301095	0.000169397
250	0.66	0	0.296983	0.000139041	0.408642	0.0000639177	0.291764	0.000153697
250	0.65	0	0.305405	0.000138628	0.409347	0.0000978288	0.282561	0.0001421
250	0.64	0	0.313991	0.000152708	0.409784	0.0000674552	0.273474	0.000137009
250	0.635	0	0.318353	0.0000462575	0.410013	0.0000154491	0.268849	0.0000384188
250	0.633	0	0.319977	0.0000339779	0.410067	0.0000167859	0.267158	0.000032123
250	0.631	0	0.321698	0.0000310493	0.410091	0.0000182696	0.2654	0.0000312182
250	0.63	0	0.322679	0.000153353	0.410121	0.0000950709	0.264381	0.000231799
250	0.629	0	0.323384	0.0000323302	0.410171	0.0000202081	0.263619	0.0000309511
250	0.627	0	0.325061	0.0000355883	0.410196	0.0000152656	0.261905	0.0000312733
250	0.625	0	0.326795	0.000032258	0.410223	0.0000211017	0.260129	0.0000315902
250	0.623	0	0.328525	0.0000325533	0.410192	0.000016613	0.258415	0.0000310002
250	0.621	0	0.330334	0.0000312347	0.410189	0.0000157022	0.256594	0.0000295712
250	0.62	0	0.331388	0.000135946	0.410102	0.0000857356	0.255617	0.000131847
250	0.619	0	0.33198	0.000039193	0.410191	0.0000306292	0.254932	0.0000363679
250	0.617	0	0.333661	0.0000337714	0.410156	0.0000152966	0.253273	0.0000333095
250	0.615	0	0.335435	0.000034037	0.41013	0.000016266	0.251511	0.0000310567
250	0.61	0	0.339599	0.000136233	0.410068	0.0000678068	0.247377	0.000126691
250	0.6	0	0.348706	0.000138114	0.409511	0.0000754104	0.238757	0.000125493
250	0.59	0	0.356904	0.000151486	0.408935	0.0000623342	0.231068	0.000140122
250	0.58	0	0.365631	0.000135469	0.40807	0.0000644034	0.223141	0.000112693
250	0.57	0	0.374306	0.000136416	0.407036	0.0000865578	0.215425	0.000109178
250	0.56	0	0.382958	0.000144002	0.405753	0.0000799883	0.208003	0.000112804
250	0.55	0	0.39128	0.0001488	0.40442	0.0000765082	0.200941	0.000110162
250	0.54	0	0.399773	0.000142028	0.402868	0.0000809432	0.193936	0.000101583
250	0.53	0	0.407929	0.000131693	0.401202	0.0000711166	0.187383	0.000102532
250	0.52	0	0.416245	0.000147118	0.399204	0.0000753045	0.181	0.000116869
250	0.51	0	0.424649	0.000135477	0.397245	0.0000762753	0.1745	0.0000993666
250	0.5	0	0.432784	0.000132132	0.395058	0.0000746163	0.168483	0.0000979151
400	0.69	0	0.253736	0.000169472	0.405297	0.0000716687	0.339561	0.000190454
400	0.68	0	0.262817	0.000174776	0.407314	0.0000874657	0.328414	0.000215146
400	0.67	0	0.271569	0.000179562	0.408905	0.000074699	0.318023	0.000188429
400	0.66	0	0.280787	0.000172487	0.410294	0.000073358	0.307367	0.000199899
400	0.65	0	0.290115	0.000205992	0.411524	0.00007492	0.296765	0.000193079
400	0.64	0	0.299009	0.000167927	0.412208	0.0000727851	0.287138	0.0001699
400	0.63	0	0.308798	0.000177855	0.412662	0.0000890817	0.276841	0.000169123
400	0.625	0	0.313641	0.0000467038	0.412885	0.0000228487	0.271756	0.000045026
400	0.623	0	0.315531	0.0000487206	0.412965	0.0000258052	0.269775	0.0000454736
400	0.621	0	0.317369	0.0000475927	0.412971	0.000025246	0.267924	0.0000456152
400	0.62	0	0.31849	0.000230362	0.413	0.0000837712	0.266768	0.000264874
400	0.619	0	0.319259	0.000067441	0.412959	0.0000240595	0.266035	0.0000616813
400	0.617	0	0.321176	0.0000594708	0.412987	0.0000277239	0.264082	0.0000499122
400	0.615	0	0.32313	0.0000471474	0.41299	0.0000215263	0.262116	0.0000427515
400	0.613	0	0.325037	0.000049962	0.41298	0.0000213373	0.260207	0.0000423625
400	0.611	0	0.326918	0.0000518594	0.412948	0.0000241518	0.258349	0.0000447588
400	0.61	0	0.32762	0.000175504	0.41291	0.0000942429	0.257685	0.000172252
400	0.609	0	0.328848	0.0000499942	0.412907	0.0000236505	0.256452	0.0000487788
400	0.607	0	0.330704	0.0000488841	0.412847	0.0000289193	0.254644	0.0000587369
400	0.605	0	0.332643	0.0000568785	0.412813	0.0000228566	0.252732	0.0000478476
400	0.6	0	0.336916	0.000184247	0.412715	0.0000995166	0.248539	0.000164467
400	0.59	0	0.347033	0.000210873	0.412031	0.0000854449	0.239057	0.000169254
400	0.58	0	0.356127	0.000185076	0.411251	0.0000935346	0.230692	0.000149727
400	0.57	0	0.365317	0.000195974	0.410307	0.0000980793	0.222404	0.000166508
400	0.56	0	0.374539	0.000208294	0.409025	0.0000949153	0.214416	0.000160674
400	0.55	0	0.383525	0.000228749	0.407577	0.000107375	0.206837	0.000164286
400	0.54	0	0.392723	0.00017786	0.405752	0.0000912269	0.199423	0.000139348
400	0.53	0	0.401422	0.000172862	0.40415	0.0000926152	0.192279	0.000143901
400	0.52	0	0.410233	0.000237939	0.40229	0.000148551	0.18529	0.000157465
400	0.51	0	0.41898	0.000178859	0.40015	0.000093448	0.178645	0.000128238
400	0.5	0	0.426981	0.000189249	0.398266	0.000101619	0.172488	0.000151895
1000	0.63	0	0.291998	0.000122828	0.415713	0.0000478153	0.291649	0.000114882
1000	0.625	0	0.297714	0.0000875074	0.415921	0.0000369982	0.285714	0.000084436
1000	0.623	0	0.299714	0.0000844645	0.416026	0.0000428226	0.283605	0.0000821245
1000	0.621	0	0.301997	0.0000947179	0.416055	0.0000394308	0.281287	0.000107761
1000	0.619	0	0.304128	0.000106536	0.416084	0.0000524434	0.279123	0.0000944731
1000	0.617	0	0.306298	0.0000974314	0.416194	0.0000598229	0.27684	0.0000941465
1000	0.615	0	0.308486	0.0000889936	0.416205	0.0000475728	0.274635	0.0000829376
1000	0.613	0	0.310706	0.0000939102	0.41618	0.0000437713	0.272436	0.0000868668
1000	0.611	0	0.31278	0.0000948962	0.416145	0.000045653	0.270392	0.0000911664
1000	0.61	0	0.314008	0.000112967	0.416062	0.0000551406	0.269247	0.000106466
1000	0.609	0	0.315014	0.0000926333	0.416179	0.0000408603	0.26812	0.0000877401
1000	0.607	0	0.317226	0.0000978873	0.416139	0.0000443283	0.265942	0.0000855406
1000	0.605	0	0.319243	0.0000980091	0.416059	0.0000421845	0.264002	0.000096099
2500	0.63	0	0.282907	0.000381883	0.417022	0.00014151	0.299823	0.000384713
2500	0.615	0	0.301554	0.000286444	0.417645	0.000124963	0.280539	0.000260257
2500	0.61	0	0.30716	0.000366315	0.417653	0.000139931	0.274919	0.00032791
2500	0.605	0	0.313345	0.000314504	0.417383	0.000127093	0.268998	0.000314827
3600	0.63	0	0.281668	0.000472534	0.41714	0.000231782	0.301021	0.000514801
3600	0.625	0	0.287318	0.000307605	0.417392	0.000133096	0.295116	0.000325419
3600	0.623	0	0.291019	0.000323033	0.417672	0.000132173	0.291133	0.000318628
3600	0.621	0	0.29256	0.000308549	0.417899	0.000206323	0.289365	0.000299452
3600	0.619	0	0.295178	0.000304235	0.417709	0.000127202	0.286934	0.000301638
3600	0.617	0	0.297433	0.000297613	0.417851	0.00015307	0.284535	0.000290495
3600	0.615	0	0.300367	0.000301973	0.417634	0.000162325	0.281818	0.000309653
3600	0.613	0	0.302626	0.000329593	0.417793	0.000159791	0.279399	0.000336976
3600	0.611	0	0.305454	0.000315718	0.417594	0.000150131	0.276768	0.000312693
3600	0.61	0	0.306626	0.000602985	0.41781	0.000218158	0.275379	0.000608939
3600	0.609	0	0.307021	0.000318026	0.417793	0.00013721	0.275001	0.000284173
3600	0.607	0	0.309893	0.000340362	0.417969	0.000158243	0.271951	0.000308085
3600	0.605	0	0.311801	0.000313737	0.417776	0.000162203	0.270234	0.000308585
4900	0.615	0	0.299066	0.000513744	0.417872	0.000228759	0.28293	0.000500557
4900	0.613	0	0.301377	0.000497537	0.41798	0.000254022	0.28051	0.000565887
4900	0.611	0	0.304281	0.000702732	0.41775	0.000233577	0.277834	0.000576657
4900	0.61	0	0.304458	0.000834316	0.41828	0.000335325	0.277127	0.000772074
4900	0.609	0	0.306209	0.000429996	0.418547	0.000203856	0.275109	0.000404569
4900	0.607	0	0.30936	0.000507336	0.418162	0.000218577	0.272342	0.000470003
4900	0.605	0	0.311448	0.00060211	0.417602	0.000256556	0.270812	0.000507733
4900	0.603	0	0.31293	0.000410816	0.418163	0.000212832	0.268768	0.000400809
4900	0.601	0	0.315278	0.000500599	0.41816	0.000208609	0.266422	0.000487611
4900	0.599	0	0.317946	0.000413987	0.417889	0.000223808	0.264023	0.00043077
4900	0.597	0	0.320861	0.000475497	0.417509	0.000220275	0.261487	0.000575514
4900	0.595	0	0.323055	0.000641619	0.417547	0.000245655	0.259255	0.000516592
4900	0.59	0	0.329558	0.000754628	0.417159	0.000441474	0.253138	0.000666555