250 0.5 0 1405 42 215.559 0.251574 183.421 0.256393 32.138 0.0328608 0.460215 0.000519878 0.432784 0.000132132 0.395058 7.46163e-05 0.168483 9.79151e-05 12320000000 
400 0.5 0 2755 54 415.795 0.749518 354.772 0.753754 61.0235 0.0888701 0.467617 0.000801331 0.426981 0.000189249 0.398266 0.000101619 0.172488 0.000151895 12430000000 
250 0.51 0 1358 38 209.682 0.222876 178.245 0.222693 31.4369 0.0314402 0.457581 0.000501274 0.424649 0.000135477 0.397245 7.62753e-05 0.1745 9.93666e-05 12130000000 
400 0.51 0 2669 54 404.879 0.746711 345.377 0.753949 59.5021 0.0864474 0.466304 0.000873112 0.41898 0.000178859 0.40015 9.3448e-05 0.178645 0.000128238 11880000000 
250 0.52 0 1307 41 203.23 0.256255 172.459 0.255392 30.7713 0.0281165 0.453157 0.000553515 0.416245 0.000147118 0.399204 7.53045e-05 0.181 0.000116869 12610000000 
400 0.52 0 2563 53 391.266 0.789728 333.362 0.807352 57.9036 0.0885698 0.462844 0.000854445 0.410233 0.000237939 0.40229 0.000148551 0.18529 0.000157465 12130000000 
250 0.53 0 1266 40 197.676 0.2303 167.509 0.238241 30.1674 0.0274803 0.449981 0.000563115 0.407929 0.000131693 0.401202 7.11166e-05 0.187383 0.000102532 12140000000 
400 0.53 0 2463 52 378.508 0.667365 321.989 0.681326 56.5187 0.083261 0.459244 0.000837817 0.401422 0.000172862 0.40415 9.26152e-05 0.192279 0.000143901 12000000000 
250 0.54 0 1217 36 191.995 0.206501 162.415 0.207163 29.5809 0.0302442 0.445622 0.000499331 0.399773 0.000142028 0.402868 8.09432e-05 0.193936 0.000101583 12350000000 
400 0.54 0 2360 51 365.571 0.65345 310.494 0.653225 55.0765 0.0797798 0.455486 0.000795591 0.392723 0.00017786 0.405752 9.12269e-05 0.199423 0.000139348 11960000000 
250 0.55 0 1167 35 185.863 0.249035 156.9 0.250376 28.9636 0.0260493 0.441059 0.000555285 0.39128 0.0001488 0.40442 7.65082e-05 0.200941 0.000110162 12240000000 
400 0.55 0 2258 51 352.114 0.730466 298.508 0.738218 53.6057 0.0822285 0.450811 0.000942098 0.383525 0.000228749 0.407577 0.000107375 0.206837 0.000164286 11600000000 
250 0.56 0 1124 39 180.401 0.224517 152.051 0.222167 28.3505 0.0258218 0.437127 0.000518372 0.382958 0.000144002 0.405753 7.99883e-05 0.208003 0.000112804 12610000000 
400 0.56 0 2159 47 339.732 0.728676 287.582 0.748631 52.1496 0.0840993 0.446861 0.00100428 0.374539 0.000208294 0.409025 9.49153e-05 0.214416 0.000160674 11730000000 
250 0.57 0 1078 37 174.486 0.200164 146.745 0.201945 27.7417 0.0272514 0.432269 0.000580832 0.374306 0.000136416 0.407036 8.65578e-05 0.215425 0.000109178 12200000000 
400 0.57 0 2055 47 326.637 0.736483 275.88 0.735466 50.7572 0.0757491 0.441847 0.000868853 0.365317 0.000195974 0.410307 9.80793e-05 0.222404 0.000166508 11480000000 
250 0.58 0 1034 37 168.702 0.186894 141.636 0.188329 27.0653 0.0311977 0.428143 0.000509346 0.365631 0.000135469 0.40807 6.44034e-05 0.223141 0.000112693 12630000000 
400 0.58 0 1951 46 312.931 0.699155 263.662 0.706282 49.2688 0.0751435 0.435788 0.000948421 0.356127 0.000185076 0.411251 9.35346e-05 0.230692 0.000149727 11870000000 
250 0.59 0 987 32 162.933 0.198275 136.44 0.197531 26.4933 0.0227333 0.422093 0.000522402 0.356904 0.000151486 0.408935 6.23342e-05 0.231068 0.000140122 12320000000 
400 0.59 0 1853 47 301.265 0.765871 253.164 0.805434 48.1004 0.0749801 0.430146 0.0011737 0.347033 0.000210873 0.412031 8.54449e-05 0.239057 0.000169254 11470000000 
4900 0.59 0 64668 3426 9572.77 431.037 8296.91 436.541 1275.86 39.8282 0.497117 0.0215693 0.328414 0.000854686 0.417083 0.000404931 0.254359 0.0007607 9010000000 
4900 0.595 0 59455 2800 9045.88 301.208 7722.72 300.985 1323.15 44.0136 0.462116 0.0150374 0.321906 0.00109552 0.417171 0.000525153 0.260779 0.0010537 8970000000 
100 0.6 0 280 21 49.6438 0.0261151 41.2383 0.0265282 8.40549 0.00378985 0.405973 0.000267485 0.383919 0.000138104 0.3986 8.00329e-05 0.209273 0.000117419 10130000000 
250 0.6 0 945 34 157.779 0.216539 131.849 0.217119 25.9308 0.0305991 0.418024 0.0005809 0.348706 0.000138114 0.409511 7.54104e-05 0.238757 0.000125493 12130000000 
400 0.6 0 1758 42 288.012 0.614312 241.629 0.616057 46.3834 0.0658017 0.425883 0.000915484 0.336916 0.000184247 0.412715 9.95166e-05 0.248539 0.000164467 11370000000 
1000 0.605 0 5864 82 936.431 2.75397 789.602 2.75107 146.829 0.295466 0.438067 0.00120847 0.319075 0.000152528 0.416068 6.63879e-05 0.26416 0.000138924 46330000000 
2500 0.605 0 20890 319 3244.6 36.1592 2759.27 35.2086 485.327 3.6135 0.456103 0.00420945 0.313226 0.000661635 0.417092 0.000272226 0.26941 0.000541301 22000000000 
3600 0.605 0 35543 1057 5441.79 102.837 4639.36 106.683 802.43 14.2711 0.467826 0.00966857 0.311746 0.000598551 0.417726 0.000305823 0.270339 0.000563856 12910000000 
4900 0.605 0 52790 2536 8223.49 374.09 6992.29 363.194 1231.2 36.8829 0.449403 0.0155098 0.309121 0.00125986 0.418357 0.000646352 0.272385 0.00113287 8760000000 
1000 0.61 0 5633 86 907.402 2.61819 763.74 2.63501 143.662 0.357029 0.433252 0.00141539 0.313861 0.000173849 0.41617 7.20737e-05 0.269284 0.000175149 46140000000 
100 0.61 0 280 20 48.5909 0.0263737 40.2808 0.0292397 8.31016 0.00517615 0.401818 0.000378653 0.377388 0.000126902 0.399327 5.88731e-05 0.215219 0.000109851 10150000000 
2500 0.61 0 20477 369 3186.26 36.2369 2714.22 36.0398 472.034 3.54662 0.458977 0.00427045 0.307694 0.000456409 0.417651 0.00020302 0.274387 0.000399742 22260000000 
250 0.61 0 895 33 151.794 0.209058 126.449 0.213034 25.3444 0.0259114 0.41102 0.000608927 0.339599 0.000136233 0.410068 6.78068e-05 0.247377 0.000126691 11710000000 
3600 0.61 0 34229 973 5299.03 118.693 4525.87 118.364 773.156 14.0939 0.46499 0.00914854 0.305662 0.000628827 0.417915 0.000314019 0.27624 0.00067984 12730000000 
400 0.61 0 1659 44 275.554 0.644073 230.341 0.642751 45.2123 0.0686854 0.418374 0.000899713 0.32762 0.000175504 0.41291 9.42429e-05 0.257685 0.000172252 11190000000 
4900 0.61 0 48762 1540 7803.4 206.384 6593.74 202.565 1209.67 26.885 0.447156 0.0133184 0.305601 0.000988584 0.417168 0.000397793 0.277095 0.000806157 8550000000 
1000 0.615 0 5411 76 877.298 2.33107 737.562 2.35508 139.736 0.368269 0.430366 0.00128527 0.308525 0.000154401 0.416224 6.6653e-05 0.274577 0.000147334 44150000000 
2500 0.615 0 19298 344 3002.31 37.6101 2545.51 36.7651 456.8 3.78861 0.450208 0.00458835 0.301149 0.00038845 0.417502 0.000243357 0.281087 0.00042177 21690000000 
3600 0.615 0 32003 825 4940.86 106.553 4207.67 109.63 733.19 10.8204 0.457059 0.00868964 0.299916 0.000587459 0.418015 0.00029088 0.281889 0.000554297 12600000000 
400 0.615 0 1607 43 269.497 0.687364 225.038 0.671823 44.4584 0.067965 0.415722 0.000897515 0.322656 0.000213515 0.413053 9.27726e-05 0.262528 0.0002005 11590000000 
100 0.62 0 270 16 47.5321 0.0264988 39.3188 0.0263003 8.21329 0.00394022 0.397494 0.000251638 0.370472 0.00011208 0.399959 5.41794e-05 0.221648 9.36772e-05 10520000000 
250 0.62 0 857 34 146.631 0.176892 121.803 0.177589 24.8279 0.0212813 0.405317 0.000539254 0.331388 0.000135946 0.410102 8.57356e-05 0.255617 0.000131847 11860000000 
400 0.62 0 1558 43 263.288 0.571698 219.38 0.573103 43.9079 0.079887 0.41163 0.00100806 0.31849 0.000230362 0.413 8.37712e-05 0.266768 0.000264874 11590000000 
250 0.625 0 834 33 143.893 0.166756 119.354 0.167006 24.5388 0.0262868 0.402111 0.000514966 0.326934 0.000201421 0.410191 6.28738e-05 0.260023 0.000186844 12110000000 
400 0.625 0 1515 41 257.534 0.593509 214.241 0.596317 43.293 0.0578085 0.407498 0.00083685 0.313495 0.000190134 0.413023 7.84843e-05 0.271768 0.000209903 11220000000 
1000 0.63 0 4713 73 786.87 2.29402 656.681 2.27438 130.189 0.25061 0.414754 0.00119289 0.291777 0.000156076 0.415752 7.68542e-05 0.29183 0.000161807 42610000000 
100 0.63 0 261 16 46.4747 0.0246799 38.3612 0.0251275 8.11349 0.0039064 0.393082 0.000285234 0.363712 9.79112e-05 0.400475 7.14126e-05 0.22803 9.21753e-05 10210000000 
2500 0.63 0 16145 292 2603.04 31.0349 2193.5 31.1294 409.538 3.00151 0.43381 0.00472101 0.28349 0.000377078 0.416686 0.000158431 0.299576 0.000371219 21250000000 
250 0.63 0 815 33 141.276 0.179095 116.989 0.178444 24.2871 0.0225696 0.39886 0.000549484 0.322679 0.000153353 0.410121 9.50709e-05 0.264381 0.000231799 11520000000 
3600 0.63 0 27959 860 4409.96 109.441 3757.91 108.758 652.049 14.3258 0.453957 0.0092064 0.282222 0.000793986 0.416923 0.000298445 0.300685 0.000803937 12560000000 
400 0.63 0 1466 41 251.264 0.50413 208.658 0.503742 42.6056 0.0586452 0.404236 0.000863945 0.308798 0.000177855 0.412662 8.90817e-05 0.276841 0.000169123 11180000000 
250 0.635 0 790 31 138.517 0.177559 114.497 0.182369 24.0201 0.0203231 0.395279 0.0005745 0.31839 0.000136863 0.410081 6.27953e-05 0.268742 0.000130356 11850000000 
100 0.64 0 255 17 45.3844 0.0249027 37.3616 0.0259948 8.02284 0.003397 0.388036 0.000321531 0.356742 9.35874e-05 0.400895 9.7087e-05 0.234709 9.70478e-05 10460000000 
250 0.64 0 774 30 135.932 0.202696 112.213 0.188833 23.7191 0.0319855 0.39251 0.000634624 0.313991 0.000152708 0.409784 6.74552e-05 0.273474 0.000137009 11780000000 
400 0.64 0 1371 39 238.948 0.623063 197.567 0.631244 41.3815 0.0554444 0.395446 0.00110862 0.299009 0.000167927 0.412208 7.27851e-05 0.287138 0.0001699 11350000000 
100 0.65 0 240 16 44.3959 0.0234072 36.4648 0.0238146 7.93104 0.00357413 0.383667 0.000261927 0.350219 9.47769e-05 0.401122 5.89546e-05 0.241146 9.38143e-05 10370000000 
250 0.65 0 731 32 130.83 0.155935 107.566 0.15523 23.2634 0.0210439 0.384858 0.000537003 0.305405 0.000138628 0.409347 9.78288e-05 0.282561 0.0001421 11630000000 
400 0.65 0 1288 36 228.689 0.619976 188.256 0.608493 40.4331 0.0567006 0.386885 0.00107519 0.290115 0.000205992 0.411524 7.492e-05 0.296765 0.000193079 11170000000 
100 0.655 0 234 16 43.878 0.0221884 35.9952 0.0221341 7.88274 0.00301613 0.381407 0.000229874 0.34687 8.70359e-05 0.401139 4.9262e-05 0.244556 8.85785e-05 12780000000 
100 0.66 0 233 19 43.3528 0.0251757 35.5041 0.0248726 7.84871 0.00404399 0.378131 0.000282658 0.343502 0.00010407 0.401296 5.6441e-05 0.247833 9.94905e-05 10430000000 
250 0.66 0 691 28 126.011 0.160252 103.233 0.157177 22.7774 0.0205292 0.378271 0.000545347 0.296983 0.000139041 0.408642 6.39177e-05 0.291764 0.000153697 11610000000 
400 0.66 0 1205 35 217.681 0.583822 178.459 0.574111 39.2221 0.0565984 0.379255 0.000902462 0.280787 0.000172487 0.410294 7.3358e-05 0.307367 0.000199899 11430000000 
100 0.665 0 234 15 42.9032 0.0214429 35.1017 0.0210415 7.80153 0.00300764 0.376507 0.000233961 0.34034 8.99945e-05 0.401107 5.69234e-05 0.251253 9.56059e-05 12580000000 
100 0.67 0 224 19 42.4262 0.0216695 34.6678 0.0220795 7.75838 0.00351239 0.374146 0.00027586 0.337168 9.14206e-05 0.400992 6.25045e-05 0.254602 0.000100147 10220000000 
250 0.67 0 659 27 121.662 0.263706 99.381 0.266642 22.2814 0.0186184 0.372631 0.000976068 0.288798 0.000157985 0.407561 6.73447e-05 0.301095 0.000169397 11810000000 
400 0.67 0 1120 34 207.098 0.471587 168.87 0.481839 38.2289 0.0624833 0.369618 0.00101357 0.271569 0.000179562 0.408905 7.4699e-05 0.318023 0.000188429 11090000000 
100 0.68 0 214 17 41.4571 0.0237862 33.7798 0.0227763 7.67737 0.00342768 0.369001 0.000245135 0.330819 9.00887e-05 0.40078 5.61364e-05 0.261297 9.41017e-05 10270000000 
250 0.68 0 621 27 116.774 0.137928 94.8761 0.147581 21.898 0.019379 0.363184 0.000559393 0.280816 0.000146026 0.406344 8.40293e-05 0.310362 0.000167523 12270000000 
400 0.68 0 1047 34 197.84 0.45379 160.609 0.459185 37.2308 0.0526322 0.361937 0.00119196 0.262817 0.000174776 0.407314 8.74657e-05 0.328414 0.000215146 11540000000 
100 0.69 0 210 16 40.5022 0.0256696 32.8954 0.0269482 7.60672 0.00370601 0.363507 0.000322054 0.324505 0.000102077 0.400397 5.84859e-05 0.268132 0.000100944 10130000000 
250 0.69 0 585 27 112.52 0.174335 91.0717 0.166779 21.4482 0.0174192 0.356882 0.000572029 0.272712 0.000153157 0.40478 6.74932e-05 0.320094 0.000180378 11750000000 
400 0.69 0 972 33 187.871 0.434135 151.613 0.449694 36.2578 0.0628156 0.351762 0.00118197 0.253736 0.000169472 0.405297 7.16687e-05 0.339561 0.000190454 11180000000 
100 0.7 0 204 18 39.624 0.0185702 32.1014 0.0196775 7.52263 0.0029878 0.359027 0.000247821 0.318364 8.33268e-05 0.399884 5.34038e-05 0.274912 0.00010822 12050000000 
250 0.7 0 557 22 108.488 0.134172 87.4035 0.136802 21.0841 0.0172748 0.348997 0.000607212 0.265084 0.000114475 0.403009 6.92687e-05 0.329568 0.000132088 11920000000 
100 0.71 0 188 18 38.7598 0.0181481 31.3093 0.0187326 7.45052 0.00267543 0.354085 0.000241151 0.312208 8.10261e-05 0.399308 5.24748e-05 0.281779 9.08243e-05 11920000000 
250 0.71 0 524 26 104.256 0.261511 83.5248 0.260762 20.7308 0.015087 0.340039 0.000875498 0.257398 0.000142146 0.401098 7.61539e-05 0.33923 0.000153887 11530000000 
100 0.72 0 180 17 37.9351 0.0226915 30.5527 0.0228975 7.38245 0.0027052 0.349175 0.000275213 0.30642 9.43032e-05 0.398452 4.95283e-05 0.288543 0.000103347 12410000000 
250 0.72 0 496 22 100.921 0.122486 80.5615 0.125219 20.359 0.0149852 0.334424 0.000562267 0.250174 0.000121624 0.398948 6.4959e-05 0.34867 0.000145055 11910000000 
100 0.73 0 180 14 37.0765 0.0179737 29.7649 0.0184666 7.31159 0.00268721 0.343871 0.000244345 0.300397 8.25547e-05 0.39747 5.91709e-05 0.29569 0.000112774 12340000000 
250 0.73 0 471 24 97.5569 0.137969 77.4854 0.143966 20.0716 0.0160215 0.326324 0.000629374 0.243157 0.000134731 0.396585 8.05765e-05 0.358102 0.000160934 11630000000 
100 0.74 0 171 16 36.3255 0.0185046 29.0759 0.0190745 7.24962 0.00265273 0.339152 0.000264278 0.294829 8.34927e-05 0.396466 4.81154e-05 0.302383 0.000103126 12950000000 
250 0.74 0 442 23 94.129 0.110865 74.382 0.113405 19.747 0.0145845 0.318849 0.000563212 0.236017 0.000116621 0.393902 9.2186e-05 0.367995 0.000162167 11650000000 
100 0.75 0 162 16 35.5512 0.0162359 28.3656 0.0165012 7.18558 0.00256543 0.334192 0.000222155 0.289298 7.48818e-05 0.395289 5.77076e-05 0.309217 0.000100521 12450000000 
250 0.75 0 422 23 91.1293 0.153953 71.6558 0.156338 19.4735 0.0169989 0.311524 0.000829937 0.229457 0.000158217 0.391261 6.53717e-05 0.37725 0.000157391 11520000000 
100 0.76 0 162 14 34.8213 0.01774 27.6944 0.016836 7.12695 0.00249882 0.329291 0.000221337 0.28393 8.51906e-05 0.393886 5.79416e-05 0.316118 9.39768e-05 12630000000 
250 0.76 0 397 22 88.1027 0.124702 68.8871 0.113733 19.2156 0.016533 0.303729 0.000634042 0.222941 0.000160287 0.38823 7.32739e-05 0.386856 0.000185042 11750000000 
100 0.77 0 162 13 34.1309 0.0163026 27.0589 0.0167323 7.07204 0.00287177 0.324336 0.000229798 0.278798 8.78531e-05 0.392489 6.31972e-05 0.322766 0.000101205 12340000000 
250 0.77 0 377 21 85.5457 0.0987848 66.5737 0.105315 18.972 0.0150275 0.297168 0.000626804 0.217002 0.000126779 0.38525 7.01571e-05 0.395834 0.000144712 11610000000 
100 0.78 0 144 15 33.4296 0.0142699 26.4127 0.0148478 7.01686 0.00302431 0.319315 0.000267877 0.273556 7.10947e-05 0.390956 4.9461e-05 0.329676 8.89418e-05 12850000000 
250 0.78 0 363 19 83.1412 0.0955209 64.4042 0.0987153 18.737 0.013371 0.290985 0.000570095 0.211097 0.000111443 0.382114 7.68142e-05 0.404921 0.000174614 12030000000 
100 0.79 0 144 12 32.7888 0.0178725 25.8169 0.0182009 6.97192 0.00249369 0.314139 0.000274081 0.268665 8.92841e-05 0.389399 6.48396e-05 0.336219 0.000113812 12480000000 
250 0.79 0 339 21 80.5407 0.0881298 62.0006 0.0916415 18.5401 0.0129805 0.282588 0.000561139 0.205207 9.90234e-05 0.378684 8.33806e-05 0.414301 0.000150474 11640000000 
