1000 0.82 0 6118 90 942.581 3.79255 799.715 3.79738 142.866 0.771849 0.447615 0.00192117 0.302176 0.000359656 0.389461 0.000151705 0.307612 0.000389778 164400000000 
2500 0.82 0 21089 266 3196.89 26.0869 2726.35 26.3306 470.532 2.92107 0.462295 0.00361878 0.290595 0.000429913 0.388761 0.000135956 0.320349 0.000470113 151100000000 
3600 0.82 0 35966 1514 5471.21 293.149 4707.88 286.749 763.33 8.53452 0.466409 0.00501521 0.288134 0.000737431 0.388349 0.000200528 0.323316 0.000809382 142900000000 
4900 0.82 0 55394 1645 8358.43 242.885 7168.02 242.567 1190.41 17.9717 0.470471 0.00694451 0.286035 0.000700053 0.388228 0.000301772 0.325589 0.000789881 134400000000 
1000 0.83 0 4861 79 778.979 3.42857 653.322 3.2234 125.657 0.585006 0.418558 0.00192382 0.272474 0.000496233 0.384799 0.000200375 0.342029 0.000582278 159500000000 
2500 0.83 0 14462 225 2316.13 22.9341 1940.4 22.2469 375.729 2.23823 0.41929 0.00325053 0.251647 0.000592523 0.38162 0.000170039 0.366469 0.000633426 148500000000 
3600 0.83 0 23433 589 3709.83 92.3828 3134.36 92.1189 575.465 7.49478 0.427872 0.00518338 0.245584 0.000986995 0.380565 0.000330031 0.373669 0.00124187 137700000000 
4900 0.83 0 39160 6193 6202.43 974.072 5364.58 971.749 837.847 13.4879 0.428053 0.00760297 0.242123 0.00131527 0.380087 0.000449129 0.377658 0.0012741 129700000000 
1000 0.84 0 3698 66 624.978 2.94236 515.254 2.67717 109.724 0.482357 0.380353 0.00200352 0.240838 0.000383996 0.377765 0.000192968 0.380764 0.000497272 171400000000 
2500 0.84 0 8745 216 1528.3 27.7391 1246.06 27.3296 282.244 1.79958 0.349496 0.0042104 0.204962 0.000612981 0.369562 0.00022761 0.42525 0.000801915 153600000000 
3600 0.84 0 10894 317 2034.24 63.3325 1635.67 63.0624 398.566 3.26549 0.323826 0.00587111 0.191174 0.000805371 0.366167 0.00026959 0.442513 0.00104177 133300000000 
4900 0.84 0 28439 13629 5045.36 2335.35 4509.83 2332.77 535.531 6.64697 0.314982 0.0132428 0.182165 0.0016194 0.362748 0.000712947 0.454985 0.00169261 121000000000 
1000 0.85 0 2736 56 494.754 2.52204 398.53 2.57129 96.2236 0.325706 0.336438 0.00231756 0.210237 0.000348227 0.368374 0.000209664 0.420813 0.000484192 163200000000 
2500 0.85 0 4749 104 986.8 10.0939 755.935 9.77353 230.865 0.997134 0.264914 0.00340928 0.16641 0.000448054 0.355322 0.000193232 0.478083 0.000598678 133100000000 
3600 0.85 0 5658 144 1266.75 16.574 943.362 17.196 323.392 2.10636 0.234655 0.00517384 0.151996 0.000676618 0.350656 0.000236399 0.497231 0.000858203 115300000000 
4900 0.85 0 6243 169 1538.82 19.5537 1104.72 19.8312 434.098 5.09894 0.195228 0.00621915 0.14001 0.000475141 0.346495 0.000241688 0.513417 0.000689929 105000000000 