0 1
0 2
1 2
1 3
2 3
2 4
1 4
0 4
-1 4
-1 5
0 5
1 5
1 6
2 6
2 5
3 5
3 4
4 4
5 4
5 5
5 6
5 7
6 7
6 6
7 6
7 5
8 5
8 6
9 6
9 7
8 7
7 7
7 8
7 9
8 9
8 8
9 8
10 8
11 8
12 8
12 7
11 7
11 6
12 6
13 6
13 5
13 4
12 4
12 3
12 2
11 2
11 1
12 1
13 1
13 2
13 3
14 3
14 4
14 5
15 5
16 5
17 5
17 4
18 4
19 4
19 3
20 3
20 4
20 5
19 5
19 6
19 7
19 8
18 8
18 9
17 9
17 8
17 7
17 6
16 6
15 6
14 6
14 7
15 7
15 8
14 8
14 9
14 10
14 11
15 11
15 12
16 12
16 11
16 10
17 10
18 10
19 10
19 9
20 9
20 8
20 7
20 6
21 6
21 7
21 8
21 9
21 10
20 10
20 11
21 11
21 12
20 12
19 12
19 11
18 11
17 11
17 12
18 12
18 13
17 13
17 14
17 15
18 15
18 14
19 14
19 13
20 13
21 13
21 14
21 15
21 16
21 17
20 17
20 18
21 18
22 18
22 17
22 16
22 15
23 15
23 14
23 13
22 13
22 12
22 11
22 10
22 9
22 8
23 8
23 7
22 7
22 6
22 5
22 4
21 4
21 3
21 2
22 2
22 3
23 3
23 4
23 5
23 6
24 6
24 7
25 7
25 6
25 5
25 4
26 4
26 3
25 3
24 3
24 2
24 1
24 0
23 0
23 1
22 1
21 1
21 0
20 0
19 0
18 0
18 -1
19 -1
20 -1
21 -1
21 -2
21 -3
21 -4
21 -5
22 -5
22 -4
22 -3
23 -3
24 -3
25 -3
26 -3
26 -4
25 -4
24 -4
24 -5
23 -5
23 -6
24 -6
24 -7
24 -8
24 -9
25 -9
25 -8
26 -8
27 -8
27 -7
26 -7
26 -6
27 -6
28 -6
29 -6
29 -7
29 -8
29 -9
28 -9
27 -9
27 -10
26 -10
25 -10
25 -11
26 -11
26 -12
26 -13
27 -13
27 -12
27 -11
28 -11
28 -10
29 -10
30 -10
30 -9
30 -8
31 -8
32 -8
33 -8
34 -8
34 -9
33 -9
33 -10
34 -10
35 -10
35 -9
36 -9
37 -9
37 -8
37 -7
36 -7
36 -8
35 -8
35 -7
34 -7
34 -6
34 -5
35 -5
35 -4
34 -4
34 -3
35 -3
35 -2
34 -2
34 -1
34 0
34 1
33 1
32 1
31 1
31 0
31 -1
31 -2
31 -3
31 -4
32 -4
32 -3
33 -3
33 -4
33 -5
32 -5
32 -6
33 -6
33 -7
32 -7
31 -7
30 -7
30 -6
31 -6
31 -5
30 -5
30 -4
30 -3
29 -3
29 -2
30 -2
30 -1
29 -1
28 -1
28 0
28 1
29 1
29 2
29 3
30 3
30 4
31 4
31 5
32 5
32 6
33 6
34 6
34 7
34 8
35 8
35 9
35 10
36 10
36 9
36 8
36 7
35 7
35 6
35 5
35 4
36 4
36 5
36 6
37 6
37 7
38 7
38 6
38 5
39 5
39 6
40 6
41 6
41 5
40 5
40 4
41 4
42 4
42 5
42 6
42 7
43 7
44 7
45 7
45 6
46 6
46 7
46 8
45 8
44 8
43 8
42 8
41 8
40 8
40 9
39 9
39 8
38 8
37 8
37 9
38 9
38 10
38 11
38 12
39 12
39 11
39 10
40 10
40 11
40 12
40 13
40 14
41 14
41 13
41 12
41 11
42 11
43 11
44 11
44 10
43 10
43 9
44 9
45 9
46 9
46 10
45 10
45 11
46 11
46 12
47 12
47 11
47 10
48 10
48 9
47 9
47 8
47 7
47 6
47 5
48 5
49 5
49 6
50 6
50 7
49 7
49 8
50 8
51 8
52 8
52 7
53 7
53 8
53 9
53 10
52 10
52 9
51 9
50 9
49 9
49 10
49 11
49 12
48 12
48 13
48 14
48 15
49 15
49 16
48 16
47 16
46 16
46 17
47 17
48 17
49 17
49 18
48 18
47 18
46 18
45 18
45 19
44 19
43 19
43 20
43 21
44 21
44 20
45 20
45 21
45 22
46 22
46 21
46 20
47 20
47 19
48 19
49 19
50 19
51 19
51 18
52 18
52 17
52 16
53 16
53 15
54 15
54 16
55 16
55 17
55 18
54 18
54 19
55 19
55 20
55 21
56 21
56 20
56 19
57 19
57 20
57 21
57 22
57 23
58 23
58 22
58 21
58 20
59 20
60 20
60 21
61 21
62 21
63 21
63 22
62 22
62 23
62 24
61 24
61 25
62 25
63 25
63 24
63 23
64 23
64 24
65 24
66 24
66 23
65 23
65 22
64 22
64 21
65 21
65 20
65 19
66 19
66 18
65 18
65 17
64 17
63 17
63 16
63 15
64 15
64 16
65 16
65 15
66 15
66 16
66 17
67 17
67 16
68 16
69 16
69 15
69 14
68 14
68 13
69 13
70 13
70 14
71 14
71 15
70 15
70 16
70 17
69 17
68 17
68 18
68 19
69 19
69 18
70 18
70 19
70 20
69 20
68 20
68 21
69 21
69 22
69 23
69 24
68 24
68 23
68 22
67 22
67 23
67 24
67 25
66 25
66 26
65 26
65 25
64 25
64 26
63 26
63 27
64 27
65 27
66 27
66 28
66 29
65 29
65 28
64 28
64 29
64 30
63 30
62 30
62 31
63 31
64 31
64 32
64 33
65 33
65 34
66 34
66 33
66 32
65 32
65 31
65 30
66 30
67 30
68 30
69 30
69 29
70 29
71 29
72 29
72 28
72 27
72 26
73 26
73 25
72 25
72 24
73 24
74 24
74 25
75 25
75 24
76 24
76 25
77 25
77 26
78 26
78 27
77 27
76 27
76 26
75 26
74 26
74 27
75 27
75 28
76 28
76 29
75 29
75 30
75 31
75 32
76 32
76 33
76 34
77 34
77 35
77 36
77 37
78 37
78 36
79 36
80 36
81 36
81 35
81 34
80 34
80 35
79 35
78 35
78 34
79 34
79 33
80 33
80 32
80 31
81 31
81 30
80 30
79 30
79 29
80 29
81 29
82 29
82 30
82 31
83 31
84 31
85 31
86 31
86 32
86 33
85 33
84 33
84 32
83 32
82 32
81 32
81 33
82 33
82 34
82 35
83 35
83 36
84 36
84 37
85 37
85 36
85 35
84 35
84 34
85 34
86 34
86 35
87 35
88 35
88 34
89 34
89 33
90 33
91 33
92 33
92 34
91 34
91 35
92 35
93 35
93 36
94 36
95 36
96 36
96 35
96 34
95 34
94 34
93 34
93 33
93 32
92 32
91 32
91 31
92 31
93 31
93 30
92 30
92 29
91 29
90 29
90 28
91 28
91 27
91 26
90 26
90 25
90 24
91 24
92 24
92 25
93 25
93 24
93 23
93 22
92 22
92 23
91 23
91 22
91 21
92 21
93 21
93 20
93 19
92 19
92 20
91 20
91 19
90 19
90 20
90 21
90 22
90 23
89 23
89 22
89 21
89 20
89 19
88 19
88 20
88 21
88 22
87 22
87 21
87 20
87 19
86 19
86 20
85 20
84 20
84 19
83 19
83 18
83 17
83 16
82 16
82 15
82 14
81 14
80 14
80 13
80 12
79 12
79 13
79 14
79 15
80 15
81 15
81 16
81 17
80 17
80 16
79 16
79 17
79 18
78 18
78 17
77 17
76 17
75 17
74 17
74 18
73 18
72 18
71 18
71 17
71 16
72 16
73 16
74 16
75 16
75 15
75 14
75 13
76 13
76 14
77 14
78 14
78 13
78 12
77 12
76 12
76 11
76 10
75 10
75 9
74 9
74 8
73 8
73 7
72 7
71 7
70 7
70 8
71 8
71 9
72 9
73 9
73 10
72 10
72 11
72 12
73 12
73 13
73 14
73 15
72 15
72 14
72 13
71 13
71 12
70 12
69 12
68 12
68 11
67 11
66 11
66 12
67 12
67 13
66 13
65 13
65 14
64 14
63 14
62 14
62 15
62 16
62 17
61 17
61 16
60 16
59 16
58 16
58 17
58 18
57 18
56 18
56 17
57 17
57 16
56 16
56 15
57 15
58 15
59 15
60 15
61 15
61 14
61 13
62 13
63 13
64 13
64 12
64 11
63 11
62 11
62 10
63 10
64 10
64 9
63 9
62 9
61 9
61 10
60 10
59 10
58 10
57 10
57 9
56 9
55 9
54 9
54 8
54 7
54 6
55 6
55 7
55 8
56 8
56 7
56 6
56 5
55 5
54 5
54 4
55 4
56 4
57 4
57 5
58 5
58 4
59 4
59 3
58 3
57 3
57 2
58 2
59 2
59 1
60 1
60 2
61 2
61 3
62 3
62 2
62 1
61 1
61 0
60 0
59 0
59 -1
60 -1
61 -1
61 -2
60 -2
60 -3
60 -4
60 -5
61 -5
62 -5
63 -5
63 -6
62 -6
61 -6
60 -6
60 -7
61 -7
62 -7
63 -7
63 -8
62 -8
61 -8
60 -8
59 -8
59 -9
60 -9
61 -9
61 -10
61 -11
61 -12
61 -13
61 -14
61 -15
60 -15
59 -15
59 -16
60 -16
61 -16
62 -16
62 -15
62 -14
62 -13
62 -12
63 -12
64 -12
64 -11
64 -10
63 -10
63 -9
64 -9
65 -9
66 -9
67 -9
67 -10
68 -10
68 -11
67 -11
67 -12
66 -12
66 -11
65 -11
65 -12
65 -13
66 -13
66 -14
66 -15
67 -15
67 -16
68 -16
69 -16
69 -15
69 -14
70 -14
71 -14
71 -15
70 -15
70 -16
71 -16
72 -16
72 -15
73 -15
74 -15
74 -14
75 -14
75 -13
76 -13
76 -14
77 -14
78 -14
78 -15
78 -16
77 -16
76 -16
76 -15
75 -15
75 -16
74 -16
73 -16
73 -17
72 -17
71 -17
70 -17
70 -18
71 -18
72 -18
72 -19
71 -19
70 -19
70 -20
69 -20
68 -20
68 -21
67 -21
67 -20
67 -19
68 -19
68 -18
69 -18
69 -17
68 -17
67 -17
66 -17
66 -18
65 -18
64 -18
63 -18
62 -18
61 -18
61 -19
62 -19
63 -19
64 -19
65 -19
66 -19
66 -20
65 -20
64 -20
64 -21
65 -21
65 -22
66 -22
66 -23
65 -23
65 -24
66 -24
66 -25
65 -25
64 -25
64 -24
64 -23
64 -22
63 -22
63 -23
62 -23
61 -23
60 -23
60 -22
60 -21
59 -21
58 -21
57 -21
56 -21
56 -22
56 -23
57 -23
57 -24
56 -24
55 -24
55 -23
54 -23
54 -24
53 -24
52 -24
52 -23
51 -23
51 -24
50 -24
50 -25
51 -25
52 -25
52 -26
51 -26
50 -26
49 -26
49 -27
50 -27
50 -28
49 -28
48 -28
48 -27
47 -27
47 -28
47 -29
48 -29
49 -29
50 -29
50 -30
50 -31
51 -31
51 -30
51 -29
52 -29
52 -28
51 -28
51 -27
52 -27
53 -27
54 -27
54 -26
53 -26
53 -25
54 -25
55 -25
55 -26
55 -27
56 -27
56 -26
56 -25
57 -25
57 -26
57 -27
57 -28
56 -28
56 -29
55 -29
55 -28
54 -28
53 -28
53 -29
54 -29
54 -30
55 -30
56 -30
56 -31
55 -31
54 -31
53 -31
52 -31
52 -32
52 -33
53 -33
54 -33
54 -32
55 -32
56 -32
56 -33
56 -34
56 -35
55 -35
55 -36
54 -36
54 -37
55 -37
55 -38
56 -38
56 -39
55 -39
55 -40
54 -40
54 -39
54 -38
53 -38
52 -38
51 -38
51 -39
50 -39
50 -40
49 -40
49 -41
50 -41
50 -42
50 -43
49 -43
49 -44
48 -44
48 -45
49 -45
49 -46
49 -47
50 -47
50 -48
51 -48
51 -49
50 -49
49 -49
49 -48
48 -48
48 -49
48 -50
49 -50
49 -51
48 -51
48 -52
47 -52
47 -51
47 -50
46 -50
46 -51
46 -52
45 -52
44 -52
43 -52
42 -52
41 -52
40 -52
40 -51
41 -51
41 -50
41 -49
40 -49
40 -50
39 -50
39 -49
38 -49
38 -50
38 -51
39 -51
39 -52
38 -52
37 -52
36 -52
35 -52
35 -51
35 -50
36 -50
36 -51
37 -51
37 -50
37 -49
36 -49
35 -49
35 -48
36 -48
37 -48
38 -48
38 -47
39 -47
39 -48
40 -48
41 -48
42 -48
42 -49
43 -49
44 -49
44 -50
43 -50
42 -50
42 -51
43 -51
44 -51
45 -51
45 -50
45 -49
46 -49
46 -48
46 -47
45 -47
45 -46
44 -46
43 -46
43 -47
42 -47
41 -47
41 -46
41 -45
42 -45
43 -45
43 -44
42 -44
41 -44
41 -43
40 -43
40 -42
40 -41
41 -41
41 -42
42 -42
42 -43
43 -43
43 -42
44 -42
44 -43
44 -44
44 -45
45 -45
46 -45
47 -45
47 -44
47 -43
48 -43
48 -42
47 -42
47 -41
46 -41
46 -40
45 -40
45 -41
44 -41
43 -41
43 -40
42 -40
42 -39
43 -39
43 -38
42 -38
41 -38
40 -38
39 -38
39 -39
39 -40
38 -40
38 -39
37 -39
37 -38
38 -38
38 -37
37 -37
36 -37
35 -37
34 -37
34 -38
34 -39
35 -39
36 -39
36 -40
36 -41
37 -41
38 -41
39 -41
39 -42
39 -43
39 -44
40 -44
40 -45
40 -46
39 -46
38 -46
37 -46
37 -45
37 -44
37 -43
38 -43
38 -42
37 -42
36 -42
35 -42
34 -42
34 -41
35 -41
35 -40
34 -40
33 -40
32 -40
32 -41
32 -42
33 -42
33 -43
32 -43
31 -43
30 -43
29 -43
29 -44
28 -44
28 -45
28 -46
29 -46
29 -47
29 -48
28 -48
28 -49
29 -49
29 -50
29 -51
30 -51
31 -51
31 -52
31 -53
31 -54
32 -54
32 -55
32 -56
31 -56
30 -56
29 -56
29 -57
28 -57
28 -56
27 -56
27 -55
27 -54
28 -54
28 -55
29 -55
29 -54
29 -53
28 -53
27 -53
27 -52
26 -52
26 -53
26 -54
25 -54
24 -54
24 -53
25 -53
25 -52
25 -51
25 -50
25 -49
24 -49
24 -50
24 -51
24 -52
23 -52
22 -52
21 -52
21 -53
21 -54
20 -54
20 -55
21 -55
22 -55
22 -54
22 -53
23 -53
23 -54
23 -55
24 -55
24 -56
25 -56
25 -57
24 -57
24 -58
25 -58
26 -58
26 -59
26 -60
25 -60
25 -59
24 -59
24 -60
23 -60
23 -59
22 -59
22 -58
23 -58
23 -57
23 -56
22 -56
22 -57
21 -57
21 -58
20 -58
20 -57
20 -56
19 -56
18 -56
17 -56
17 -57
17 -58
17 -59
16 -59
16 -60
15 -60
15 -59
14 -59
13 -59
12 -59
12 -60
12 -61
12 -62
11 -62
10 -62
10 -63
11 -63
11 -64
10 -64
9 -64
9 -63
8 -63
7 -63
7 -64
6 -64
6 -65
7 -65
7 -66
6 -66
5 -66
5 -67
4 -67
4 -66
3 -66
2 -66
2 -67
3 -67
3 -68
3 -69
2 -69
2 -68
1 -68
1 -69
0 -69
-1 -69
-1 -68
0 -68
0 -67
-1 -67
-1 -66
0 -66
1 -66
1 -65
2 -65
3 -65
4 -65
5 -65
5 -64
4 -64
3 -64
3 -63
3 -62
2 -62
2 -63
2 -64
1 -64
0 -64
0 -63
0 -62
-1 -62
-1 -63
-2 -63
-3 -63
-4 -63
-4 -62
-3 -62
-2 -62
-2 -61
-3 -61
-4 -61
-5 -61
-5 -62
-6 -62
-6 -61
-6 -60
-5 -60
-5 -59
-5 -58
-6 -58
-6 -59
-7 -59
-8 -59
-8 -58
-9 -58
-9 -57
-8 -57
-7 -57
-7 -56
-8 -56
-9 -56
-9 -55
-10 -55
-10 -54
-9 -54
-8 -54
-8 -55
-7 -55
-7 -54
-7 -53
-6 -53
-6 -54
-6 -55
-5 -55
-4 -55
-3 -55
-3 -56
-3 -57
-3 -58
-2 -58
-2 -57
-2 -56
-1 -56
0 -56
0 -57
-1 -57
-1 -58
-1 -59
0 -59
0 -58
1 -58
1 -57
1 -56
1 -55
0 -55
0 -54
0 -53
1 -53
1 -54
2 -54
2 -55
3 -55
4 -55
5 -55
6 -55
7 -55
8 -55
9 -55
9 -54
10 -54
11 -54
11 -53
12 -53
12 -52
12 -51
13 -51
13 -52
13 -53
14 -53
14 -52
14 -51
14 -50
13 -50
12 -50
12 -49
13 -49
13 -48
13 -47
14 -47
14 -48
14 -49
15 -49
15 -48
15 -47
15 -46
14 -46
13 -46
12 -46
12 -45
11 -45
10 -45
10 -44
9 -44
8 -44
7 -44
7 -43
7 -42
8 -42
9 -42
9 -41
8 -41
8 -40
9 -40
10 -40
11 -40
12 -40
12 -41
11 -41
10 -41
10 -42
11 -42
12 -42
13 -42
13 -43
12 -43
12 -44
13 -44
14 -44
14 -43
15 -43
16 -43
16 -44
15 -44
15 -45
16 -45
16 -46
17 -46
17 -45
17 -44
17 -43
18 -43
19 -43
19 -42
20 -42
21 -42
21 -41
20 -41
20 -40
20 -39
21 -39
21 -38
20 -38
20 -37
21 -37
21 -36
22 -36
22 -35
21 -35
20 -35
20 -36
19 -36
19 -35
18 -35
17 -35
17 -36
18 -36
18 -37
17 -37
17 -38
18 -38
19 -38
19 -39
19 -40
19 -41
18 -41
18 -42
17 -42
16 -42
16 -41
15 -41
15 -42
14 -42
14 -41
14 -40
13 -40
13 -39
12 -39
11 -39
10 -39
9 -39
8 -39
7 -39
6 -39
6 -38
6 -37
6 -36
6 -35
6 -34
6 -33
5 -33
5 -34
5 -35
5 -36
5 -37
5 -38
4 -38
3 -38
2 -38
2 -39
2 -40
3 -40
3 -39
4 -39
5 -39
5 -40
6 -40
7 -40
7 -41
6 -41
6 -42
5 -42
4 -42
4 -43
5 -43
6 -43
6 -44
6 -45
7 -45
8 -45
8 -46
7 -46
7 -47
8 -47
9 -47
9 -48
8 -48
7 -48
7 -49
6 -49
5 -49
5 -50
5 -51
6 -51
7 -51
8 -51
8 -50
9 -50
10 -50
11 -50
11 -51
11 -52
10 -52
10 -51
9 -51
9 -52
8 -52
7 -52
6 -52
6 -53
6 -54
5 -54
4 -54
4 -53
5 -53
5 -52
4 -52
4 -51
4 -50
4 -49
4 -48
4 -47
3 -47
3 -46
3 -45
3 -44
2 -44
1 -44
0 -44
0 -43
0 -42
-1 -42
-1 -41
-1 -40
0 -40
0 -39
0 -38
0 -37
0 -36
1 -36
1 -37
2 -37
3 -37
4 -37
4 -36
3 -36
2 -36
2 -35
1 -35
0 -35
0 -34
1 -34
1 -33
2 -33
3 -33
4 -33
4 -32
3 -32
2 -32
1 -32
1 -31
0 -31
0 -32
-1 -32
-1 -31
-1 -30
-2 -30
-3 -30
-3 -29
-2 -29
-2 -28
-3 -28
-4 -28
-4 -27
-5 -27
-5 -26
-5 -25
-5 -24
-4 -24
-3 -24
-3 -23
-4 -23
-4 -22
-5 -22
-6 -22
-7 -22
-7 -21
-7 -20
-7 -19
-8 -19
-9 -19
-9 -20
-9 -21
-10 -21
-11 -21
-12 -21
-12 -22
-12 -23
-11 -23
-10 -23
-10 -22
-9 -22
-9 -23
-8 -23
-7 -23
-6 -23
-6 -24
-6 -25
-7 -25
-8 -25
-9 -25
-9 -24
-10 -24
-11 -24
-12 -24
-12 -25
-13 -25
-13 -24
-13 -23
-14 -23
-14 -22
-14 -21
-15 -21
-15 -20
-16 -20
-16 -21
-17 -21
-17 -22
-16 -22
-15 -22
-15 -23
-15 -24
-15 -25
-16 -25
-17 -25
-17 -26
-16 -26
-15 -26
-14 -26
-13 -26
-13 -27
-14 -27
-14 -28
-14 -29
-13 -29
-13 -28
-12 -28
-12 -29
-12 -30
-13 -30
-13 -31
-14 -31
-14 -30
-15 -30
-15 -31
-15 -32
-15 -33
-14 -33
-14 -32
-13 -32
-12 -32
-11 -32
-11 -33
-11 -34
-12 -34
-12 -33
-13 -33
-13 -34
-13 -35
-12 -35
-11 -35
-10 -35
-9 -35
-9 -36
-10 -36
-11 -36
-12 -36
-13 -36
-13 -37
-14 -37
-14 -36
-14 -35
-15 -35
-15 -36
-15 -37
-16 -37
-16 -38
-15 -38
-15 -39
-15 -40
-14 -40
-14 -41
-15 -41
-15 -42
-14 -42
-14 -43
-13 -43
-13 -42
-12 -42
-12 -41
-13 -41
-13 -40
-12 -40
-11 -40
-11 -41
-11 -42
-11 -43
-11 -44
-12 -44
-13 -44
-14 -44
-15 -44
-15 -43
-16 -43
-16 -42
-16 -41
-17 -41
-17 -40
-16 -40
-16 -39
-17 -39
-17 -38
-18 -38
-19 -38
-19 -37
-18 -37
-17 -37
-17 -36
-16 -36
-16 -35
-17 -35
-17 -34
-16 -34
-16 -33
-17 -33
-17 -32
-16 -32
-16 -31
-17 -31
-18 -31
-18 -30
-17 -30
-16 -30
-16 -29
-17 -29
-18 -29
-18 -28
-17 -28
-17 -27
-18 -27
-19 -27
-20 -27
-20 -28
-19 -28
-19 -29
-19 -30
-20 -30
-21 -30
-21 -31
-20 -31
-19 -31
-19 -32
-20 -32
-20 -33
-20 -34
-21 -34
-21 -35
-20 -35
-19 -35
-19 -34
-19 -33
-18 -33
-18 -34
-18 -35
-18 -36
-19 -36
-20 -36
-21 -36
-22 -36
-22 -35
-23 -35
-24 -35
-24 -34
-24 -33
-25 -33
-25 -34
-25 -35
-25 -36
-24 -36
-23 -36
-23 -37
-23 -38
-24 -38
-25 -38
-25 -39
-25 -40
-25 -41
-24 -41
-23 -41
-22 -41
-22 -42
-23 -42
-24 -42
-24 -43
-25 -43
-25 -42
-26 -42
-26 -41
-26 -40
-27 -40
-27 -41
-27 -42
-27 -43
-28 -43
-28 -42
-28 -41
-28 -40
-28 -39
-29 -39
-29 -38
-28 -38
-28 -37
-29 -37
-29 -36
-28 -36
-27 -36
-27 -37
-27 -38
-27 -39
-26 -39
-26 -38
-26 -37
-26 -36
-26 -35
-26 -34
-27 -34
-27 -35
-28 -35
-28 -34
-28 -33
-27 -33
-26 -33
-26 -32
-27 -32
-28 -32
-28 -31
-28 -30
-29 -30
-29 -31
-30 -31
-30 -30
-31 -30
-32 -30
-32 -29
-31 -29
-31 -28
-30 -28
-30 -29
-29 -29
-28 -29
-28 -28
-27 -28
-26 -28
-26 -29
-25 -29
-25 -30
-26 -30
-27 -30
-27 -31
-26 -31
-25 -31
-25 -32
-24 -32
-24 -31
-24 -30
-23 -30
-23 -31
-22 -31
-22 -30
-22 -29
-21 -29
-21 -28
-21 -27
-22 -27
-23 -27
-23 -28
-23 -29
-24 -29
-24 -28
-24 -27
-25 -27
-25 -26
-24 -26
-24 -25
-24 -24
-24 -23
-24 -22
-23 -22
-23 -21
-23 -20
-22 -20
-21 -20
-21 -19
-22 -19
-23 -19
-23 -18
-24 -18
-24 -19
-25 -19
-25 -18
-26 -18
-26 -17
-26 -16
-26 -15
-26 -14
-27 -14
-28 -14
-28 -13
-29 -13
-29 -12
-29 -11
-28 -11
-28 -12
-27 -12
-27 -11
-26 -11
-25 -11
-24 -11
-24 -12
-23 -12
-23 -13
-23 -14
-23 -15
-24 -15
-24 -14
-25 -14
-25 -15
-25 -16
-24 -16
-23 -16
-23 -17
-22 -17
-22 -16
-21 -16
-21 -17
-20 -17
-20 -16
-19 -16
-19 -17
-19 -18
-20 -18
-20 -19
-19 -19
-18 -19
-17 -19
-17 -18
-18 -18
-18 -17
-17 -17
-17 -16
-18 -16
-18 -15
-19 -15
-19 -14
-19 -13
-20 -13
-20 -12
-19 -12
-18 -12
-18 -13
-17 -13
-17 -12
-17 -11
-17 -10
-16 -10
-15 -10
-15 -9
-14 -9
-13 -9
-12 -9
-12 -8
-13 -8
-14 -8
-15 -8
-15 -7
-14 -7
-14 -6
-13 -6
-13 -7
-12 -7
-11 -7
-10 -7
-10 -6
-9 -6
-9 -5
-9 -4
-8 -4
-8 -5
-8 -6
-7 -6
-6 -6
-6 -7
-6 -8
-6 -9
-7 -9
-8 -9
-8 -10
-7 -10
-6 -10
-5 -10
-5 -9
-5 -8
-5 -7
-4 -7
-4 -8
-4 -9
-4 -10
-3 -10
-2 -10
-2 -11
-2 -12
-1 -12
-1 -13
0 -13
0 -12
1 -12
1 -11
2 -11
2 -12
3 -12
3 -13
3 -14
4 -14
4 -15
3 -15
2 -15
1 -15
1 -16
0 -16
0 -17
0 -18
-1 -18
-2 -18
-3 -18
-3 -17
-2 -17
-2 -16
-3 -16
-4 -16
-5 -16
-5 -15
-6 -15
-6 -16
-7 -16
-7 -15
-7 -14
-7 -13
-6 -13
-6 -14
-5 -14
-4 -14
-4 -15
-3 -15
-2 -15
-1 -15
-1 -14
-2 -14
-3 -14
-3 -13
-4 -13
-5 -13
-5 -12
-4 -12
-3 -12
-3 -11
-4 -11
-5 -11
-6 -11
-7 -11
-7 -12
-8 -12
-8 -11
-9 -11
-9 -12
-10 -12
-10 -11
-10 -10
-9 -10
-9 -9
-10 -9
-11 -9
-11 -10
-12 -10
-13 -10
-13 -11
-14 -11
-14 -12
-14 -13
-14 -14
-14 -15
-13 -15
-12 -15
-12 -16
-13 -16
-13 -17
-12 -17
-11 -17
-11 -16
-11 -15
-10 -15
-9 -15
-9 -14
-9 -13
-8 -13
-8 -14
-8 -15
-8 -16
-9 -16
-10 -16
-10 -17
-9 -17
-8 -17
-8 -18
-9 -18
-10 -18
-10 -19
-10 -20
-11 -20
-12 -20
-12 -19
-13 -19
-14 -19
-14 -20
-13 -20
-13 -21
-13 -22
