-1 0
-1 -1
0 -1
0 -2
1 -2
1 -1
2 -1
2 -2
2 -3
2 -4
3 -4
4 -4
5 -4
5 -5
4 -5
4 -6
5 -6
5 -7
4 -7
3 -7
2 -7
2 -6
2 -5
1 -5
1 -4
1 -3
0 -3
0 -4
-1 -4
-2 -4
-2 -3
-3 -3
-3 -2
-3 -1
-3 0
-2 0
-2 1
-3 1
-4 1
-4 2
-5 2
-6 2
-6 3
-6 4
-7 4
-8 4
-8 5
-8 6
-7 6
-6 6
-5 6
-5 5
-5 4
-5 3
-4 3
-4 4
-4 5
-4 6
-3 6
-3 7
-4 7
-4 8
-4 9
-3 9
-2 9
-2 10
-2 11
-1 11
0 11
1 11
2 11
2 10
1 10
1 9
0 9
0 8
1 8
2 8
3 8
3 9
3 10
3 11
3 12
2 12
1 12
1 13
1 14
0 14
0 13
0 12
-1 12
-2 12
-3 12
-4 12
-5 12
-5 13
-6 13
-6 12
-7 12
-7 11
-6 11
-5 11
-4 11
-3 11
-3 10
-4 10
-5 10
-6 10
-7 10
-7 9
-7 8
-6 8
-6 9
-5 9
-5 8
-5 7
-6 7
-7 7
-8 7
-9 7
-9 8
-8 8
-8 9
-9 9
-9 10
-8 10
-8 11
-8 12
-9 12
-9 13
-8 13
-7 13
-7 14
-8 14
-8 15
-7 15
-6 15
-6 14
-5 14
-4 14
-3 14
-3 13
-2 13
-2 14
-2 15
-3 15
-4 15
-5 15
-5 16
-6 16
-7 16
-7 17
-6 17
-6 18
-7 18
-8 18
-9 18
-10 18
-10 19
-11 19
-11 18
-12 18
-12 19
-12 20
-11 20
-10 20
-10 21
-10 22
-11 22
-11 21
-12 21
-13 21
-13 20
-14 20
-14 19
-13 19
-13 18
-14 18
-15 18
-16 18
-16 19
-15 19
-15 20
-16 20
-16 21
-16 22
-17 22
-17 23
-18 23
-18 22
-18 21
-17 21
-17 20
-17 19
-17 18
-18 18
-18 17
-17 17
-17 16
-17 15
-18 15
-19 15
-19 16
-20 16
-20 17
-19 17
-19 18
-20 18
-21 18
-21 17
-22 17
-22 16
-23 16
-24 16
-24 17
-25 17
-25 16
-26 16
-26 17
-27 17
-27 16
-27 15
-26 15
-25 15
-25 14
-24 14
-24 15
-23 15
-23 14
-22 14
-22 13
-23 13
-24 13
-25 13
-25 12
-24 12
-23 12
-23 11
-24 11
-24 10
-24 9
-25 9
-25 10
-26 10
-26 11
-26 12
-26 13
-27 13
-27 14
-28 14
-28 15
-28 16
-28 17
-29 17
-29 18
-28 18
-27 18
-26 18
-25 18
-25 19
-25 20
-26 20
-26 19
-27 19
-28 19
-29 19
-29 20
-30 20
-31 20
-31 21
-31 22
-30 22
-30 23
-30 24
-31 24
-31 25
-30 25
-30 26
-31 26
-32 26
-32 27
-31 27
-30 27
-30 28
-30 29
-30 30
-29 30
-28 30
-28 29
-27 29
-27 28
-28 28
-29 28
-29 27
-28 27
-27 27
-27 26
-28 26
-28 25
-29 25
-29 24
-28 24
-27 24
-26 24
-26 23
-25 23
-25 22
-26 22
-27 22
-27 21
-26 21
-25 21
-24 21
-24 20
-23 20
-23 19
-24 19
-24 18
-23 18
-22 18
-22 19
-22 20
-22 21
-23 21
-23 22
-24 22
-24 23
-24 24
-25 24
-25 25
-24 25
-23 25
-23 24
-23 23
-22 23
-21 23
-21 24
-21 25
-20 25
-20 24
-20 23
-20 22
-21 22
-21 21
-20 21
-20 20
-21 20
-21 19
-20 19
-19 19
-19 20
-19 21
-19 22
-19 23
-19 24
-18 24
-17 24
-17 25
-17 26
-16 26
-16 25
-16 24
-16 23
-15 23
-14 23
-13 23
-13 22
-12 22
-12 23
-11 23
-11 24
-12 24
-12 25
-13 25
-13 26
-14 26
-14 27
-13 27
-12 27
-12 26
-11 26
-10 26
-10 25
-10 24
-9 24
-9 23
-9 22
-9 21
-8 21
-8 22
-7 22
-7 23
-8 23
-8 24
-8 25
-9 25
-9 26
-8 26
-8 27
-9 27
-9 28
-8 28
-7 28
-7 27
-7 26
-6 26
-5 26
-5 27
-4 27
-4 28
-4 29
-4 30
-3 30
-3 29
-3 28
-3 27
-3 26
-4 26
-4 25
-4 24
-4 23
-3 23
-3 24
-3 25
-2 25
-2 26
-2 27
-2 28
-1 28
-1 27
-1 26
-1 25
-1 24
-2 24
-2 23
-1 23
-1 22
-1 21
0 21
1 21
1 22
2 22
2 23
1 23
1 24
0 24
0 25
1 25
2 25
2 24
3 24
3 25
4 25
4 24
5 24
5 25
5 26
6 26
6 27
7 27
7 26
7 25
6 25
6 24
7 24
7 23
7 22
8 22
8 21
7 21
7 20
8 20
8 19
8 18
8 17
9 17
10 17
11 17
12 17
13 17
13 18
13 19
13 20
14 20
14 21
15 21
16 21
17 21
17 22
16 22
15 22
14 22
13 22
13 23
12 23
11 23
11 24
10 24
10 23
10 22
9 22
9 23
9 24
8 24
8 25
8 26
9 26
10 26
11 26
11 27
12 27
13 27
13 28
12 28
11 28
11 29
11 30
10 30
10 29
10 28
9 28
8 28
7 28
7 29
7 30
7 31
7 32
7 33
8 33
8 32
9 32
9 33
10 33
10 32
11 32
12 32
12 33
13 33
13 34
14 34
14 35
15 35
16 35
17 35
18 35
18 34
18 33
17 33
17 32
18 32
19 32
19 31
20 31
20 32
20 33
19 33
19 34
19 35
20 35
20 34
21 34
21 35
21 36
22 36
23 36
24 36
24 35
23 35
23 34
24 34
24 33
25 33
25 32
24 32
23 32
22 32
21 32
21 31
22 31
22 30
23 30
23 31
24 31
25 31
26 31
26 30
27 30
28 30
28 29
29 29
29 28
30 28
30 27
30 26
30 25
30 24
30 23
30 22
29 22
28 22
27 22
27 21
28 21
28 20
27 20
26 20
26 21
25 21
24 21
24 22
24 23
23 23
22 23
21 23
21 22
22 22
23 22
23 21
23 20
24 20
25 20
25 19
25 18
26 18
27 18
28 18
28 17
29 17
30 17
31 17
31 18
31 19
30 19
29 19
29 20
30 20
30 21
31 21
31 20
32 20
32 21
32 22
32 23
33 23
33 22
33 21
34 21
34 20
34 19
35 19
35 20
36 20
36 21
37 21
37 20
38 20
39 20
39 19
38 19
37 19
36 19
36 18
35 18
34 18
33 18
32 18
32 17
32 16
32 15
33 15
34 15
34 16
35 16
35 15
35 14
36 14
36 15
37 15
38 15
38 16
37 16
36 16
36 17
37 17
37 18
38 18
38 17
39 17
39 16
40 16
41 16
41 15
42 15
42 16
43 16
44 16
44 17
44 18
43 18
43 17
42 17
42 18
42 19
41 19
40 19
40 20
41 20
42 20
43 20
44 20
45 20
46 20
46 19
47 19
47 20
48 20
49 20
50 20
50 19
51 19
51 18
52 18
52 19
52 20
51 20
51 21
52 21
53 21
53 20
53 19
54 19
55 19
56 19
56 18
57 18
57 19
58 19
59 19
59 18
58 18
58 17
59 17
60 17
60 18
60 19
61 19
61 20
61 21
61 22
61 23
61 24
60 24
60 25
59 25
59 24
58 24
57 24
56 24
56 23
57 23
58 23
59 23
59 22
58 22
57 22
56 22
56 21
57 21
57 20
56 20
55 20
54 20
54 21
54 22
54 23
53 23
53 22
52 22
51 22
50 22
50 21
49 21
48 21
47 21
47 22
48 22
49 22
49 23
50 23
51 23
52 23
52 24
51 24
50 24
49 24
49 25
49 26
49 27
50 27
50 28
49 28
48 28
48 29
48 30
47 30
47 31
48 31
48 32
47 32
46 32
45 32
44 32
44 33
45 33
46 33
46 34
47 34
47 35
48 35
48 34
48 33
49 33
49 32
49 31
49 30
49 29
50 29
51 29
52 29
52 30
51 30
51 31
51 32
52 32
52 33
51 33
50 33
50 34
51 34
52 34
52 35
51 35
50 35
50 36
50 37
51 37
52 37
52 36
53 36
53 37
53 38
52 38
51 38
50 38
49 38
49 39
50 39
51 39
52 39
53 39
53 40
54 40
54 41
53 41
53 42
53 43
53 44
53 45
53 46
54 46
54 45
55 45
55 46
56 46
56 45
56 44
56 43
55 43
55 42
55 41
55 40
56 40
57 40
57 41
56 41
56 42
57 42
57 43
58 43
58 44
57 44
57 45
58 45
58 46
57 46
57 47
58 47
58 48
59 48
60 48
60 49
60 50
59 50
59 51
58 51
58 50
57 50
57 51
57 52
57 53
57 54
57 55
58 55
58 56
59 56
60 56
60 55
59 55
59 54
60 54
61 54
61 55
61 56
62 56
62 55
62 54
62 53
63 53
64 53
65 53
66 53
66 54
67 54
67 55
68 55
69 55
70 55
70 56
71 56
72 56
72 55
72 54
72 53
73 53
73 52
73 51
74 51
74 52
74 53
75 53
75 52
75 51
75 50
75 49
76 49
77 49
78 49
78 50
77 50
76 50
76 51
76 52
77 52
77 51
78 51
79 51
80 51
81 51
81 50
81 49
81 48
82 48
82 49
83 49
83 50
82 50
82 51
83 51
84 51
84 50
85 50
85 49
84 49
84 48
83 48
83 47
83 46
84 46
84 47
85 47
85 46
86 46
87 46
88 46
88 47
87 47
86 47
86 48
85 48
