0 -1
1 -1
2 -1
3 -1
3 -2
4 -2
4 -3
5 -3
5 -2
6 -2
6 -3
6 -4
6 -5
6 -6
6 -7
5 -7
5 -6
5 -5
5 -4
4 -4
4 -5
4 -6
4 -7
3 -7
3 -6
3 -5
2 -5
2 -6
1 -6
1 -5
1 -4
2 -4
3 -4
3 -3
2 -3
1 -3
0 -3
0 -2
-1 -2
-1 -1
-1 0
-2 0
-2 -1
-2 -2
-3 -2
-4 -2
-4 -1
-4 0
-5 0
-6 0
-6 -1
-6 -2
-6 -3
-6 -4
-5 -4
-4 -4
-3 -4
-2 -4
-2 -3
-1 -3
-1 -4
-1 -5
0 -5
0 -6
0 -7
1 -7
2 -7
2 -8
1 -8
1 -9
2 -9
2 -10
3 -10
4 -10
5 -10
5 -9
4 -9
3 -9
3 -8
4 -8
5 -8
6 -8
7 -8
8 -8
9 -8
9 -9
10 -9
10 -8
10 -7
9 -7
8 -7
8 -6
8 -5
7 -5
7 -4
7 -3
8 -3
9 -3
9 -4
9 -5
9 -6
10 -6
11 -6
11 -5
10 -5
10 -4
11 -4
11 -3
12 -3
12 -2
12 -1
12 0
12 1
11 1
11 0
11 -1
11 -2
10 -2
9 -2
8 -2
7 -2
7 -1
8 -1
9 -1
9 0
9 1
8 1
8 0
7 0
7 1
6 1
6 0
6 -1
5 -1
4 -1
4 0
5 0
5 1
4 1
3 1
3 0
2 0
1 0
1 1
2 1
2 2
2 3
1 3
1 2
0 2
0 3
0 4
-1 4
-1 3
-1 2
-1 1
-2 1
-3 1
-3 2
-2 2
-2 3
-2 4
-3 4
-3 5
-4 5
-4 4
-5 4
-5 5
-6 5
-7 5
-7 4
-8 4
-9 4
-9 3
-10 3
-10 4
-10 5
-9 5
-9 6
-10 6
-10 7
-11 7
-11 8
-12 8
-12 9
-13 9
-14 9
-14 10
-13 10
-13 11
-14 11
-14 12
-14 13
-15 13
-16 13
-16 12
-16 11
-17 11
-18 11
-19 11
-19 12
-18 12
-17 12
-17 13
-18 13
-18 14
-18 15
-19 15
-19 14
-19 13
-20 13
-21 13
-22 13
-22 14
-21 14
-20 14
-20 15
-20 16
-19 16
-19 17
-18 17
-18 18
-19 18
-19 19
-20 19
-21 19
-22 19
-23 19
-24 19
-24 20
-25 20
-26 20
-27 20
-27 19
-28 19
-28 20
-29 20
-29 21
-29 22
-30 22
-30 23
-30 24
-30 25
-30 26
-29 26
-29 25
-28 25
-28 24
-27 24
-27 23
-26 23
-25 23
-25 24
-26 24
-26 25
-27 25
-27 26
-27 27
-27 28
-28 28
-28 29
-29 29
-29 30
-28 30
-28 31
-27 31
-27 30
-26 30
-25 30
-25 31
-26 31
-26 32
-25 32
-25 33
-25 34
-26 34
-26 33
-27 33
-27 32
-28 32
-29 32
-29 33
-28 33
-28 34
-27 34
-27 35
-26 35
-26 36
-25 36
-24 36
-23 36
-23 37
-22 37
-22 38
-21 38
-20 38
-20 37
-19 37
-19 36
-18 36
-18 35
-18 34
-18 33
-19 33
-19 34
-19 35
-20 35
-21 35
-21 34
-20 34
-20 33
-20 32
-21 32
-21 33
-22 33
-22 34
-22 35
-23 35
-24 35
-24 34
-23 34
-23 33
-24 33
-24 32
-24 31
-23 31
-23 32
-22 32
-22 31
-21 31
-21 30
-20 30
-20 29
-20 28
-20 27
-19 27
-18 27
-18 28
-19 28
-19 29
-19 30
-18 30
-18 29
-17 29
-17 28
-17 27
-17 26
-16 26
-15 26
-15 25
-15 24
-15 23
-16 23
-16 22
-17 22
-17 21
-18 21
-18 22
-18 23
-18 24
-17 24
-16 24
-16 25
-17 25
-18 25
-18 26
-19 26
-19 25
-19 24
-19 23
-19 22
-19 21
-19 20
-18 20
-18 19
-17 19
-17 20
-16 20
-15 20
-14 20
-14 21
-15 21
-15 22
-14 22
-14 23
-13 23
-13 24
-13 25
-12 25
-11 25
-11 26
-10 26
-10 25
-10 24
-11 24
-12 24
-12 23
-11 23
-11 22
-12 22
-12 21
-11 21
-10 21
-10 20
-9 20
-9 19
-8 19
-8 18
-8 17
-8 16
-7 16
-7 15
-7 14
-7 13
-6 13
-6 12
-5 12
-5 13
-5 14
-4 14
-4 13
-4 12
-4 11
-5 11
-6 11
-6 10
-7 10
-7 9
-8 9
-8 8
-8 7
-7 7
-7 8
-6 8
-6 9
-5 9
-5 8
-4 8
-4 9
-4 10
-3 10
-3 9
-3 8
-2 8
-1 8
0 8
1 8
1 9
0 9
0 10
1 10
2 10
2 9
3 9
4 9
4 8
3 8
3 7
4 7
5 7
5 8
6 8
6 9
7 9
8 9
9 9
9 8
8 8
7 8
7 7
6 7
6 6
7 6
8 6
8 7
9 7
9 6
9 5
8 5
7 5
6 5
6 4
5 4
5 5
5 6
4 6
4 5
4 4
4 3
3 3
3 2
4 2
5 2
5 3
6 3
6 2
7 2
8 2
9 2
10 2
10 3
11 3
11 4
10 4
10 5
11 5
12 5
13 5
14 5
14 4
15 4
15 3
16 3
16 2
17 2
17 1
16 1
16 0
17 0
17 -1
18 -1
18 0
18 1
19 1
19 0
19 -1
19 -2
19 -3
20 -3
20 -4
20 -5
19 -5
18 -5
18 -6
17 -6
17 -5
16 -5
16 -6
16 -7
15 -7
15 -6
14 -6
14 -7
14 -8
14 -9
13 -9
12 -9
11 -9
11 -10
10 -10
9 -10
9 -11
9 -12
9 -13
9 -14
8 -14
8 -15
7 -15
7 -14
6 -14
5 -14
5 -13
6 -13
7 -13
8 -13
8 -12
8 -11
8 -10
8 -9
7 -9
7 -10
7 -11
7 -12
6 -12
6 -11
5 -11
4 -11
3 -11
3 -12
3 -13
2 -13
1 -13
0 -13
-1 -13
-1 -14
0 -14
1 -14
2 -14
2 -15
2 -16
3 -16
4 -16
4 -17
3 -17
2 -17
2 -18
1 -18
0 -18
0 -17
0 -16
-1 -16
-1 -17
-2 -17
-2 -16
-2 -15
-2 -14
-2 -13
-3 -13
-4 -13
-4 -12
-4 -11
-3 -11
-3 -10
-3 -9
-2 -9
-1 -9
-1 -10
-2 -10
-2 -11
-1 -11
-1 -12
0 -12
0 -11
0 -10
0 -9
0 -8
-1 -8
-2 -8
-3 -8
-3 -7
-2 -7
-1 -7
-1 -6
-2 -6
-2 -5
-3 -5
-3 -6
-4 -6
-4 -7
-5 -7
-5 -6
-5 -5
-6 -5
-6 -6
-7 -6
-8 -6
-8 -7
-8 -8
-8 -9
-7 -9
-7 -10
-8 -10
-8 -11
-8 -12
-9 -12
-10 -12
-11 -12
-11 -13
-10 -13
-10 -14
-11 -14
-11 -15
-11 -16
-10 -16
-10 -15
-9 -15
-8 -15
-7 -15
-7 -14
-7 -13
-6 -13
-5 -13
-5 -14
-4 -14
-4 -15
-3 -15
-3 -16
-3 -17
-4 -17
-5 -17
-5 -18
-6 -18
-6 -17
-7 -17
-7 -18
-8 -18
-9 -18
-9 -19
-10 -19
-10 -20
-9 -20
-8 -20
-7 -20
-6 -20
-6 -21
-7 -21
-8 -21
-9 -21
-9 -22
-10 -22
-11 -22
-11 -21
-12 -21
-13 -21
-13 -20
-13 -19
-13 -18
-12 -18
-12 -19
-12 -20
-11 -20
-11 -19
-11 -18
-10 -18
-10 -17
-11 -17
-12 -17
-12 -16
-13 -16
-14 -16
-14 -15
-15 -15
-15 -16
-16 -16
-16 -15
-16 -14
-15 -14
-14 -14
-13 -14
-13 -13
-14 -13
-14 -12
-13 -12
-12 -12
-12 -11
-13 -11
-13 -10
-13 -9
-14 -9
-15 -9
-15 -8
-15 -7
-15 -6
-15 -5
-16 -5
-17 -5
-17 -6
-16 -6
-16 -7
-17 -7
-17 -8
-18 -8
-18 -7
-18 -6
-18 -5
-18 -4
-18 -3
-18 -2
-19 -2
-20 -2
-20 -1
-19 -1
-18 -1
-17 -1
-17 -2
-17 -3
-17 -4
-16 -4
-15 -4
-15 -3
-16 -3
-16 -2
-15 -2
-14 -2
-14 -3
-14 -4
-14 -5
-14 -6
-14 -7
-14 -8
-13 -8
-12 -8
-12 -9
-12 -10
-11 -10
-11 -11
-10 -11
-9 -11
-9 -10
-9 -9
-9 -8
-9 -7
-9 -6
-10 -6
-10 -7
-11 -7
-12 -7
-13 -7
-13 -6
-13 -5
-12 -5
-12 -6
-11 -6
-11 -5
-11 -4
-10 -4
-10 -5
-9 -5
-9 -4
-8 -4
-7 -4
-7 -3
-8 -3
-9 -3
-9 -2
-10 -2
-10 -1
-11 -1
-12 -1
-12 -2
-12 -3
-12 -4
-13 -4
-13 -3
-13 -2
-13 -1
-13 0
-13 1
-13 2
-14 2
-14 3
-15 3
-15 4
-16 4
-16 5
-16 6
-16 7
-15 7
-14 7
-14 6
-15 6
-15 5
-14 5
-14 4
-13 4
-13 3
-12 3
-12 2
-12 1
-12 0
-11 0
-11 1
-10 1
-10 0
-9 0
-9 -1
-8 -1
-8 0
-8 1
-9 1
-9 2
-10 2
-11 2
-11 3
-11 4
-12 4
-12 5
-13 5
-13 6
-13 7
-13 8
-14 8
-15 8
-16 8
-16 9
-16 10
-17 10
-18 10
-18 9
-18 8
-19 8
-19 9
-19 10
-20 10
-20 9
-20 8
-20 7
-19 7
-18 7
-18 6
-17 6
-17 5
-18 5
-19 5
-19 6
-20 6
-21 6
-22 6
-22 5
-21 5
-21 4
-20 4
-20 3
-21 3
-21 2
-22 2
-22 3
-23 3
-23 2
-24 2
-24 1
-25 1
-26 1
-26 2
-25 2
-25 3
-25 4
-26 4
-27 4
-28 4
-28 5
-28 6
-28 7
-27 7
-27 8
-27 9
-27 10
-28 10
-29 10
-29 11
-30 11
-31 11
-32 11
-32 10
-32 9
-32 8
-33 8
-34 8
-35 8
-35 9
-35 10
-35 11
-36 11
-37 11
-38 11
-38 12
-37 12
-36 12
-35 12
-35 13
-34 13
-34 14
-34 15
-35 15
-36 15
-36 16
-35 16
-34 16
-34 17
-33 17
-33 16
-32 16
-31 16
-31 17
-32 17
-32 18
-33 18
-33 19
-32 19
-32 20
-33 20
-34 20
-35 20
-35 19
-34 19
-34 18
-35 18
-36 18
-36 17
-37 17
-37 18
-38 18
-38 17
-38 16
-38 15
-38 14
-37 14
-36 14
-36 13
-37 13
-38 13
-39 13
-40 13
-41 13
-41 14
-41 15
-40 15
-40 14
-39 14
-39 15
-39 16
-39 17
-39 18
-39 19
-38 19
-37 19
-36 19
-36 20
-37 20
-38 20
-39 20
-40 20
-41 20
-41 19
-42 19
-42 20
-42 21
-41 21
-40 21
-39 21
-38 21
-37 21
-36 21
-36 22
-37 22
-38 22
-38 23
-37 23
-37 24
-37 25
-36 25
-36 24
-36 23
-35 23
-34 23
-33 23
-32 23
-32 24
-33 24
-34 24
-34 25
-34 26
-35 26
-35 27
-34 27
-34 28
-35 28
-35 29
-36 29
-36 30
-36 31
-35 31
-34 31
-34 32
-34 33
-35 33
-35 34
-36 34
-36 35
-36 36
-35 36
-35 37
-34 37
-33 37
-33 36
-34 36
-34 35
-34 34
-33 34
-33 35
-32 35
-32 34
-31 34
-31 35
-30 35
-29 35
-28 35
-28 36
-29 36
-30 36
-31 36
-32 36
-32 37
-31 37
-30 37
-29 37
-29 38
-30 38
-31 38
-32 38
-32 39
-31 39
-31 40
-31 41
-32 41
-32 42
-31 42
-30 42
-30 43
-29 43
-29 44
-28 44
-28 45
-28 46
-29 46
-29 45
-30 45
-30 44
-31 44
-31 45
-32 45
-32 44
-33 44
-34 44
-34 45
-34 46
-33 46
-32 46
-32 47
-33 47
-34 47
-35 47
-35 48
-35 49
-35 50
-34 50
-34 51
-33 51
-32 51
-32 50
-33 50
-33 49
-32 49
-32 48
-31 48
-31 47
-31 46
-30 46
-30 47
-29 47
-29 48
-30 48
-30 49
-31 49
-31 50
-31 51
-31 52
-30 52
-30 53
-29 53
-28 53
-27 53
-26 53
-26 52
-27 52
-27 51
-26 51
-25 51
-25 50
-25 49
-26 49
-27 49
-28 49
-28 48
-27 48
-26 48
-25 48
-25 47
-25 46
-26 46
-26 45
-27 45
-27 44
-26 44
-26 43
-27 43
-27 42
-28 42
-29 42
-29 41
-29 40
-29 39
-28 39
-28 40
-28 41
-27 41
-26 41
-26 42
-25 42
-25 43
-25 44
-25 45
-24 45
-24 44
-24 43
-24 42
-23 42
-22 42
-21 42
-21 43
-22 43
-23 43
-23 44
-23 45
-22 45
-22 46
-21 46
-20 46
-19 46
-19 47
-18 47
-18 48
-19 48
-19 49
-20 49
-21 49
-22 49
-23 49
-24 49
-24 50
-24 51
-23 51
-23 50
-22 50
-21 50
-21 51
-22 51
-22 52
-22 53
-23 53
-23 52
-24 52
-25 52
-25 53
-25 54
-26 54
-27 54
-27 55
-27 56
-26 56
-26 55
-25 55
-25 56
-25 57
-24 57
-23 57
-22 57
-22 56
-23 56
-24 56
-24 55
-23 55
-23 54
-22 54
-22 55
-21 55
-21 54
-21 53
-20 53
-20 52
-20 51
-20 50
-19 50
-19 51
-18 51
-18 52
-18 53
-17 53
-17 54
-16 54
-16 55
-16 56
-16 57
-16 58
-15 58
-15 59
-15 60
-15 61
-16 61
-17 61
-17 62
-17 63
-17 64
-18 64
-19 64
-19 63
-18 63
-18 62
-18 61
-18 60
-19 60
-19 59
-18 59
-18 58
-17 58
-17 57
-17 56
-17 55
-18 55
-19 55
-20 55
-20 56
-21 56
-21 57
-20 57
-20 58
-21 58
-21 59
-20 59
-20 60
-20 61
-19 61
-19 62
-20 62
-21 62
-22 62
-22 61
-22 60
-23 60
-23 61
-24 61
-24 60
-25 60
-25 61
-26 61
-27 61
-28 61
-29 61
-30 61
-30 60
-29 60
-28 60
-27 60
-26 60
-26 59
-25 59
-24 59
-23 59
-22 59
-22 58
-23 58
-24 58
-25 58
-26 58
-27 58
-28 58
-29 58
-29 59
-30 59
-31 59
-31 60
-32 60
-32 61
-32 62
-33 62
-34 62
-34 61
-34 60
-34 59
-35 59
-35 60
-36 60
-37 60
-37 59
-38 59
-39 59
-39 60
-38 60
-38 61
-37 61
-36 61
-35 61
-35 62
-36 62
-36 63
-35 63
-34 63
-34 64
-35 64
-35 65
-35 66
-34 66
-34 67
-34 68
-33 68
-32 68
-31 68
-31 69
-32 69
-33 69
-34 69
-35 69
-35 68
-35 67
-36 67
-37 67
-37 68
-37 69
-36 69
-36 70
-35 70
-34 70
-34 71
-34 72
-33 72
-33 71
-33 70
-32 70
-32 71
-32 72
-31 72
-31 71
-31 70
-30 70
-29 70
-29 71
-30 71
-30 72
-30 73
-29 73
-29 72
-28 72
-28 73
-27 73
-27 74
-26 74
-26 75
-27 75
-27 76
-28 76
-28 75
-28 74
-29 74
-29 75
-30 75
-30 76
-31 76
-31 75
-31 74
-31 73
-32 73
-32 74
-32 75
-33 75
-33 74
-33 73
-34 73
-35 73
-35 72
-35 71
-36 71
-36 72
-37 72
-37 71
-38 71
-38 72
-39 72
-39 71
-39 70
-38 70
-38 69
-39 69
-39 68
-39 67
-39 66
-39 65
-38 65
-38 66
-37 66
-37 65
-36 65
-36 64
-37 64
-37 63
-38 63
-38 64
-39 64
-39 63
-40 63
-41 63
-41 64
-40 64
-40 65
-41 65
-41 66
-41 67
-42 67
-42 68
-42 69
-41 69
-41 68
-40 68
-40 69
-40 70
-40 71
-41 71
-41 70
-42 70
-42 71
-43 71
-43 70
-44 70
-44 69
-43 69
-43 68
-44 68
-45 68
-46 68
-47 68
-47 69
-46 69
-45 69
-45 70
-46 70
-46 71
-47 71
-47 70
-48 70
-49 70
-50 70
-51 70
-51 71
-50 71
-50 72
-51 72
-52 72
-52 71
-52 70
-52 69
-51 69
-50 69
-50 68
-50 67
-51 67
-51 68
-52 68
-53 68
-54 68
-55 68
-56 68
-57 68
-57 69
-57 70
-56 70
-56 71
-55 71
-55 70
-55 69
-54 69
-53 69
-53 70
-53 71
-53 72
-54 72
-55 72
-56 72
-56 73
-56 74
-57 74
-57 73
-57 72
-57 71
-58 71
-58 72
-58 73
-59 73
-59 72
-59 71
-59 70
-58 70
-58 69
-59 69
-59 68
-59 67
-59 66
-58 66
-57 66
-57 67
-56 67
-56 66
-55 66
-55 67
-54 67
-54 66
-53 66
-53 67
-52 67
-52 66
-52 65
-51 65
-51 66
-50 66
-50 65
-49 65
-48 65
-48 64
-49 64
-50 64
-50 63
-49 63
-49 62
-50 62
-51 62
-51 61
-51 60
-52 60
-53 60
-53 61
-53 62
-53 63
-54 63
-54 62
-55 62
-55 61
-54 61
-54 60
-55 60
-56 60
-56 59
-56 58
-55 58
-55 59
-54 59
-53 59
-52 59
-52 58
-53 58
-54 58
-54 57
-55 57
-55 56
-54 56
-53 56
-53 57
-52 57
-52 56
-52 55
-51 55
-51 54
-52 54
-53 54
-53 55
-54 55
-54 54
-55 54
-55 55
-56 55
-56 54
-56 53
-55 53
-54 53
-53 53
-52 53
-51 53
-50 53
-50 52
-51 52
-52 52
-52 51
-51 51
-50 51
-50 50
-51 50
-51 49
-51 48
-52 48
-53 48
-54 48
-54 49
-55 49
-55 48
-55 47
-54 47
-54 46
-54 45
-54 44
-55 44
-55 45
-55 46
-56 46
-56 47
-56 48
-56 49
-56 50
-57 50
-58 50
-58 51
-59 51
-59 52
-60 52
-61 52
-62 52
-62 51
-62 50
-62 49
-62 48
-63 48
-63 47
-63 46
-64 46
-65 46
-65 47
-65 48
-65 49
-66 49
-66 48
-66 47
-67 47
-68 47
-68 48
-67 48
-67 49
-67 50
-67 51
-66 51
-65 51
-65 52
-66 52
-67 52
-67 53
-67 54
-68 54
-68 53
-68 52
-68 51
-68 50
-68 49
-69 49
-69 48
-70 48
-70 47
-71 47
-71 48
-71 49
-70 49
-70 50
-70 51
-70 52
-70 53
-71 53
-71 54
-72 54
-72 53
-72 52
-71 52
-71 51
-72 51
-73 51
-73 50
-72 50
-72 49
-73 49
-73 48
-72 48
-72 47
-73 47
-74 47
-75 47
-75 48
-75 49
-76 49
-76 48
-76 47
-77 47
-77 46
-76 46
-75 46
-75 45
-76 45
-76 44
-75 44
-75 43
-76 43
-77 43
-77 42
-78 42
-78 41
-77 41
-77 40
-76 40
-75 40
-75 41
-76 41
-76 42
-75 42
-74 42
-74 43
-73 43
-73 44
-74 44
-74 45
-74 46
-73 46
-73 45
-72 45
-72 46
-71 46
-70 46
-70 45
-71 45
-71 44
-72 44
-72 43
-71 43
-71 42
-72 42
-72 41
-72 40
-72 39
-72 38
-73 38
-74 38
-74 37
-74 36
-73 36
-73 37
-72 37
-71 37
-71 36
-72 36
-72 35
-73 35
-73 34
-73 33
-73 32
-72 32
-72 33
-72 34
-71 34
-70 34
-70 35
-70 36
-70 37
-69 37
-69 36
-68 36
-67 36
-67 37
-68 37
-68 38
-68 39
-69 39
-69 38
-70 38
-70 39
-71 39
-71 40
-70 40
-70 41
-70 42
-69 42
-69 41
-69 40
-68 40
-67 40
-66 40
-66 39
-67 39
-67 38
-66 38
-65 38
-65 37
-65 36
-66 36
-66 35
-65 35
-64 35
-63 35
-62 35
-61 35
-61 36
-60 36
-59 36
-59 35
-60 35
-60 34
-60 33
-60 32
-60 31
-61 31
-62 31
-62 32
-61 32
-61 33
-62 33
-62 34
-63 34
-64 34
-65 34
-66 34
-67 34
-67 33
-66 33
-65 33
-64 33
-64 32
-65 32
-66 32
-67 32
-67 31
-66 31
-65 31
-65 30
-66 30
-67 30
-68 30
-68 31
-68 32
-68 33
-69 33
-70 33
-71 33
-71 32
-70 32
-69 32
-69 31
-70 31
-71 31
-71 30
-72 30
-72 31
-73 31
-73 30
-74 30
-74 29
-73 29
-73 28
-72 28
-72 27
-72 26
-73 26
-73 27
-74 27
-74 26
-75 26
-75 25
-75 24
-74 24
-74 25
-73 25
-72 25
-72 24
-73 24
-73 23
-73 22
-73 21
-72 21
-72 20
-71 20
-71 21
-70 21
-69 21
-68 21
-67 21
-67 22
-68 22
-69 22
-69 23
-70 23
-70 22
-71 22
-72 22
-72 23
-71 23
-71 24
-71 25
-70 25
-70 26
-71 26
-71 27
-70 27
-69 27
-69 26
-68 26
-67 26
-66 26
-65 26
-65 27
-65 28
-66 28
-66 27
-67 27
-68 27
-68 28
-68 29
-67 29
-66 29
-65 29
-64 29
-64 28
-63 28
-63 29
-62 29
-62 30
-61 30
-61 29
-61 28
-61 27
-62 27
-63 27
-63 26
-62 26
-61 26
-60 26
-60 27
-60 28
-59 28
-59 29
-59 30
-59 31
-59 32
-59 33
-59 34
-58 34
-58 35
-58 36
-58 37
-58 38
-58 39
-59 39
-59 40
-59 41
-59 42
-59 43
-58 43
-57 43
-57 42
-56 42
-56 41
-55 41
-55 42
-54 42
-54 41
-53 41
-53 40
-53 39
-54 39
-54 40
-55 40
-56 40
-56 39
-57 39
-57 38
-57 37
-56 37
-55 37
-55 36
-56 36
-56 35
-55 35
-54 35
-53 35
-53 36
-54 36
-54 37
-53 37
-53 38
-52 38
-52 39
-52 40
-52 41
-52 42
-53 42
-53 43
-53 44
-53 45
-53 46
-53 47
-52 47
-51 47
-51 46
-51 45
-50 45
-49 45
-49 46
-50 46
-50 47
-49 47
-48 47
-48 46
-48 45
-48 44
-47 44
-47 45
-46 45
-46 44
-45 44
-45 45
-45 46
-44 46
-44 45
-44 44
-43 44
-43 45
-42 45
-42 44
-41 44
-41 45
-41 46
-41 47
-42 47
-43 47
-44 47
-44 48
-44 49
-43 49
-42 49
-41 49
-40 49
-40 50
-41 50
-41 51
-40 51
-39 51
-39 50
-38 50
-37 50
-37 51
-38 51
-38 52
-38 53
-38 54
-38 55
-38 56
-39 56
-39 55
-39 54
-40 54
-41 54
-41 53
-40 53
-39 53
-39 52
-40 52
-41 52
-42 52
-43 52
-44 52
-44 51
-43 51
-42 51
-42 50
-43 50
-44 50
-45 50
-46 50
-47 50
-47 49
-46 49
-45 49
-45 48
-46 48
-46 47
-47 47
-47 48
-48 48
-49 48
-50 48
-50 49
-49 49
-48 49
-48 50
-49 50
-49 51
-48 51
-48 52
-48 53
-49 53
-49 54
-49 55
-50 55
-50 56
-51 56
-51 57
-51 58
-51 59
-50 59
-50 58
-50 57
-49 57
-48 57
-48 56
-48 55
-48 54
-47 54
-47 55
-47 56
-47 57
-47 58
-46 58
-46 59
-45 59
-45 60
-45 61
-45 62
-46 62
-46 61
-46 60
-47 60
-47 61
-47 62
-48 62
-48 63
-47 63
-47 64
-46 64
-46 65
-45 65
-45 66
-46 66
-47 66
-48 66
-49 66
-49 67
-49 68
-48 68
-48 67
-47 67
-46 67
-45 67
-44 67
-44 66
-43 66
-43 65
-44 65
-44 64
-43 64
-42 64
-42 63
-43 63
-44 63
-44 62
-43 62
-42 62
-42 61
-43 61
-44 61
-44 60
-44 59
-44 58
-45 58
-45 57
-46 57
-46 56
-46 55
-45 55
-45 54
-45 53
-44 53
-44 54
-44 55
-43 55
-43 54
-43 53
-42 53
-42 54
-42 55
-42 56
-42 57
-42 58
-41 58
-41 57
-41 56
-40 56
-40 57
-39 57
-38 57
-37 57
-37 58
-36 58
-35 58
-35 57
-36 57
-36 56
-35 56
-35 55
-36 55
-36 54
-36 53
-37 53
-37 52
-36 52
-36 51
-36 50
-36 49
-37 49
-38 49
-39 49
-39 48
-38 48
-37 48
-36 48
-36 47
-37 47
-38 47
-39 47
-39 46
-38 46
-37 46
-37 45
-38 45
-39 45
-39 44
-40 44
-40 43
-40 42
-40 41
-39 41
-38 41
-38 42
-39 42
-39 43
-38 43
-38 44
-37 44
-36 44
-36 45
-36 46
-35 46
-35 45
-35 44
-35 43
-36 43
-37 43
-37 42
-37 41
-36 41
-35 41
-35 40
-35 39
-34 39
-33 39
-33 38
-34 38
-35 38
-36 38
-37 38
-37 39
-36 39
-36 40
-37 40
-38 40
-38 39
-39 39
-39 40
-40 40
-40 39
-41 39
-41 40
-41 41
-42 41
-43 41
-43 40
-42 40
-42 39
-43 39
-44 39
-44 40
-45 40
-45 41
-44 41
-44 42
-44 43
-45 43
-45 42
-46 42
-46 43
-47 43
-47 42
-48 42
-48 41
-49 41
-49 40
-49 39
-50 39
-51 39
-51 38
-50 38
-50 37
-50 36
-49 36
-49 37
-49 38
-48 38
-48 37
-47 37
-47 36
-48 36
-48 35
-48 34
-47 34
-47 35
-46 35
-46 36
-45 36
-44 36
-44 35
-45 35
-45 34
-46 34
-46 33
-46 32
-47 32
-47 33
-48 33
-48 32
-49 32
-50 32
-50 31
-50 30
-51 30
-51 29
-51 28
-52 28
-52 27
-51 27
-50 27
-50 26
-51 26
-51 25
-50 25
-50 24
-51 24
-52 24
-52 25
-52 26
-53 26
-53 27
-54 27
-54 26
-54 25
-54 24
-55 24
-56 24
-56 25
-55 25
-55 26
-55 27
-55 28
-54 28
-54 29
-54 30
-54 31
-54 32
-54 33
-53 33
-53 32
-53 31
-52 31
-51 31
-51 32
-51 33
-51 34
-50 34
-50 33
-49 33
-49 34
-49 35
-50 35
-51 35
-51 36
-51 37
-52 37
-52 36
-52 35
-52 34
-53 34
-54 34
-55 34
-55 33
-55 32
-55 31
-56 31
-56 32
-56 33
-56 34
-57 34
-57 33
-58 33
-58 32
-58 31
-57 31
-57 30
-58 30
-58 29
-58 28
-58 27
-59 27
-59 26
-58 26
-57 26
-57 25
-57 24
-58 24
-58 23
-58 22
-59 22
-60 22
-61 22
