1 0
1 -1
0 -1
0 -2
-1 -2
-1 -1
-2 -1
-3 -1
-4 -1
-5 -1
-6 -1
-7 -1
-7 0
-6 0
-6 1
-6 2
-7 2
-8 2
-8 1
-8 0
-9 0
-9 1
-10 1
-10 2
-10 3
-9 3
-8 3
-7 3
-7 4
-8 4
-9 4
-10 4
-10 5
-11 5
-11 6
-10 6
-10 7
-10 8
-10 9
-9 9
-8 9
-8 8
-9 8
-9 7
-9 6
-9 5
-8 5
-7 5
-6 5
-6 6
-7 6
-7 7
-6 7
-5 7
-5 6
-5 5
-5 4
-6 4
-6 3
-5 3
-5 2
-5 1
-5 0
-4 0
-4 1
-3 1
-3 2
-2 2
-2 1
-2 0
-1 0
-1 1
-1 2
0 2
0 1
1 1
1 2
1 3
2 3
2 2
3 2
3 3
4 3
4 4
3 4
2 4
1 4
1 5
1 6
2 6
3 6
3 5
4 5
4 6
4 7
4 8
3 8
3 7
2 7
2 8
1 8
1 9
2 9
2 10
1 10
0 10
0 11
-1 11
-1 12
-2 12
-3 12
-4 12
-4 13
-5 13
-5 14
-6 14
-6 15
-5 15
-4 15
-4 16
-4 17
-5 17
-5 18
-5 19
-4 19
-3 19
-3 18
-2 18
-2 19
-1 19
0 19
0 20
0 21
1 21
2 21
2 22
2 23
1 23
1 22
0 22
-1 22
-1 21
-1 20
-2 20
-3 20
-3 21
-4 21
-4 20
-5 20
-5 21
-6 21
-6 22
-7 22
-7 21
-7 20
-6 20
-6 19
-7 19
-7 18
-6 18
-6 17
-6 16
-7 16
-7 17
-8 17
-8 16
-9 16
-10 16
-11 16
-11 15
-10 15
-9 15
-8 15
-7 15
-7 14
-7 13
-8 13
-9 13
-10 13
-11 13
-12 13
-12 14
-12 15
-12 16
-12 17
-11 17
-10 17
-10 18
-11 18
-12 18
-13 18
-13 19
-12 19
-12 20
-12 21
-13 21
-13 22
-13 23
-14 23
-15 23
-16 23
-16 22
-15 22
-15 21
-15 20
-15 19
-15 18
-16 18
-16 19
-17 19
-17 20
-16 20
-16 21
-17 21
-17 22
-18 22
-18 23
-19 23
-20 23
-20 24
-21 24
-22 24
-22 23
-21 23
-21 22
-22 22
-22 21
-23 21
-23 22
-23 23
-23 24
-24 24
-24 23
-24 22
-24 21
-24 20
-25 20
-26 20
-26 21
-25 21
-25 22
-26 22
-26 23
-27 23
-28 23
-28 22
-27 22
-27 21
-27 20
-27 19
-28 19
-28 18
-28 17
-29 17
-29 16
-28 16
-27 16
-27 15
-26 15
-26 16
-25 16
-24 16
-23 16
-23 17
-22 17
-22 18
-22 19
-23 19
-23 20
-22 20
-21 20
-20 20
-20 19
-21 19
-21 18
-20 18
-20 17
-20 16
-19 16
-18 16
-18 17
-18 18
-17 18
-17 17
-16 17
-16 16
-17 16
-17 15
-17 14
-16 14
-16 15
-15 15
-15 14
-15 13
-14 13
-14 12
-13 12
-12 12
-11 12
-11 11
-10 11
-10 12
-9 12
-8 12
-7 12
-7 11
-8 11
-9 11
-9 10
-10 10
-11 10
-11 9
-12 9
-12 10
-12 11
-13 11
-13 10
-13 9
-14 9
-14 10
-14 11
-15 11
-15 10
-16 10
-16 9
-15 9
-15 8
-15 7
-14 7
-14 8
-13 8
-12 8
-12 7
-13 7
-13 6
-12 6
-12 5
-13 5
-14 5
-14 4
-14 3
-14 2
-15 2
-15 1
-15 0
-16 0
-17 0
-17 -1
-16 -1
-15 -1
-14 -1
-14 -2
-14 -3
-15 -3
-16 -3
-16 -4
-17 -4
-18 -4
-19 -4
-19 -3
-18 -3
-18 -2
-19 -2
-20 -2
-21 -2
-22 -2
-22 -1
-22 0
-22 1
-23 1
-23 2
-24 2
-25 2
-26 2
-26 3
-25 3
-25 4
-26 4
-27 4
-28 4
-29 4
-30 4
-30 3
-30 2
-30 1
-31 1
-32 1
-33 1
-33 2
-34 2
-34 1
-34 0
-34 -1
-33 -1
-33 0
-32 0
-31 0
-30 0
-30 -1
-30 -2
-30 -3
-29 -3
-28 -3
-27 -3
-27 -2
-28 -2
-28 -1
-28 0
-29 0
-29 1
-29 2
-28 2
-28 3
-27 3
-27 2
-27 1
-26 1
-26 0
-27 0
-27 -1
-26 -1
-25 -1
-25 0
-25 1
-24 1
-24 0
-23 0
-23 -1
-24 -1
-24 -2
-25 -2
-25 -3
-24 -3
-24 -4
-24 -5
-25 -5
-26 -5
-26 -6
-26 -7
-26 -8
-27 -8
-27 -7
-28 -7
-28 -6
-28 -5
-29 -5
-30 -5
-30 -4
-31 -4
-31 -5
-31 -6
-30 -6
-30 -7
-31 -7
-31 -8
-31 -9
-31 -10
-30 -10
-30 -11
-31 -11
-31 -12
-31 -13
-31 -14
-31 -15
-32 -15
-33 -15
-33 -14
-33 -13
-32 -13
-32 -12
-33 -12
-33 -11
-34 -11
-34 -12
-34 -13
-35 -13
-36 -13
-36 -14
-37 -14
-37 -13
-38 -13
-39 -13
-39 -12
-38 -12
-38 -11
-37 -11
-37 -12
-36 -12
-35 -12
-35 -11
-36 -11
-36 -10
-37 -10
-37 -9
-38 -9
-38 -10
-39 -10
-39 -11
-40 -11
-41 -11
-41 -10
-42 -10
-43 -10
-43 -9
-42 -9
-41 -9
-41 -8
-42 -8
-43 -8
-43 -7
-44 -7
-44 -8
-45 -8
-46 -8
-46 -7
-47 -7
-48 -7
-49 -7
-50 -7
-50 -6
-49 -6
-49 -5
-48 -5
-47 -5
-47 -6
-46 -6
-46 -5
-46 -4
-45 -4
-45 -5
-44 -5
-44 -4
-44 -3
-43 -3
-43 -2
-44 -2
-44 -1
-44 0
-45 0
-45 -1
-46 -1
-47 -1
-47 -2
-48 -2
-48 -1
-48 0
-48 1
-47 1
-46 1
-46 2
-45 2
-45 1
-44 1
-44 2
-43 2
-43 1
-42 1
-41 1
-41 0
-40 0
-39 0
-38 0
-38 1
-39 1
-40 1
-40 2
-39 2
-38 2
-37 2
-36 2
-36 1
-36 0
-36 -1
-36 -2
-35 -2
-35 -1
-35 0
-35 1
-35 2
-35 3
-36 3
-37 3
-38 3
-39 3
-40 3
-41 3
-41 2
-42 2
-42 3
-43 3
-43 4
-43 5
-44 5
-45 5
-45 6
-46 6
-47 6
-47 5
-46 5
-46 4
-45 4
-44 4
-44 3
-45 3
-46 3
-47 3
-47 2
-48 2
-49 2
-50 2
-50 1
-50 0
-50 -1
-49 -1
-49 -2
-50 -2
-50 -3
-49 -3
-49 -4
-50 -4
-50 -5
-51 -5
-51 -6
-52 -6
-52 -7
-52 -8
-52 -9
-52 -10
-53 -10
-54 -10
-55 -10
-55 -11
-55 -12
-56 -12
-56 -11
-56 -10
-57 -10
-58 -10
-59 -10
-59 -9
-60 -9
-60 -8
-60 -7
-61 -7
-62 -7
-62 -6
-61 -6
-60 -6
-59 -6
-59 -7
-59 -8
-58 -8
-58 -9
-57 -9
-56 -9
-56 -8
-57 -8
-57 -7
-58 -7
-58 -6
-57 -6
-56 -6
-56 -7
-55 -7
-55 -8
-55 -9
-54 -9
-54 -8
-54 -7
-53 -7
-53 -6
-54 -6
-54 -5
-54 -4
-53 -4
-53 -5
-52 -5
-52 -4
-51 -4
-51 -3
-52 -3
-52 -2
-53 -2
-54 -2
-54 -3
-55 -3
-56 -3
-57 -3
-57 -2
-57 -1
-57 0
-58 0
-58 -1
-59 -1
-60 -1
-60 -2
-59 -2
-58 -2
-58 -3
-59 -3
-60 -3
-60 -4
-59 -4
-59 -5
-60 -5
-61 -5
-61 -4
-61 -3
-61 -2
-61 -1
-62 -1
-62 0
-63 0
-64 0
-64 -1
-63 -1
-63 -2
-64 -2
-64 -3
-63 -3
-63 -4
-62 -4
-62 -5
-63 -5
-63 -6
-63 -7
-63 -8
-62 -8
-61 -8
-61 -9
-62 -9
-62 -10
-63 -10
-63 -9
-64 -9
-64 -8
-64 -7
-64 -6
-64 -5
-65 -5
-65 -6
-65 -7
-65 -8
-66 -8
-66 -7
-66 -6
-66 -5
-66 -4
-66 -3
-66 -2
-65 -2
-65 -1
-65 0
-66 0
-66 -1
-67 -1
-67 0
-67 1
-68 1
-68 0
-69 0
-69 -1
-69 -2
-68 -2
-68 -3
-69 -3
-70 -3
-70 -4
-71 -4
-71 -3
-71 -2
-72 -2
-73 -2
-73 -3
-72 -3
-72 -4
-72 -5
-71 -5
-71 -6
-71 -7
-71 -8
-70 -8
-70 -9
-69 -9
-69 -8
-68 -8
-68 -7
-68 -6
-67 -6
-67 -7
-67 -8
-67 -9
-68 -9
-68 -10
-68 -11
-67 -11
-66 -11
-66 -10
-66 -9
-65 -9
-65 -10
-65 -11
-65 -12
-66 -12
-67 -12
-68 -12
-68 -13
-68 -14
-68 -15
-67 -15
-66 -15
-65 -15
-64 -15
-64 -14
-64 -13
-63 -13
-63 -12
-64 -12
-64 -11
-63 -11
-62 -11
-61 -11
-60 -11
-59 -11
-59 -12
-58 -12
-58 -13
-57 -13
-57 -14
-57 -15
-57 -16
-57 -17
-57 -18
-58 -18
-58 -19
-58 -20
-59 -20
-59 -19
-60 -19
-60 -18
-59 -18
-59 -17
-58 -17
-58 -16
-58 -15
-59 -15
-59 -14
-59 -13
-60 -13
-60 -12
-61 -12
-62 -12
-62 -13
-62 -14
-62 -15
-62 -16
-61 -16
-60 -16
-60 -17
-61 -17
-61 -18
-62 -18
-62 -17
-63 -17
-64 -17
-64 -18
-65 -18
-66 -18
-67 -18
-68 -18
-68 -17
-67 -17
-66 -17
-65 -17
-65 -16
-66 -16
-67 -16
-68 -16
-69 -16
-70 -16
-70 -17
-69 -17
-69 -18
-70 -18
-71 -18
-72 -18
-73 -18
-73 -19
-74 -19
-74 -20
-75 -20
-75 -21
-74 -21
-74 -22
-75 -22
-76 -22
-76 -23
-77 -23
-78 -23
-78 -24
-79 -24
-80 -24
-80 -25
-80 -26
-79 -26
-78 -26
-78 -27
-79 -27
-79 -28
-80 -28
-80 -29
-81 -29
-81 -30
-81 -31
-81 -32
-81 -33
-82 -33
-83 -33
-84 -33
-84 -32
-85 -32
-85 -31
-84 -31
-84 -30
-84 -29
-85 -29
-85 -30
-86 -30
-86 -29
-86 -28
-85 -28
-85 -27
-84 -27
-84 -28
-83 -28
-83 -29
-82 -29
-82 -28
-81 -28
-81 -27
-81 -26
-82 -26
-82 -27
-83 -27
-83 -26
-84 -26
-85 -26
-85 -25
-84 -25
-83 -25
-83 -24
-83 -23
-83 -22
-84 -22
-85 -22
-86 -22
-86 -23
-87 -23
-88 -23
-88 -24
-89 -24
-90 -24
-90 -23
-89 -23
-89 -22
-89 -21
-88 -21
-88 -22
-87 -22
-87 -21
-86 -21
-85 -21
-84 -21
-84 -20
-84 -19
-83 -19
-82 -19
-81 -19
-81 -20
-82 -20
-83 -20
-83 -21
-82 -21
-81 -21
-80 -21
-80 -20
-80 -19
-80 -18
-81 -18
-81 -17
-80 -17
-80 -16
-81 -16
-81 -15
-82 -15
-83 -15
-84 -15
-84 -16
-83 -16
-83 -17
-83 -18
-84 -18
-85 -18
-85 -17
-86 -17
-87 -17
-87 -18
-86 -18
-86 -19
-86 -20
-87 -20
-88 -20
-89 -20
-90 -20
-90 -19
-90 -18
-90 -17
-89 -17
-89 -16
-88 -16
-88 -15
-89 -15
-90 -15
-90 -16
-91 -16
-91 -17
-92 -17
-93 -17
-93 -16
-94 -16
-95 -16
-95 -17
-94 -17
-94 -18
-94 -19
-94 -20
-93 -20
-93 -21
-94 -21
-95 -21
-96 -21
-96 -22
-97 -22
-97 -21
-97 -20
-96 -20
-95 -20
-95 -19
-96 -19
-97 -19
-98 -19
-99 -19
-100 -19
-101 -19
-101 -18
-102 -18
-102 -19
-102 -20
-103 -20
-104 -20
-104 -19
-105 -19
-105 -20
-105 -21
-105 -22
-105 -23
-106 -23
-106 -22
-106 -21
-106 -20
-106 -19
-106 -18
-107 -18
-108 -18
-108 -19
-109 -19
-110 -19
-110 -18
-109 -18
-109 -17
-109 -16
-110 -16
-110 -17
-111 -17
-112 -17
-112 -18
-113 -18
-113 -17
-113 -16
-113 -15
-113 -14
-113 -13
-112 -13
-112 -14
-112 -15
-112 -16
-111 -16
-111 -15
-110 -15
-110 -14
-110 -13
-111 -13
-111 -12
-110 -12
-110 -11
-110 -10
-109 -10
-109 -11
-108 -11
-108 -10
-108 -9
-108 -8
-108 -7
-107 -7
-106 -7
-106 -6
-107 -6
-108 -6
-108 -5
-107 -5
-106 -5
-106 -4
-105 -4
-104 -4
-104 -3
-104 -2
-104 -1
-104 0
-105 0
-106 0
-107 0
-108 0
-109 0
-109 -1
-110 -1
-110 -2
-110 -3
-110 -4
-109 -4
-109 -5
-110 -5
-110 -6
-109 -6
-109 -7
-110 -7
-111 -7
-111 -6
-111 -5
-111 -4
-112 -4
-112 -3
-111 -3
-111 -2
-111 -1
-111 0
-110 0
-110 1
-111 1
-112 1
-113 1
-113 2
-112 2
-111 2
-110 2
-109 2
-109 3
-108 3
-108 4
-108 5
-109 5
-109 4
-110 4
-110 3
-111 3
-112 3
-113 3
-114 3
-114 4
-114 5
-113 5
-112 5
-111 5
-111 6
-111 7
-112 7
-112 6
-113 6
-113 7
-113 8
-114 8
-115 8
-115 7
-115 6
-116 6
-116 7
-116 8
-116 9
-117 9
-118 9
-118 8
-117 8
-117 7
-117 6
-118 6
-118 5
-117 5
-116 5
-115 5
-115 4
-115 3
-115 2
-114 2
-114 1
-115 1
-115 0
-116 0
-116 -1
-116 -2
-115 -2
-115 -1
-114 -1
-113 -1
-113 -2
-113 -3
-114 -3
-114 -4
-114 -5
-115 -5
-115 -6
-114 -6
-113 -6
-112 -6
-112 -7
-113 -7
-113 -8
-113 -9
-114 -9
-114 -8
-114 -7
-115 -7
-116 -7
-117 -7
-117 -6
-116 -6
-116 -5
-116 -4
-115 -4
-115 -3
-116 -3
-117 -3
-117 -4
-118 -4
-118 -5
-119 -5
-120 -5
-121 -5
-121 -6
-122 -6
-123 -6
-124 -6
-124 -5
-125 -5
-125 -4
-124 -4
-123 -4
-122 -4
-122 -3
-123 -3
-124 -3
-124 -2
-125 -2
-125 -3
-126 -3
-126 -2
-127 -2
-127 -1
-126 -1
-125 -1
-124 -1
-124 0
-123 0
-123 1
-123 2
-123 3
-122 3
-122 2
-122 1
-122 0
-121 0
-121 1
-121 2
-121 3
-120 3
-120 2
-120 1
-120 0
-119 0
-119 1
-119 2
-118 2
-118 1
-118 0
-117 0
-117 1
-116 1
-116 2
-117 2
-117 3
-117 4
-118 4
-118 3
-119 3
-119 4
-120 4
-121 4
-121 5
-121 6
-122 6
-123 6
-123 5
-122 5
-122 4
-123 4
-124 4
-124 5
-125 5
-125 4
-126 4
-126 3
-125 3
-125 2
-124 2
-124 1
-125 1
-126 1
-126 0
-127 0
-127 1
-127 2
-128 2
-128 1
-129 1
-129 0
-129 -1
-130 -1
-130 0
-131 0
-131 -1
-132 -1
-133 -1
-134 -1
-134 0
-135 0
-136 0
-136 1
-137 1
-137 2
-137 3
-138 3
-138 2
-138 1
-139 1
-140 1
-141 1
-141 2
-142 2
-142 1
-142 0
-141 0
-141 -1
-142 -1
-143 -1
-143 -2
-144 -2
-144 -3
-143 -3
-142 -3
-142 -4
-141 -4
-141 -3
-140 -3
-140 -4
-139 -4
-138 -4
-137 -4
-137 -5
-136 -5
-135 -5
-135 -4
-134 -4
-134 -5
-133 -5
-133 -4
-132 -4
-132 -3
-133 -3
-134 -3
-135 -3
-135 -2
-134 -2
-133 -2
-132 -2
-131 -2
-130 -2
-129 -2
-128 -2
-128 -3
-127 -3
-127 -4
-126 -4
-126 -5
-127 -5
-128 -5
-129 -5
-129 -6
-128 -6
-127 -6
-127 -7
-127 -8
-126 -8
-126 -7
-126 -6
-125 -6
-125 -7
-124 -7
-124 -8
-124 -9
-124 -10
-123 -10
-122 -10
-122 -9
-123 -9
-123 -8
-123 -7
-122 -7
-122 -8
-121 -8
-121 -7
-120 -7
-120 -8
-119 -8
-119 -7
-118 -7
-118 -8
-117 -8
-116 -8
-115 -8
-115 -9
-115 -10
-114 -10
-114 -11
-114 -12
-115 -12
-115 -13
-114 -13
-114 -14
-114 -15
-114 -16
-114 -17
-114 -18
-115 -18
-115 -17
-115 -16
-115 -15
-116 -15
-116 -14
-117 -14
-117 -13
-116 -13
-116 -12
-116 -11
-117 -11
-118 -11
-118 -10
-118 -9
-119 -9
-119 -10
-120 -10
-121 -10
-121 -11
-120 -11
-119 -11
-119 -12
-119 -13
-119 -14
-120 -14
-120 -13
-121 -13
-121 -14
-121 -15
-120 -15
-120 -16
-119 -16
-118 -16
-118 -15
-117 -15
-117 -16
-117 -17
-118 -17
-119 -17
-120 -17
-120 -18
-119 -18
-119 -19
-119 -20
-119 -21
-120 -21
-120 -22
-121 -22
-121 -23
-122 -23
-122 -24
-123 -24
-123 -25
-122 -25
-122 -26
-123 -26
-123 -27
-122 -27
-122 -28
-122 -29
-123 -29
-123 -28
-124 -28
-124 -29
-125 -29
-125 -28
-126 -28
-127 -28
-127 -27
-127 -26
-128 -26
-128 -27
-128 -28
-128 -29
-127 -29
-126 -29
-126 -30
-126 -31
-125 -31
-125 -32
-124 -32
-124 -33
-124 -34
-124 -35
-124 -36
-125 -36
-125 -37
-125 -38
-125 -39
-124 -39
-124 -40
-124 -41
-125 -41
-126 -41
-126 -40
-126 -39
-127 -39
-128 -39
-128 -40
-129 -40
-130 -40
-130 -41
-130 -42
-129 -42
-129 -43
-130 -43
-131 -43
-131 -44
-131 -45
-132 -45
-132 -46
-131 -46
-131 -47
-130 -47
-130 -46
-130 -45
-130 -44
-129 -44
-129 -45
-128 -45
-128 -46
-128 -47
-128 -48
-128 -49
-127 -49
-127 -50
-128 -50
-128 -51
-127 -51
-126 -51
-126 -50
-126 -49
-126 -48
-127 -48
-127 -47
-127 -46
-127 -45
-127 -44
-126 -44
-126 -43
-126 -42
-125 -42
-124 -42
-124 -43
-125 -43
-125 -44
-124 -44
-124 -45
-125 -45
-125 -46
-126 -46
-126 -47
-125 -47
-125 -48
-124 -48
-123 -48
-123 -47
-124 -47
-124 -46
-123 -46
-122 -46
-122 -47
-122 -48
-122 -49
-122 -50
-123 -50
-123 -49
-124 -49
-124 -50
-125 -50
-125 -51
-125 -52
-126 -52
-127 -52
-127 -53
-126 -53
-126 -54
-126 -55
-127 -55
-127 -56
-126 -56
-126 -57
-126 -58
-126 -59
-125 -59
-125 -60
-124 -60
-124 -59
-124 -58
-125 -58
-125 -57
-125 -56
-125 -55
-124 -55
-123 -55
-123 -56
-124 -56
-124 -57
-123 -57
-123 -58
-123 -59
-123 -60
-123 -61
-124 -61
-125 -61
-126 -61
-127 -61
-128 -61
-128 -62
-127 -62
-126 -62
-126 -63
-127 -63
-127 -64
-127 -65
-128 -65
-128 -64
-129 -64
-130 -64
-130 -65
-130 -66
-130 -67
-131 -67
-132 -67
-133 -67
-133 -66
-134 -66
-134 -65
-134 -64
-135 -64
-136 -64
-137 -64
-137 -65
-137 -66
-137 -67
-137 -68
-137 -69
-137 -70
-138 -70
-139 -70
-140 -70
-140 -71
-140 -72
-140 -73
-139 -73
-138 -73
-138 -72
-137 -72
-136 -72
-135 -72
-135 -71
-135 -70
-136 -70
-136 -69
-136 -68
-135 -68
-135 -69
-134 -69
-133 -69
-132 -69
-132 -70
-131 -70
-131 -69
-130 -69
-129 -69
-129 -70
-129 -71
-130 -71
-130 -72
-129 -72
-129 -73
-129 -74
-130 -74
-130 -73
-131 -73
-132 -73
-132 -74
-131 -74
-131 -75
-131 -76
-132 -76
-132 -77
-132 -78
-132 -79
-132 -80
-132 -81
-133 -81
-133 -80
-134 -80
-134 -79
-134 -78
-135 -78
-135 -77
-135 -76
-136 -76
-136 -75
-136 -74
-136 -73
-137 -73
-137 -74
-138 -74
-138 -75
-138 -76
-138 -77
-138 -78
-137 -78
-137 -77
-136 -77
-136 -78
-136 -79
-135 -79
-135 -80
-136 -80
-136 -81
-135 -81
-135 -82
-135 -83
-135 -84
-136 -84
-136 -83
-136 -82
-137 -82
-137 -81
-138 -81
-138 -82
-138 -83
-137 -83
-137 -84
-138 -84
-139 -84
-140 -84
-141 -84
-142 -84
-142 -85
-142 -86
-141 -86
-141 -85
-140 -85
-140 -86
-139 -86
-138 -86
-138 -87
-139 -87
-139 -88
-140 -88
-140 -87
-141 -87
-141 -88
-141 -89
-140 -89
-140 -90
-141 -90
-142 -90
-143 -90
-143 -89
-144 -89
-144 -90
-144 -91
-143 -91
-142 -91
-141 -91
-141 -92
-142 -92
-143 -92
-144 -92
-145 -92
-146 -92
-147 -92
-147 -93
-146 -93
-145 -93
-144 -93
-144 -94
-145 -94
-145 -95
-144 -95
-143 -95
-142 -95
-142 -96
-142 -97
-143 -97
-143 -98
-144 -98
-144 -97
-145 -97
-145 -98
-145 -99
-146 -99
-146 -98
-147 -98
-148 -98
-149 -98
-150 -98
-150 -99
-150 -100
-151 -100
-152 -100
-152 -99
-153 -99
-153 -98
-154 -98
-154 -99
-155 -99
-155 -98
-155 -97
-154 -97
-153 -97
-152 -97
-152 -96
-151 -96
-151 -95
-151 -94
-152 -94
-152 -93
-151 -93
-151 -92
-152 -92
-153 -92
-153 -91
-153 -90
-154 -90
-154 -91
-154 -92
-154 -93
-154 -94
-155 -94
-155 -93
-155 -92
-155 -91
-155 -90
-156 -90
-156 -91
-157 -91
-157 -90
-158 -90
-158 -89
-157 -89
-156 -89
-155 -89
-155 -88
-156 -88
-157 -88
-158 -88
-158 -87
-157 -87
-156 -87
-156 -86
-156 -85
-157 -85
-157 -84
-157 -83
-156 -83
-156 -84
-155 -84
-155 -83
-154 -83
-154 -84
-153 -84
-153 -83
-152 -83
-152 -84
-151 -84
-150 -84
-150 -83
-151 -83
-151 -82
-150 -82
-150 -81
-149 -81
-148 -81
-148 -82
-148 -83
-147 -83
-146 -83
-146 -82
-145 -82
-145 -81
-145 -80
-144 -80
-143 -80
-143 -81
-144 -81
-144 -82
-144 -83
-145 -83
-145 -84
-144 -84
-143 -84
-143 -83
-143 -82
-142 -82
-141 -82
-141 -81
-141 -80
-140 -80
-140 -81
-140 -82
-140 -83
-139 -83
-139 -82
-139 -81
-139 -80
-138 -80
-137 -80
-137 -79
-138 -79
-139 -79
-140 -79
-140 -78
-139 -78
-139 -77
-140 -77
-141 -77
-142 -77
-142 -78
-141 -78
-141 -79
-142 -79
-143 -79
-143 -78
-144 -78
-144 -79
-145 -79
-146 -79
-146 -80
-146 -81
-147 -81
-147 -80
-148 -80
-148 -79
-149 -79
-149 -78
-150 -78
-150 -79
-151 -79
-151 -78
-151 -77
-151 -76
-152 -76
-152 -75
-151 -75
-151 -74
-150 -74
-150 -75
-149 -75
-148 -75
-148 -76
-149 -76
-150 -76
-150 -77
-149 -77
-148 -77
-147 -77
-147 -76
-147 -75
-147 -74
-147 -73
-147 -72
-148 -72
-149 -72
-149 -71
-149 -70
-148 -70
-148 -71
-147 -71
-147 -70
-146 -70
-146 -71
-146 -72
-145 -72
-144 -72
-144 -73
-144 -74
-145 -74
-146 -74
-146 -75
-145 -75
-144 -75
-144 -76
-144 -77
-143 -77
-143 -76
-143 -75
-142 -75
-141 -75
-141 -76
-140 -76
-140 -75
-139 -75
-139 -74
-140 -74
-141 -74
-142 -74
-142 -73
-141 -73
-141 -72
-141 -71
-142 -71
-143 -71
-143 -70
-143 -69
-144 -69
-144 -70
-144 -71
-145 -71
-145 -70
-145 -69
-146 -69
-146 -68
-147 -68
-147 -69
-148 -69
-148 -68
-148 -67
-147 -67
-147 -66
-146 -66
-146 -67
-145 -67
-145 -66
-144 -66
-143 -66
-143 -65
-142 -65
-141 -65
-140 -65
-140 -66
-139 -66
-139 -67
-139 -68
-138 -68
-138 -67
-138 -66
-138 -65
-138 -64
-138 -63
-137 -63
-136 -63
-136 -62
-137 -62
-137 -61
-136 -61
-136 -60
-136 -59
-135 -59
-135 -60
-134 -60
-134 -61
-135 -61
-135 -62
-134 -62
-134 -63
-133 -63
-133 -64
-133 -65
-132 -65
-132 -66
-131 -66
-131 -65
-131 -64
-132 -64
-132 -63
-131 -63
-131 -62
-131 -61
-130 -61
-130 -62
-130 -63
-129 -63
-129 -62
-129 -61
-129 -60
-130 -60
-130 -59
-130 -58
-131 -58
-131 -59
-132 -59
-132 -60
-132 -61
-132 -62
-133 -62
-133 -61
-133 -60
-133 -59
-133 -58
-133 -57
-133 -56
-133 -55
-133 -54
-133 -53
-133 -52
-133 -51
-134 -51
-135 -51
-135 -50
-135 -49
-136 -49
-136 -50
-136 -51
-137 -51
-137 -50
-138 -50
-138 -49
-137 -49
-137 -48
-136 -48
-135 -48
-135 -47
-136 -47
-137 -47
-138 -47
-138 -48
-139 -48
-139 -49
-139 -50
-140 -50
-140 -49
-140 -48
-140 -47
-139 -47
-139 -46
-140 -46
-141 -46
-141 -45
-140 -45
-139 -45
-138 -45
-138 -46
-137 -46
-136 -46
-135 -46
-134 -46
-134 -47
-134 -48
-133 -48
-133 -49
-134 -49
-134 -50
-133 -50
-132 -50
-132 -49
-131 -49
-131 -50
-131 -51
-131 -52
-131 -53
-130 -53
-130 -52
-130 -51
-130 -50
-130 -49
-130 -48
-131 -48
-132 -48
-132 -47
-133 -47
-133 -46
-133 -45
-134 -45
-135 -45
-135 -44
-134 -44
-133 -44
-133 -43
-133 -42
-134 -42
-134 -43
-135 -43
-136 -43
-137 -43
-138 -43
-138 -42
-137 -42
-136 -42
-136 -41
-137 -41
-138 -41
-138 -40
-137 -40
-137 -39
-136 -39
-136 -40
-135 -40
-134 -40
-133 -40
-132 -40
-132 -39
-131 -39
-130 -39
-130 -38
-129 -38
-128 -38
-128 -37
-129 -37
-129 -36
-128 -36
-128 -35
-129 -35
-129 -34
-129 -33
-128 -33
-128 -34
-127 -34
-127 -35
-127 -36
-127 -37
-126 -37
-126 -36
-126 -35
-125 -35
-125 -34
-126 -34
-126 -33
-126 -32
-127 -32
-127 -31
-127 -30
-128 -30
-129 -30
-129 -29
-130 -29
-130 -28
-129 -28
-129 -27
-130 -27
-130 -26
-130 -25
-130 -24
-130 -23
-130 -22
-131 -22
-131 -21
-132 -21
-132 -20
-132 -19
-132 -18
-131 -18
-131 -17
-131 -16
-131 -15
-130 -15
-130 -16
-129 -16
-129 -17
-130 -17
-130 -18
-129 -18
-129 -19
-130 -19
-131 -19
-131 -20
-130 -20
-130 -21
-129 -21
-129 -20
-128 -20
-127 -20
-127 -21
-128 -21
-128 -22
-129 -22
-129 -23
-129 -24
-129 -25
-128 -25
-128 -24
-128 -23
-127 -23
-127 -24
-126 -24
-126 -25
-126 -26
-126 -27
-125 -27
-124 -27
-124 -26
-124 -25
-125 -25
-125 -24
-124 -24
-124 -23
-123 -23
-123 -22
-124 -22
-125 -22
-125 -23
-126 -23
-126 -22
-126 -21
-125 -21
-124 -21
-123 -21
-123 -20
-123 -19
-122 -19
-122 -18
-122 -17
-121 -17
-121 -16
-122 -16
-122 -15
-123 -15
-124 -15
-124 -14
-125 -14
-125 -15
-126 -15
-126 -16
-126 -17
-125 -17
-125 -16
-124 -16
-124 -17
-123 -17
-123 -18
-124 -18
-124 -19
-124 -20
-125 -20
-125 -19
-126 -19
-127 -19
-128 -19
-128 -18
-127 -18
-127 -17
-127 -16
-127 -15
-128 -15
-129 -15
-129 -14
-128 -14
-128 -13
-129 -13
-130 -13
-131 -13
-131 -12
-132 -12
-133 -12
-133 -11
-134 -11
-134 -12
-134 -13
-134 -14
-133 -14
-132 -14
-132 -15
-132 -16
-133 -16
-133 -15
-134 -15
-134 -16
-134 -17
-134 -18
-135 -18
-136 -18
-137 -18
-137 -17
-138 -17
-138 -16
-138 -15
-137 -15
-136 -15
-136 -14
-135 -14
-135 -13
-136 -13
-136 -12
-137 -12
-137 -13
-137 -14
-138 -14
-138 -13
-138 -12
-139 -12
-139 -13
-139 -14
-140 -14
-140 -13
-140 -12
-140 -11
-139 -11
-139 -10
-140 -10
-140 -9
-139 -9
-138 -9
-138 -10
-138 -11
-137 -11
-137 -10
-137 -9
-136 -9
-136 -8
-137 -8
-137 -7
-136 -7
-136 -6
-137 -6
-138 -6
-138 -7
-138 -8
-139 -8
-140 -8
-141 -8
-142 -8
-142 -7
-143 -7
-143 -8
-144 -8
-144 -7
-144 -6
-145 -6
-145 -7
-146 -7
-146 -6
-146 -5
-147 -5
-148 -5
-148 -6
-147 -6
-147 -7
-148 -7
-148 -8
-149 -8
-149 -7
-150 -7
-151 -7
-151 -6
-150 -6
-149 -6
-149 -5
-150 -5
-150 -4
-150 -3
-151 -3
-151 -4
-152 -4
-152 -3
-152 -2
-152 -1
-153 -1
-153 -2
-153 -3
-153 -4
-154 -4
-154 -5
-154 -6
-154 -7
-153 -7
-153 -6
-153 -5
-152 -5
-152 -6
-152 -7
-152 -8
-151 -8
-150 -8
-150 -9
-149 -9
-149 -10
-149 -11
-149 -12
-148 -12
-148 -11
-148 -10
-148 -9
-147 -9
-147 -8
-146 -8
-145 -8
-145 -9
-146 -9
-146 -10
-145 -10
-145 -11
-144 -11
-144 -10
-143 -10
-143 -9
-142 -9
-141 -9
-141 -10
-141 -11
-141 -12
-142 -12
-143 -12
-143 -13
-142 -13
-141 -13
-141 -14
-142 -14
-143 -14
-143 -15
-142 -15
-141 -15
-140 -15
-140 -16
-141 -16
-142 -16
-142 -17
-143 -17
-143 -16
-144 -16
-144 -17
-144 -18
-143 -18
-142 -18
-142 -19
-143 -19
-144 -19
-145 -19
-145 -20
-144 -20
-144 -21
-145 -21
-146 -21
-146 -20
-147 -20
-148 -20
-148 -21
-147 -21
-147 -22
-147 -23
-146 -23
-146 -22
-145 -22
-145 -23
-144 -23
-143 -23
-142 -23
-142 -22
-141 -22
-141 -23
-140 -23
-139 -23
-138 -23
-138 -22
-138 -21
-137 -21
-137 -20
-137 -19
-136 -19
-136 -20
-136 -21
-135 -21
-135 -20
-134 -20
-133 -20
-133 -21
-133 -22
-132 -22
-132 -23
-131 -23
-131 -24
-131 -25
-131 -26
-132 -26
-133 -26
-134 -26
-135 -26
-135 -25
-135 -24
-136 -24
-136 -23
-136 -22
-137 -22
-137 -23
-137 -24
-138 -24
-139 -24
-139 -25
-138 -25
-138 -26
-137 -26
-137 -27
-136 -27
-136 -28
-137 -28
-138 -28
-139 -28
-140 -28
-140 -29
-140 -30
-140 -31
-139 -31
-139 -30
-139 -29
-138 -29
-137 -29
-136 -29
-135 -29
-135 -28
-134 -28
-134 -27
-133 -27
-133 -28
-133 -29
-134 -29
-134 -30
-133 -30
-132 -30
-132 -29
-132 -28
-132 -27
-131 -27
-131 -28
-131 -29
-131 -30
-130 -30
-130 -31
-129 -31
-128 -31
-128 -32
-129 -32
-130 -32
-130 -33
-130 -34
-130 -35
-130 -36
-131 -36
-131 -37
-132 -37
-132 -36
-133 -36
-133 -35
-132 -35
-131 -35
-131 -34
-132 -34
-133 -34
-133 -33
-133 -32
-134 -32
-134 -31
-135 -31
-135 -30
-136 -30
-136 -31
-137 -31
-137 -30
-138 -30
-138 -31
-138 -32
-137 -32
-137 -33
-137 -34
-138 -34
-139 -34
-139 -35
-140 -35
-140 -34
-140 -33
-139 -33
-139 -32
-140 -32
-141 -32
-141 -31
-141 -30
-142 -30
-143 -30
-143 -29
-143 -28
-142 -28
-142 -29
-141 -29
-141 -28
-141 -27
-141 -26
-142 -26
-142 -27
-143 -27
-143 -26
-143 -25
-144 -25
-144 -26
-144 -27
-144 -28
-144 -29
-145 -29
-146 -29
-147 -29
-147 -28
-147 -27
-148 -27
-149 -27
-150 -27
-150 -26
-150 -25
-151 -25
-152 -25
-152 -24
-152 -23
-151 -23
-150 -23
-149 -23
-149 -24
-148 -24
-148 -23
-148 -22
-149 -22
-150 -22
-151 -22
-152 -22
-153 -22
-154 -22
-154 -21
-155 -21
-155 -22
-156 -22
-156 -23
-155 -23
-154 -23
-154 -24
-155 -24
-156 -24
-156 -25
-155 -25
-154 -25
-154 -26
-153 -26
-152 -26
-152 -27
-153 -27
-153 -28
-152 -28
-152 -29
-153 -29
-154 -29
-154 -28
-155 -28
-155 -29
-156 -29
-157 -29
-158 -29
-158 -28
-159 -28
-159 -27
-159 -26
-159 -25
-159 -24
-159 -23
-159 -22
-158 -22
-157 -22
-157 -21
-158 -21
-159 -21
-159 -20
-159 -19
-160 -19
-160 -20
-161 -20
-161 -19
-161 -18
-160 -18
-160 -17
-161 -17
-162 -17
-162 -16
-162 -15
-161 -15
-161 -16
-160 -16
-160 -15
-159 -15
-158 -15
-157 -15
-156 -15
-155 -15
-155 -14
-156 -14
-156 -13
-155 -13
-155 -12
-156 -12
-157 -12
-157 -13
-157 -14
-158 -14
-159 -14
-160 -14
-161 -14
-162 -14
-162 -13
-162 -12
-161 -12
-161 -11
-162 -11
-163 -11
-163 -12
-164 -12
-165 -12
-166 -12
-167 -12
-168 -12
-168 -13
-167 -13
-166 -13
-165 -13
-164 -13
-164 -14
-163 -14
-163 -15
-164 -15
-165 -15
-165 -14
-166 -14
-167 -14
-168 -14
-168 -15
-167 -15
-167 -16
-168 -16
-168 -17
-168 -18
-169 -18
-169 -17
-170 -17
-171 -17
-171 -18
-172 -18
-172 -19
-172 -20
-173 -20
-174 -20
-175 -20
-175 -19
-174 -19
-173 -19
-173 -18
-174 -18
-174 -17
-174 -16
-174 -15
-174 -14
-174 -13
-175 -13
-176 -13
-176 -12
-175 -12
-174 -12
-174 -11
-174 -10
-175 -10
-175 -11
-176 -11
-177 -11
-177 -12
-178 -12
-178 -11
-179 -11
-179 -10
-178 -10
-178 -9
-179 -9
-180 -9
-180 -10
-181 -10
-182 -10
-183 -10
-183 -11
-184 -11
-184 -12
-183 -12
-183 -13
-184 -13
-184 -14
-185 -14
-186 -14
-186 -15
-187 -15
-187 -14
-188 -14
-189 -14
-189 -15
-190 -15
-190 -14
-191 -14
-191 -15
-191 -16
-190 -16
-190 -17
-190 -18
-190 -19
-191 -19
-192 -19
-193 -19
-193 -20
-192 -20
-191 -20
-191 -21
-190 -21
-190 -20
-189 -20
-188 -20
-188 -19
-187 -19
-187 -20
-187 -21
-186 -21
-185 -21
-185 -20
-185 -19
-185 -18
-184 -18
-184 -17
-185 -17
-186 -17
-186 -16
-185 -16
-185 -15
-184 -15
-184 -16
-183 -16
-182 -16
-182 -17
-183 -17
-183 -18
-182 -18
-181 -18
-181 -19
-181 -20
-181 -21
-181 -22
-182 -22
-182 -23
-181 -23
-181 -24
-180 -24
-179 -24
-179 -25
-178 -25
-178 -26
-178 -27
-178 -28
-179 -28
-179 -27
-179 -26
-180 -26
-181 -26
-182 -26
-182 -27
-181 -27
-180 -27
-180 -28
-181 -28
-182 -28
-182 -29
-182 -30
-183 -30
-184 -30
-184 -31
-184 -32
-185 -32
-185 -31
-185 -30
-186 -30
-187 -30
-188 -30
-188 -31
-187 -31
-186 -31
-186 -32
-186 -33
-186 -34
-187 -34
-187 -35
-188 -35
-188 -34
-189 -34
-190 -34
-190 -33
-189 -33
-188 -33
-187 -33
-187 -32
-188 -32
-189 -32
-190 -32
-190 -31
-191 -31
-191 -30
-192 -30
-193 -30
-193 -29
-193 -28
-192 -28
-192 -29
-191 -29
-190 -29
-189 -29
-188 -29
-187 -29
-186 -29
-185 -29
-184 -29
-184 -28
-185 -28
-185 -27
-184 -27
-183 -27
-183 -26
-184 -26
-184 -25
-185 -25
-185 -24
-185 -23
-186 -23
-187 -23
-187 -24
-187 -25
-187 -26
-188 -26
-188 -27
-188 -28
-189 -28
-189 -27
-190 -27
-191 -27
-191 -26
-190 -26
-190 -25
-190 -24
-189 -24
-188 -24
-188 -23
-188 -22
-188 -21
-189 -21
-189 -22
-189 -23
-190 -23
-191 -23
-191 -24
-191 -25
-192 -25
-193 -25
-193 -26
-192 -26
-192 -27
-193 -27
-194 -27
-194 -26
-194 -25
-194 -24
-193 -24
-192 -24
-192 -23
-193 -23
-194 -23
-194 -22
-193 -22
-192 -22
-192 -21
-193 -21
-194 -21
-194 -20
-195 -20
-196 -20
-197 -20
-197 -21
-196 -21
-195 -21
-195 -22
-195 -23
-195 -24
-196 -24
-196 -23
-197 -23
-197 -22
-198 -22
-199 -22
-200 -22
-200 -21
-199 -21
-199 -20
-198 -20
-198 -19
-198 -18
-199 -18
-199 -17
-198 -17
-198 -16
-199 -16
-199 -15
-198 -15
-197 -15
-196 -15
-195 -15
-195 -14
-196 -14
-196 -13
-196 -12
-196 -11
-197 -11
-197 -12
-197 -13
-198 -13
-198 -12
-198 -11
-199 -11
-200 -11
-200 -10
-200 -9
-199 -9
-198 -9
-198 -8
-199 -8
-199 -7
-198 -7
-198 -6
-199 -6
-199 -5
-200 -5
-200 -4
-200 -3
-201 -3
-201 -4
-201 -5
-202 -5
-202 -6
-202 -7
-203 -7
-203 -6
-204 -6
-204 -7
-205 -7
-205 -6
-206 -6
-206 -5
-207 -5
-208 -5
-208 -4
-208 -3
-207 -3
-206 -3
-206 -2
-206 -1
-207 -1
-207 0
-208 0
-209 0
-209 1
-210 1
-210 2
-211 2
-211 3
-210 3
-209 3
-209 2
-208 2
-208 3
-208 4
-208 5
-208 6
-209 6
-209 5
-209 4
-210 4
-210 5
-210 6
-211 6
-211 5
-212 5
-213 5
-214 5
-215 5
-215 4
-216 4
-216 5
-216 6
-215 6
-215 7
-216 7
-217 7
-218 7
-219 7
-219 6
-219 5
-219 4
-219 3
-218 3
-218 2
-217 2
-217 3
-216 3
-216 2
-216 1
-217 1
-218 1
-218 0
-217 0
-217 -1
-217 -2
-216 -2
-216 -3
-216 -4
-216 -5
-217 -5
-218 -5
-218 -6
-218 -7
-219 -7
-219 -8
-220 -8
-220 -7
-221 -7
-221 -6
-221 -5
-220 -5
-219 -5
-219 -4
-220 -4
-221 -4
-222 -4
-223 -4
-223 -3
-223 -2
-222 -2
-221 -2
-221 -3
-220 -3
-219 -3
-218 -3
-218 -2
-218 -1
-219 -1
-219 -2
-220 -2
-220 -1
-220 0
-219 0
-219 1
-220 1
-220 2
-220 3
-221 3
-221 4
-221 5
-222 5
-222 4
-222 3
-223 3
-224 3
-224 2
-223 2
-223 1
-223 0
-222 0
-221 0
-221 -1
-222 -1
-223 -1
-224 -1
-224 -2
-224 -3
-225 -3
-226 -3
-227 -3
-227 -2
-227 -1
-226 -1
-226 -2
-225 -2
-225 -1
-225 0
-225 1
-225 2
-226 2
-226 3
-226 4
-227 4
-227 5
-226 5
-226 6
-226 7
-227 7
-228 7
-228 8
-229 8
-230 8
-230 7
-231 7
-231 6
-231 5
-232 5
-232 6
-232 7
-232 8
-232 9
-232 10
-232 11
-231 11
-231 12
-232 12
-233 12
-233 11
-233 10
-234 10
-234 11
-234 12
-235 12
-235 11
-236 11
-236 10
-235 10
-235 9
-234 9
-234 8
-233 8
-233 7
-233 6
-233 5
-234 5
-234 4
-234 3
-235 3
-235 4
-235 5
-236 5
-236 4
-236 3
-237 3
-237 4
-238 4
-238 3
-238 2
-237 2
-237 1
-238 1
-238 0
-239 0
-239 -1
-240 -1
-241 -1
-242 -1
-242 -2
-242 -3
-243 -3
-244 -3
-244 -4
-245 -4
-245 -3
-246 -3
-247 -3
-248 -3
-248 -2
-247 -2
-246 -2
-246 -1
-247 -1
-247 0
-248 0
-248 1
-249 1
-250 1
-250 2
-250 3
-251 3
-252 3
-252 4
-252 5
-253 5
-253 6
-253 7
-254 7
-254 8
-253 8
-252 8
-251 8
-251 7
-250 7
-250 6
-249 6
-249 5
-249 4
-249 3
-249 2
-248 2
-248 3
-247 3
-247 2
-246 2
-246 3
-246 4
-245 4
-245 5
-244 5
-243 5
-243 4
-243 3
-242 3
-242 4
-242 5
-241 5
-241 4
-241 3
-241 2
-242 2
-243 2
-243 1
-243 0
-242 0
-242 1
-241 1
-241 0
-240 0
-240 1
-239 1
-239 2
-240 2
-240 3
-239 3
-239 4
-240 4
-240 5
-239 5
-238 5
-237 5
-237 6
-238 6
-239 6
-239 7
-239 8
-238 8
-238 7
-237 7
-237 8
-236 8
-236 9
-237 9
-238 9
-238 10
-237 10
-237 11
-238 11
-238 12
-237 12
-236 12
-236 13
-236 14
-237 14
-237 15
-238 15
-239 15
-240 15
-240 16
-240 17
-241 17
-242 17
-242 18
-242 19
-243 19
-244 19
-245 19
-245 18
-246 18
-246 19
-247 19
-247 18
-248 18
-249 18
-250 18
-251 18
-252 18
-252 17
-252 16
-252 15
-251 15
-251 14
-252 14
-253 14
-253 15
-253 16
-253 17
-253 18
-253 19
-253 20
-253 21
-254 21
-254 20
-254 19
-255 19
-255 18
-254 18
-254 17
-255 17
-256 17
-256 18
-257 18
-257 19
-257 20
-258 20
-258 21
-257 21
-256 21
-256 22
-256 23
-255 23
-254 23
-254 22
-253 22
-253 23
-252 23
-252 22
-251 22
-251 21
-250 21
-250 22
-249 22
-249 23
-249 24
-249 25
-248 25
-248 24
-248 23
-248 22
-247 22
-247 23
-247 24
-247 25
-246 25
-245 25
-245 26
-244 26
-244 25
-244 24
-244 23
-245 23
-245 24
-246 24
-246 23
-246 22
-245 22
-244 22
-244 21
-245 21
-245 20
-244 20
-243 20
-243 21
-243 22
-242 22
-241 22
-240 22
-240 23
-240 24
-241 24
-241 25
-240 25
-239 25
-238 25
-238 26
-238 27
-239 27
-239 28
-239 29
-238 29
-238 30
-237 30
-237 29
-236 29
-236 28
-237 28
-237 27
-236 27
-235 27
-235 28
-234 28
-234 27
-233 27
-233 26
-233 25
-234 25
-234 26
-235 26
-236 26
-237 26
-237 25
-237 24
-236 24
-235 24
-234 24
-233 24
-233 23
-233 22
-232 22
-232 23
-231 23
-230 23
-230 24
-229 24
-229 25
-230 25
-231 25
-231 24
-232 24
-232 25
-232 26
-231 26
-230 26
-230 27
-230 28
-231 28
-231 29
-230 29
-229 29
-228 29
-228 28
-229 28
-229 27
-229 26
-228 26
-227 26
-226 26
-226 25
-226 24
-226 23
-225 23
-225 22
-224 22
-223 22
-223 21
-224 21
-225 21
-226 21
-226 20
-225 20
-224 20
-223 20
-223 19
-222 19
-222 18
-223 18
-223 17
-224 17
-224 18
-224 19
-225 19
-225 18
-225 17
-226 17
-226 18
-226 19
-227 19
-227 20
-228 20
-228 21
-229 21
-229 20
-230 20
-230 19
-231 19
-231 18
-231 17
-232 17
-232 16
-233 16
-233 15
-232 15
-232 14
-232 13
-231 13
-231 14
-231 15
-231 16
-230 16
-230 15
-230 14
-230 13
-230 12
-229 12
-229 13
-229 14
-229 15
-229 16
-228 16
-228 17
-229 17
-230 17
-230 18
-229 18
-229 19
-228 19
-228 18
-227 18
-227 17
-227 16
-226 16
-225 16
-225 15
-225 14
-226 14
-226 15
-227 15
-227 14
-228 14
-228 13
-227 13
-226 13
-225 13
-224 13
-224 14
-223 14
-223 13
-223 12
-222 12
-221 12
-221 13
-222 13
-222 14
-222 15
-222 16
-222 17
-221 17
-221 16
-221 15
-221 14
-220 14
-220 15
-220 16
-220 17
-219 17
-219 16
-218 16
-218 17
-217 17
-217 18
-218 18
-218 19
-219 19
-219 18
-220 18
-221 18
-221 19
-220 19
-220 20
-219 20
-219 21
-218 21
-217 21
-217 20
-216 20
-215 20
-215 21
-216 21
-216 22
-216 23
-217 23
-218 23
-218 22
-219 22
-219 23
-219 24
-219 25
-220 25
-221 25
-221 26
-222 26
-222 27
-222 28
-222 29
-222 30
-223 30
-223 31
-223 32
-223 33
-224 33
-224 32
-225 32
-226 32
-226 33
-226 34
-225 34
-225 35
-225 36
-226 36
-226 35
-227 35
-227 36
-228 36
-228 37
-228 38
-227 38
-227 37
-226 37
-225 37
-224 37
-224 36
-224 35
-224 34
-223 34
-222 34
-222 35
-223 35
-223 36
-222 36
-221 36
-220 36
-220 37
-221 37
-222 37
-223 37
-223 38
-224 38
-224 39
-223 39
-223 40
-224 40
-224 41
-225 41
-226 41
-227 41
-228 41
-228 40
-229 40
-229 39
-230 39
-231 39
-231 40
-230 40
-230 41
-231 41
-231 42
-230 42
-229 42
-228 42
-228 43
-227 43
-227 42
-226 42
-226 43
-226 44
-226 45
-225 45
-224 45
-224 44
-223 44
-222 44
-222 45
-223 45
-223 46
-224 46
-224 47
-224 48
-225 48
-226 48
-226 47
-226 46
-227 46
-227 45
-228 45
-228 46
-228 47
-228 48
-229 48
-229 49
-228 49
-228 50
-228 51
-227 51
-227 52
-227 53
-227 54
-227 55
-226 55
-226 56
-227 56
-227 57
-226 57
-225 57
-225 58
-226 58
-227 58
-228 58
-229 58
-230 58
-230 59
-230 60
-230 61
-231 61
-231 62
-230 62
-229 62
-229 63
-229 64
-228 64
-228 63
-228 62
-228 61
-229 61
-229 60
-229 59
-228 59
-227 59
-226 59
-226 60
-227 60
-227 61
-226 61
-225 61
-225 62
-226 62
-226 63
-227 63
-227 64
-227 65
-227 66
-228 66
-229 66
-230 66
-231 66
-231 67
-231 68
-231 69
-231 70
-230 70
-230 69
-230 68
-230 67
-229 67
-228 67
-227 67
-226 67
-226 68
-227 68
-228 68
-228 69
-228 70
-228 71
-229 71
-230 71
-231 71
-231 72
-232 72
-232 71
-232 70
-232 69
-232 68
-232 67
-233 67
-233 66
-233 65
-232 65
-232 64
-232 63
-232 62
-233 62
-233 61
-233 60
-232 60
-231 60
-231 59
-232 59
-232 58
-231 58
-231 57
-232 57
-233 57
-234 57
-234 58
-233 58
-233 59
-234 59
-235 59
-235 60
-235 61
-236 61
-237 61
-237 60
-236 60
-236 59
-236 58
-235 58
-235 57
-236 57
-237 57
-237 58
-238 58
-239 58
-239 57
-240 57
-240 58
-241 58
-242 58
-243 58
-244 58
-244 57
-245 57
-246 57
-246 58
-246 59
-245 59
-244 59
-243 59
-243 60
-244 60
-245 60
-245 61
-244 61
-243 61
-243 62
-242 62
-242 61
-241 61
-240 61
-240 60
-241 60
-242 60
-242 59
-241 59
-240 59
-239 59
-239 60
-238 60
-238 61
-239 61
-239 62
-240 62
-240 63
-239 63
-239 64
-238 64
-238 65
-238 66
-238 67
-237 67
-236 67
-235 67
-235 66
-234 66
-234 67
-234 68
-235 68
-236 68
-236 69
-236 70
-236 71
-237 71
-237 70
-237 69
-237 68
-238 68
-239 68
-239 67
-240 67
-241 67
-241 68
-242 68
-242 67
-242 66
-241 66
-241 65
-242 65
-242 64
-243 64
-243 65
-243 66
-244 66
-244 65
-245 65
-246 65
-246 64
-245 64
-245 63
-246 63
-247 63
-247 64
-247 65
-248 65
-248 64
-248 63
-249 63
-250 63
-251 63
-251 64
-250 64
-250 65
-251 65
-252 65
-252 66
-251 66
-251 67
-251 68
-250 68
-249 68
-249 69
-249 70
-250 70
-250 71
-251 71
-251 72
-252 72
-252 71
-253 71
-254 71
-254 72
-255 72
-256 72
-256 71
-255 71
-255 70
-256 70
-256 69
-255 69
-254 69
-253 69
-253 68
-253 67
-253 66
-254 66
-254 65
-253 65
-253 64
-254 64
-254 63
-253 63
-252 63
-252 62
-251 62
-250 62
-249 62
-248 62
-247 62
-246 62
-246 61
-247 61
-247 60
-248 60
-248 61
-249 61
-249 60
-250 60
-250 59
-251 59
-252 59
-252 60
-252 61
-253 61
-253 62
-254 62
-255 62
-255 61
-255 60
-255 59
-255 58
-256 58
-257 58
-257 59
-256 59
-256 60
-256 61
-256 62
-256 63
-255 63
-255 64
-256 64
-257 64
-257 63
-257 62
-258 62
-258 61
-257 61
-257 60
-258 60
-259 60
-260 60
-261 60
-262 60
-262 59
-262 58
-263 58
-263 59
-264 59
-264 60
-264 61
-264 62
-265 62
-265 63
-264 63
-263 63
-262 63
-262 64
-263 64
-263 65
-263 66
-263 67
-263 68
-263 69
-264 69
-264 70
-263 70
-262 70
-262 71
-263 71
-264 71
-264 72
-263 72
-263 73
-264 73
-264 74
-263 74
-263 75
-264 75
-265 75
-265 74
-265 73
-265 72
-265 71
-265 70
-265 69
-265 68
-265 67
-264 67
-264 66
-265 66
-265 65
-264 65
-264 64
-265 64
-266 64
-266 65
-266 66
-267 66
-268 66
-269 66
-269 67
-270 67
-270 68
-269 68
-268 68
-268 67
-267 67
-267 68
-267 69
-266 69
-266 70
-267 70
-267 71
-268 71
-269 71
-269 70
-268 70
-268 69
-269 69
-270 69
-270 70
-271 70
-272 70
-272 69
-271 69
-271 68
-271 67
-271 66
-272 66
-272 67
-273 67
-274 67
-274 66
-273 66
-273 65
-274 65
-274 64
-274 63
-275 63
-275 62
-276 62
-276 61
-275 61
-274 61
-274 62
-273 62
-273 63
-273 64
-272 64
-272 65
-271 65
-271 64
-271 63
-272 63
-272 62
-271 62
-271 61
-270 61
-269 61
-268 61
-268 62
-269 62
-270 62
-270 63
-270 64
-270 65
-269 65
-269 64
-268 64
-268 65
-267 65
-267 64
-267 63
-267 62
-267 61
-266 61
-266 60
-267 60
-267 59
-268 59
-269 59
-270 59
-270 58
-270 57
-270 56
-271 56
-271 57
-271 58
-271 59
-272 59
-272 58
-272 57
-272 56
-273 56
-273 57
-273 58
-274 58
-274 57
-275 57
-275 56
-274 56
-274 55
-274 54
-273 54
-273 55
-272 55
-272 54
-271 54
-270 54
-269 54
-268 54
-268 53
-269 53
-269 52
-268 52
-267 52
-267 51
-267 50
-268 50
-269 50
-269 51
-270 51
-270 50
-270 49
-269 49
-269 48
-270 48
-270 47
-271 47
-271 46
-272 46
-272 45
-271 45
-270 45
-270 46
-269 46
-269 45
-268 45
-268 44
-269 44
-269 43
-269 42
-270 42
-270 41
-270 40
-270 39
-269 39
-269 40
-269 41
-268 41
-268 42
-268 43
-267 43
-267 42
-267 41
-266 41
-266 42
-265 42
-265 41
-265 40
-266 40
-267 40
-268 40
-268 39
-267 39
-267 38
-266 38
-266 37
-265 37
-265 38
-264 38
-264 37
-264 36
-264 35
-265 35
-265 36
-266 36
-266 35
-267 35
-267 34
-268 34
-269 34
-269 33
-270 33
-270 34
-271 34
-272 34
-272 35
-272 36
-272 37
-271 37
-271 36
-271 35
-270 35
-270 36
-269 36
-269 35
-268 35
-268 36
-267 36
-267 37
-268 37
-269 37
-270 37
-270 38
-271 38
-272 38
-272 39
-272 40
-271 40
-271 41
-271 42
-271 43
-270 43
-270 44
-271 44
-272 44
-273 44
-273 43
-273 42
-273 41
-274 41
-274 42
-274 43
-275 43
-276 43
-276 42
-275 42
-275 41
-276 41
-277 41
-277 42
-277 43
-278 43
-278 42
-278 41
-279 41
-279 42
-279 43
-280 43
-281 43
-281 42
-280 42
-280 41
-280 40
-280 39
-280 38
-281 38
-281 39
-281 40
-281 41
-282 41
-282 40
-282 39
-283 39
-283 40
-283 41
-284 41
-284 42
-284 43
-283 43
-283 42
-282 42
-282 43
-282 44
-281 44
-280 44
-279 44
-278 44
-277 44
-276 44
-275 44
-275 45
-274 45
-274 46
-275 46
-276 46
-276 45
-277 45
-277 46
-277 47
-277 48
-277 49
-278 49
-279 49
-280 49
-281 49
-281 48
-282 48
-283 48
-283 47
-282 47
-282 46
-282 45
-283 45
-283 46
-284 46
-284 47
-284 48
-285 48
-285 47
-285 46
-286 46
-286 47
-286 48
-287 48
-287 49
-287 50
-287 51
-287 52
-286 52
-286 51
-286 50
-286 49
-285 49
-284 49
-284 50
-283 50
-283 49
-282 49
-282 50
-281 50
-280 50
-279 50
-279 51
-280 51
-281 51
-281 52
-281 53
-282 53
-282 52
-282 51
-283 51
-284 51
-285 51
-285 52
-285 53
-285 54
-284 54
-284 55
-285 55
-285 56
-286 56
-286 55
-286 54
-286 53
-287 53
-288 53
-289 53
-290 53
-290 54
-289 54
-289 55
-289 56
-288 56
-287 56
-287 57
-288 57
-289 57
-289 58
-290 58
-290 57
-291 57
-291 56
-290 56
-290 55
-291 55
-291 54
-292 54
-292 53
-293 53
-294 53
-294 52
-293 52
-292 52
-292 51
-293 51
-294 51
-294 50
-295 50
-296 50
-297 50
-298 50
-298 49
-298 48
-297 48
-297 47
-296 47
-295 47
-295 46
-296 46
-297 46
-298 46
-298 47
-299 47
-299 48
-300 48
-301 48
-301 49
-301 50
-301 51
-302 51
-303 51
-303 50
-302 50
-302 49
-303 49
-304 49
-304 48
-305 48
-305 49
-306 49
-306 48
-306 47
-306 46
-307 46
-307 45
-308 45
-309 45
-309 46
-309 47
-309 48
-310 48
-310 49
-311 49
-311 50
-312 50
-312 49
-313 49
-313 50
-313 51
-312 51
-311 51
-310 51
-310 52
-311 52
-312 52
-313 52
-314 52
-315 52
-316 52
-317 52
-317 51
-318 51
-318 52
-319 52
-320 52
-320 51
-320 50
-320 49
-321 49
-321 50
-321 51
-322 51
-322 52
-323 52
-323 53
-322 53
-321 53
-321 54
-321 55
-321 56
-320 56
-320 57
-320 58
-321 58
-321 59
-321 60
-321 61
-320 61
-319 61
-319 60
-320 60
-320 59
-319 59
-319 58
-318 58
-318 59
-318 60
-318 61
-318 62
-319 62
-319 63
-320 63
-321 63
-322 63
-322 64
-321 64
-320 64
-320 65
-319 65
-319 66
-318 66
-318 65
-317 65
-317 66
-316 66
-315 66
-315 65
-315 64
-314 64
-313 64
-313 63
-313 62
-314 62
-314 63
-315 63
-316 63
-316 64
-317 64
-318 64
-318 63
-317 63
-317 62
-316 62
-316 61
-315 61
-314 61
-314 60
-315 60
-316 60
-316 59
-316 58
-315 58
-315 59
-314 59
-313 59
-313 58
-312 58
-312 59
-312 60
-313 60
-313 61
-312 61
-312 62
-311 62
-310 62
-310 61
-309 61
-309 60
-310 60
-310 59
-310 58
-309 58
-309 59
-308 59
-308 60
-308 61
-308 62
-308 63
-308 64
-309 64
-310 64
-310 63
-311 63
-312 63
-312 64
-311 64
-311 65
-310 65
-309 65
-309 66
-308 66
-308 67
-308 68
-307 68
-307 67
-307 66
-306 66
-305 66
-305 65
-305 64
-304 64
-304 63
-303 63
-303 62
-302 62
-301 62
-301 61
-301 60
-302 60
-303 60
-303 59
-303 58
-303 57
-302 57
-302 56
-301 56
-300 56
-300 55
-300 54
-299 54
-299 53
-299 52
-299 51
-299 50
-299 49
-300 49
-300 50
-300 51
-300 52
-301 52
-302 52
-303 52
-304 52
-304 51
-304 50
-305 50
-305 51
-305 52
