0 1
0 2
0 3
1 3
1 4
1 5
2 5
2 4
3 4
4 4
4 3
3 3
2 3
2 2
3 2
4 2
5 2
5 3
5 4
6 4
6 3
6 2
6 1
6 0
6 -1
7 -1
7 0
7 1
7 2
8 2
8 3
9 3
9 4
8 4
7 4
7 5
6 5
6 6
7 6
8 6
8 7
9 7
9 6
10 6
10 5
11 5
11 4
11 3
10 3
10 2
11 2
11 1
12 1
12 2
12 3
12 4
12 5
13 5
14 5
15 5
15 4
14 4
13 4
13 3
13 2
14 2
15 2
15 3
16 3
16 4
16 5
17 5
17 6
16 6
15 6
15 7
15 8
16 8
17 8
17 9
16 9
16 10
16 11
17 11
17 10
18 10
18 9
18 8
18 7
18 6
19 6
20 6
21 6
21 7
21 8
21 9
22 9
22 8
22 7
23 7
23 6
22 6
22 5
21 5
20 5
20 4
21 4
21 3
22 3
22 2
21 2
20 2
20 1
21 1
22 1
22 0
21 0
21 -1
20 -1
19 -1
19 0
18 0
18 -1
18 -2
17 -2
17 -1
17 0
17 1
16 1
16 0
16 -1
16 -2
16 -3
15 -3
15 -2
15 -1
14 -1
14 0
15 0
15 1
14 1
13 1
13 0
12 0
11 0
10 0
10 -1
10 -2
10 -3
11 -3
11 -2
11 -1
12 -1
12 -2
12 -3
13 -3
13 -4
12 -4
12 -5
12 -6
12 -7
12 -8
11 -8
11 -7
11 -6
11 -5
11 -4
10 -4
9 -4
9 -5
9 -6
10 -6
10 -7
10 -8
10 -9
9 -9
8 -9
8 -8
7 -8
7 -9
6 -9
5 -9
4 -9
4 -10
4 -11
5 -11
5 -10
6 -10
6 -11
7 -11
7 -12
6 -12
6 -13
6 -14
5 -14
4 -14
4 -13
5 -13
5 -12
4 -12
3 -12
3 -11
3 -10
3 -9
3 -8
3 -7
3 -6
2 -6
2 -7
1 -7
1 -8
2 -8
2 -9
1 -9
0 -9
0 -10
1 -10
1 -11
0 -11
-1 -11
-1 -10
-1 -9
-1 -8
0 -8
0 -7
0 -6
-1 -6
-1 -7
-2 -7
-2 -6
-2 -5
-3 -5
-3 -6
-3 -7
-3 -8
-4 -8
-5 -8
-5 -7
-6 -7
-6 -6
-6 -5
-5 -5
-5 -4
-5 -3
-6 -3
-6 -4
-7 -4
-8 -4
-8 -5
-8 -6
-9 -6
-9 -5
-9 -4
-9 -3
-8 -3
-7 -3
-7 -2
-7 -1
-7 0
-8 0
-8 1
-7 1
-7 2
-7 3
-7 4
-7 5
-8 5
-8 4
-8 3
-8 2
-9 2
-10 2
-11 2
-11 3
-10 3
-10 4
-11 4
-12 4
-13 4
-13 5
-12 5
-11 5
-11 6
-10 6
-10 5
-9 5
-9 6
-8 6
-7 6
-6 6
-6 7
-6 8
-5 8
-5 9
-5 10
-4 10
-4 11
-5 11
-6 11
-6 12
-7 12
-7 13
-8 13
-9 13
-9 12
-9 11
-8 11
-8 10
-7 10
-7 9
-8 9
-9 9
-9 8
-10 8
-10 7
-11 7
-12 7
-12 6
-13 6
-13 7
-13 8
-13 9
-13 10
-12 10
-12 9
-12 8
-11 8
-11 9
-11 10
-10 10
-10 11
-10 12
-10 13
-10 14
-9 14
-8 14
-7 14
-6 14
-6 13
-5 13
-5 12
-4 12
-3 12
-3 11
-2 11
-2 10
-2 9
-1 9
-1 10
0 10
0 11
-1 11
-1 12
-2 12
-2 13
-3 13
-4 13
-4 14
-4 15
-4 16
-5 16
-6 16
-6 15
-7 15
-7 16
-8 16
-8 15
-9 15
-10 15
-10 16
-11 16
-11 15
-11 14
-11 13
-11 12
-11 11
-12 11
-13 11
-14 11
-15 11
-15 12
-14 12
-13 12
-12 12
-12 13
-12 14
-13 14
-13 13
-14 13
-15 13
-15 14
-14 14
-14 15
-13 15
-12 15
-12 16
-12 17
-13 17
-13 16
-14 16
-14 17
-14 18
-13 18
-13 19
-13 20
-12 20
-11 20
-11 21
-12 21
-12 22
-13 22
-13 21
-14 21
-14 20
-15 20
-15 21
-15 22
-16 22
-16 23
-17 23
-17 22
-17 21
-18 21
-18 20
-17 20
-17 19
-16 19
-16 18
-15 18
-15 17
-15 16
-16 16
-16 17
-17 17
-17 16
-18 16
-18 17
-19 17
-20 17
-21 17
-22 17
-22 18
-21 18
-20 18
-19 18
-19 19
-20 19
-20 20
-21 20
-21 19
-22 19
-22 20
-23 20
-24 20
-24 19
-23 19
-23 18
-23 17
-24 17
-24 18
-25 18
-25 19
-26 19
-26 18
-27 18
-28 18
-29 18
-29 19
-30 19
-30 18
-30 17
-29 17
-28 17
-27 17
-27 16
-28 16
-29 16
-30 16
-30 15
-31 15
-32 15
-33 15
-33 14
-33 13
-32 13
-31 13
-31 12
-32 12
-33 12
-33 11
-34 11
-35 11
-35 10
-35 9
-35 8
-36 8
-37 8
-37 7
-37 6
-36 6
-36 7
-35 7
-34 7
-33 7
-33 6
-33 5
-34 5
-34 4
-34 3
-34 2
-34 1
-34 0
-34 -1
-33 -1
-32 -1
-31 -1
-31 0
-30 0
-30 -1
-29 -1
-28 -1
-28 -2
-29 -2
-30 -2
-30 -3
-31 -3
-31 -4
-32 -4
-32 -3
-32 -2
-33 -2
-34 -2
-34 -3
-33 -3
-33 -4
-34 -4
-35 -4
-35 -3
-35 -2
-36 -2
-36 -1
-35 -1
-35 0
-35 1
-35 2
-35 3
-36 3
-36 4
-36 5
-37 5
-37 4
-37 3
-38 3
-39 3
-39 4
-38 4
-38 5
-38 6
-39 6
-39 7
-38 7
-38 8
-39 8
-39 9
-38 9
-37 9
-36 9
-36 10
-37 10
-38 10
-38 11
-38 12
-38 13
-39 13
-39 12
-39 11
-40 11
-40 10
-40 9
-40 8
-40 7
-41 7
-41 8
-41 9
-41 10
-41 11
-42 11
-42 12
-41 12
-40 12
-40 13
-41 13
-42 13
-42 14
-41 14
-41 15
-42 15
-42 16
-41 16
-40 16
-40 15
-39 15
-39 16
-38 16
-37 16
-37 15
-38 15
-38 14
-37 14
-36 14
-36 13
-35 13
-35 14
-35 15
-36 15
-36 16
-36 17
-35 17
-35 18
-34 18
-34 17
-33 17
-33 18
-33 19
-34 19
-35 19
-36 19
-36 20
-37 20
-37 21
-38 21
-38 20
-38 19
-38 18
-39 18
-39 17
-40 17
-40 18
-41 18
-41 17
-42 17
-42 18
-42 19
-43 19
-43 18
-44 18
-45 18
-45 19
-44 19
-44 20
-45 20
-46 20
-46 19
-46 18
-47 18
-47 19
-47 20
-47 21
-46 21
-46 22
-47 22
-47 23
-47 24
-46 24
-45 24
-44 24
-44 23
-45 23
-45 22
-45 21
-44 21
-43 21
-42 21
-42 22
-42 23
-42 24
-42 25
-42 26
-43 26
-44 26
-45 26
-46 26
-46 25
-47 25
-47 26
-48 26
-48 25
-48 24
-48 23
-49 23
-49 22
-48 22
-48 21
-49 21
-49 20
-48 20
-48 19
-49 19
-49 18
-49 17
-50 17
-51 17
-51 18
-52 18
-52 17
-52 16
-51 16
-50 16
-49 16
-49 15
-49 14
-48 14
-47 14
-46 14
-45 14
-45 15
-44 15
-44 14
-43 14
-43 13
-44 13
-44 12
-43 12
-43 11
-44 11
-44 10
-43 10
-42 10
-42 9
-42 8
-43 8
-44 8
-45 8
-45 9
-45 10
-46 10
-46 9
-46 8
-46 7
-45 7
-44 7
-44 6
-45 6
-46 6
-47 6
-47 5
-48 5
-48 6
-49 6
-49 7
-49 8
-49 9
-48 9
-48 8
-47 8
-47 9
-47 10
-48 10
-49 10
-49 11
-50 11
-50 10
-51 10
-51 11
-51 12
-51 13
-50 13
-50 14
-51 14
-52 14
-52 13
-53 13
-54 13
-54 12
-53 12
-53 11
-54 11
-55 11
-56 11
-56 10
-55 10
-54 10
-53 10
-53 9
-54 9
-55 9
-56 9
-56 8
-57 8
-58 8
-59 8
-60 8
-60 7
-59 7
-58 7
-58 6
-59 6
-60 6
-60 5
-61 5
-61 4
-61 3
-61 2
-62 2
-62 3
-62 4
-62 5
-62 6
-61 6
-61 7
-62 7
-62 8
-61 8
-61 9
-62 9
-63 9
-63 8
-64 8
-64 7
-63 7
-63 6
-64 6
-64 5
-64 4
-63 4
-63 3
-63 2
-63 1
-63 0
-64 0
-64 1
-64 2
-64 3
-65 3
-65 4
-66 4
-67 4
-68 4
-68 5
-69 5
-70 5
-70 6
-69 6
-68 6
-68 7
-68 8
-68 9
-67 9
-66 9
-66 8
-66 7
-67 7
-67 6
-67 5
-66 5
-66 6
-65 6
-65 7
-65 8
-65 9
-65 10
-66 10
-66 11
-65 11
-64 11
-64 10
-63 10
-63 11
-63 12
-62 12
-62 11
-62 10
-61 10
-61 11
-60 11
-60 10
-60 9
-59 9
-58 9
-57 9
-57 10
-57 11
-58 11
-58 10
-59 10
-59 11
-59 12
-58 12
-58 13
-57 13
-56 13
-56 12
-55 12
-55 13
-55 14
-55 15
-55 16
-55 17
-56 17
-56 16
-56 15
-56 14
-57 14
-57 15
-57 16
-57 17
-58 17
-58 16
-58 15
-58 14
-59 14
-60 14
-60 15
-59 15
-59 16
-59 17
-59 18
-58 18
-58 19
-59 19
-60 19
-60 20
-59 20
-58 20
-57 20
-57 19
-57 18
-56 18
-56 19
-55 19
-54 19
-54 18
-54 17
-54 16
-54 15
-54 14
-53 14
-53 15
-53 16
-53 17
-53 18
-53 19
-52 19
-51 19
-50 19
-50 20
-51 20
-52 20
-53 20
-53 21
-52 21
-52 22
-53 22
-54 22
-54 21
-55 21
-55 20
-56 20
-56 21
-56 22
-57 22
-58 22
-58 21
-59 21
-60 21
-61 21
-62 21
-63 21
-63 20
-64 20
-64 19
-64 18
-65 18
-65 17
-66 17
-67 17
-68 17
-69 17
-69 16
-68 16
-67 16
-66 16
-65 16
-64 16
-63 16
-63 17
-62 17
-62 18
-63 18
-63 19
-62 19
-61 19
-61 18
-60 18
-60 17
-61 17
-61 16
-62 16
-62 15
-62 14
-63 14
-63 15
-64 15
-64 14
-64 13
-65 13
-65 12
-66 12
-66 13
-66 14
-65 14
-65 15
-66 15
-67 15
-67 14
-67 13
-68 13
-69 13
-70 13
-70 12
-71 12
-71 13
-72 13
-72 12
-72 11
-71 11
-71 10
-70 10
-70 11
-69 11
-68 11
-68 10
-69 10
-69 9
-70 9
-71 9
-72 9
-72 10
-73 10
-73 11
-73 12
-73 13
-74 13
-74 12
-75 12
-75 11
-74 11
-74 10
-75 10
-75 9
-74 9
-73 9
-73 8
-72 8
-71 8
-71 7
-72 7
-73 7
-73 6
-74 6
-75 6
-75 7
-75 8
-76 8
-76 7
-77 7
-77 8
-77 9
-78 9
-79 9
-79 8
-78 8
-78 7
-79 7
-80 7
-80 8
-80 9
-81 9
-81 8
-81 7
-82 7
-82 8
-82 9
-83 9
-84 9
-84 10
-83 10
-82 10
-81 10
-80 10
-79 10
-79 11
-78 11
-78 10
-77 10
-76 10
-76 11
-76 12
-77 12
-78 12
-79 12
-79 13
-78 13
-77 13
-76 13
-76 14
-75 14
-74 14
-73 14
-72 14
-71 14
-70 14
-69 14
-69 15
-70 15
-71 15
-71 16
-71 17
-70 17
-70 18
-71 18
-72 18
-73 18
-73 17
-74 17
-74 18
-75 18
-75 17
-75 16
-74 16
-74 15
-75 15
-76 15
-76 16
-76 17
-76 18
-76 19
-76 20
-75 20
-75 19
-74 19
-73 19
-72 19
-72 20
-71 20
-71 19
-70 19
-70 20
-69 20
-68 20
-68 21
-68 22
-69 22
-69 21
-70 21
-71 21
-72 21
-73 21
-73 20
-74 20
-74 21
-75 21
-75 22
-74 22
-74 23
-73 23
-72 23
-72 24
-73 24
-74 24
-75 24
-75 23
-76 23
-76 22
-76 21
-77 21
-78 21
-78 20
-78 19
-77 19
-77 18
-77 17
-77 16
-77 15
-77 14
-78 14
-78 15
-78 16
-79 16
-79 15
-79 14
-80 14
-81 14
-81 13
-82 13
-82 14
-83 14
-84 14
-84 15
-85 15
-85 14
-85 13
-86 13
-86 12
-85 12
-84 12
-83 12
-82 12
-81 12
-80 12
-80 11
-81 11
-82 11
-83 11
-84 11
-85 11
-86 11
-86 10
-87 10
-88 10
-88 9
-87 9
-86 9
-85 9
-85 8
-85 7
-85 6
-85 5
-84 5
-84 6
-83 6
-82 6
-81 6
-81 5
-80 5
-79 5
-79 6
-78 6
-77 6
-77 5
-78 5
-78 4
-77 4
-76 4
-76 5
-75 5
-74 5
-74 4
-74 3
-74 2
-74 1
-73 1
-73 2
-73 3
-73 4
-72 4
-72 5
-71 5
-71 4
-70 4
-70 3
-71 3
-71 2
-71 1
-72 1
-72 0
-73 0
-73 -1
-72 -1
-71 -1
-71 0
-70 0
-69 0
-68 0
-67 0
-67 -1
-68 -1
-68 -2
-69 -2
-70 -2
-71 -2
-72 -2
-72 -3
-71 -3
-71 -4
-72 -4
-72 -5
-71 -5
-71 -6
-71 -7
-72 -7
-72 -6
-73 -6
-73 -5
-73 -4
-74 -4
-75 -4
-75 -3
-75 -2
-74 -2
-74 -1
-74 0
-75 0
-75 -1
-76 -1
-76 -2
-76 -3
-77 -3
-77 -2
-78 -2
-79 -2
-79 -1
-79 0
-79 1
-79 2
-80 2
-80 1
-80 0
-80 -1
-80 -2
-81 -2
-82 -2
-83 -2
-83 -1
-82 -1
-81 -1
-81 0
-81 1
-82 1
-82 0
-83 0
-83 1
-84 1
-85 1
-86 1
-86 2
-86 3
-87 3
-87 4
-86 4
-86 5
-87 5
-87 6
-87 7
-88 7
-89 7
-89 8
-90 8
-90 7
-91 7
-91 8
-92 8
-92 7
-92 6
-92 5
-92 4
-93 4
-93 5
-93 6
-94 6
-94 5
-95 5
-96 5
-96 4
-95 4
-95 3
-96 3
-96 2
-97 2
-97 1
-97 0
-98 0
-98 -1
-97 -1
-96 -1
-96 0
-95 0
-95 1
-95 2
-94 2
-94 1
-94 0
-93 0
-93 -1
-93 -2
-92 -2
-91 -2
-91 -3
-92 -3
-93 -3
-93 -4
-94 -4
-95 -4
-95 -3
-94 -3
-94 -2
-94 -1
-95 -1
-95 -2
-96 -2
-96 -3
-96 -4
-96 -5
-96 -6
-95 -6
-95 -5
-94 -5
-94 -6
-94 -7
-95 -7
-95 -8
-94 -8
-93 -8
-93 -7
-93 -6
-93 -5
-92 -5
-92 -6
-92 -7
-92 -8
-91 -8
-91 -7
-90 -7
-90 -8
-90 -9
-89 -9
-89 -8
-88 -8
-88 -9
-87 -9
-86 -9
-85 -9
-85 -8
-85 -7
-86 -7
-86 -8
-87 -8
-87 -7
-87 -6
-86 -6
-85 -6
-84 -6
-84 -7
-84 -8
-84 -9
-84 -10
-84 -11
-84 -12
-83 -12
-83 -11
-82 -11
-82 -12
-82 -13
-81 -13
-81 -14
-80 -14
-80 -13
-80 -12
-81 -12
-81 -11
-80 -11
-79 -11
-79 -12
-79 -13
-78 -13
-78 -12
-78 -11
-77 -11
-77 -12
-77 -13
-77 -14
-77 -15
-76 -15
-76 -14
-75 -14
-74 -14
-73 -14
-72 -14
-72 -13
-73 -13
-74 -13
-75 -13
-75 -12
-74 -12
-74 -11
-75 -11
-76 -11
-76 -10
-77 -10
-77 -9
-76 -9
-76 -8
-75 -8
-75 -9
-75 -10
-74 -10
-73 -10
-73 -11
-72 -11
-71 -11
-71 -10
-70 -10
-70 -11
-70 -12
-71 -12
-71 -13
-71 -14
-70 -14
-69 -14
-68 -14
-68 -13
-68 -12
-67 -12
-66 -12
-65 -12
-65 -13
-66 -13
-66 -14
-67 -14
-67 -15
-66 -15
-65 -15
-65 -14
-64 -14
-64 -13
-63 -13
-63 -14
-62 -14
-62 -13
-62 -12
-61 -12
-61 -11
-62 -11
-62 -10
-61 -10
-61 -9
-61 -8
-60 -8
-60 -9
-60 -10
-60 -11
-60 -12
-60 -13
-60 -14
-60 -15
-61 -15
-62 -15
-63 -15
-63 -16
-64 -16
-64 -17
-64 -18
-64 -19
-64 -20
-65 -20
-65 -19
-66 -19
-66 -18
-66 -17
-66 -16
-67 -16
-67 -17
-68 -17
-68 -18
-68 -19
-67 -19
-67 -20
-68 -20
-68 -21
-68 -22
-67 -22
-67 -23
-66 -23
-66 -22
-66 -21
-65 -21
-64 -21
-64 -22
-65 -22
-65 -23
-65 -24
-66 -24
-67 -24
-68 -24
-68 -23
-69 -23
-69 -24
-70 -24
-71 -24
-71 -25
-70 -25
-69 -25
-69 -26
-68 -26
-68 -25
-67 -25
-66 -25
-65 -25
-64 -25
-64 -24
-64 -23
-63 -23
-63 -22
-63 -21
-63 -20
-63 -19
-63 -18
-63 -17
-62 -17
-62 -18
-61 -18
-61 -17
-61 -16
-60 -16
-59 -16
-58 -16
-58 -15
-59 -15
-59 -14
-59 -13
-59 -12
-58 -12
-57 -12
-57 -11
-57 -10
-58 -10
-59 -10
-59 -9
-58 -9
-57 -9
-56 -9
-56 -10
-55 -10
-54 -10
-53 -10
-52 -10
-52 -11
-53 -11
-54 -11
-55 -11
-56 -11
-56 -12
-55 -12
-54 -12
-53 -12
-52 -12
-52 -13
-51 -13
-51 -14
-52 -14
-53 -14
-53 -13
-54 -13
-54 -14
-55 -14
-55 -13
-56 -13
-57 -13
-58 -13
-58 -14
-57 -14
-56 -14
-56 -15
-56 -16
-55 -16
-55 -17
-56 -17
-56 -18
-55 -18
-54 -18
-53 -18
-53 -17
-52 -17
-51 -17
-50 -17
-50 -16
-51 -16
-51 -15
-50 -15
-49 -15
-49 -16
-49 -17
-48 -17
-48 -18
-48 -19
-49 -19
-49 -18
-50 -18
-51 -18
-51 -19
-50 -19
-50 -20
-51 -20
-51 -21
-51 -22
-52 -22
-52 -21
-53 -21
-53 -22
-53 -23
-52 -23
-51 -23
-50 -23
-50 -22
-50 -21
-49 -21
-49 -22
-48 -22
-48 -23
-48 -24
-48 -25
-49 -25
-49 -24
-50 -24
-50 -25
-50 -26
-51 -26
-52 -26
-52 -25
-51 -25
-51 -24
-52 -24
-53 -24
-53 -25
-53 -26
-53 -27
-53 -28
-53 -29
-54 -29
-55 -29
-55 -28
-54 -28
-54 -27
-54 -26
-54 -25
-54 -24
-54 -23
-55 -23
-55 -24
-55 -25
-55 -26
-56 -26
-57 -26
-58 -26
-59 -26
-59 -27
-60 -27
-60 -26
-60 -25
-60 -24
-61 -24
-61 -25
-62 -25
-63 -25
-63 -26
-62 -26
-62 -27
-62 -28
-63 -28
-63 -27
-64 -27
-64 -26
-65 -26
-66 -26
-67 -26
-67 -27
-66 -27
-65 -27
-65 -28
-66 -28
-66 -29
-66 -30
-67 -30
-67 -29
-67 -28
-68 -28
-68 -29
-68 -30
-68 -31
-69 -31
-70 -31
-70 -30
-71 -30
-71 -31
-71 -32
-71 -33
-71 -34
-71 -35
-70 -35
-70 -36
-70 -37
-69 -37
-69 -38
-68 -38
-68 -37
-67 -37
-67 -36
-68 -36
-68 -35
-67 -35
-67 -34
-67 -33
-68 -33
-68 -32
-67 -32
-67 -31
-66 -31
-66 -32
-66 -33
-65 -33
-64 -33
-64 -32
-64 -31
-65 -31
-65 -30
-64 -30
-63 -30
-62 -30
-62 -29
-61 -29
-60 -29
-60 -28
-59 -28
-59 -29
-58 -29
-58 -28
-58 -27
-57 -27
-56 -27
-56 -28
-57 -28
-57 -29
-56 -29
-56 -30
-56 -31
-55 -31
-55 -30
-54 -30
-53 -30
-52 -30
-51 -30
-50 -30
-50 -29
-50 -28
-50 -27
-49 -27
-48 -27
-47 -27
-47 -26
-47 -25
-47 -24
-47 -23
-46 -23
-46 -24
-46 -25
-45 -25
-45 -26
-44 -26
-44 -25
-44 -24
-43 -24
-43 -23
-43 -22
-42 -22
-41 -22
-41 -21
-40 -21
-40 -22
-39 -22
-39 -23
-40 -23
-40 -24
-40 -25
-40 -26
-40 -27
-39 -27
-39 -28
-40 -28
-41 -28
-41 -27
-42 -27
-43 -27
-44 -27
-44 -28
-45 -28
-45 -27
-46 -27
-46 -28
-47 -28
-48 -28
-49 -28
-49 -29
-49 -30
-48 -30
-48 -29
-47 -29
-47 -30
-46 -30
-46 -29
-45 -29
-45 -30
-45 -31
-46 -31
-47 -31
-47 -32
-48 -32
-48 -31
-49 -31
-50 -31
-51 -31
-52 -31
-52 -32
-51 -32
-50 -32
-49 -32
-49 -33
-50 -33
-51 -33
-51 -34
-51 -35
-50 -35
-50 -34
-49 -34
-49 -35
-49 -36
-50 -36
-51 -36
-52 -36
-53 -36
-53 -37
-52 -37
-51 -37
-51 -38
-52 -38
-52 -39
-51 -39
-50 -39
-50 -40
-49 -40
-49 -41
-49 -42
-48 -42
-48 -41
-47 -41
-46 -41
-46 -42
-46 -43
-45 -43
-45 -44
-46 -44
-46 -45
-45 -45
-44 -45
-44 -46
-45 -46
-46 -46
-47 -46
-48 -46
-48 -45
-47 -45
-47 -44
-48 -44
-48 -43
-49 -43
-50 -43
-50 -44
-49 -44
-49 -45
-49 -46
-50 -46
-51 -46
-51 -45
-52 -45
-52 -46
-53 -46
-53 -47
-52 -47
-52 -48
-51 -48
-51 -49
-51 -50
-52 -50
-52 -49
-53 -49
-53 -50
-54 -50
-54 -49
-55 -49
-55 -50
-56 -50
-56 -51
-55 -51
-54 -51
-53 -51
-53 -52
-54 -52
-55 -52
-56 -52
-57 -52
-58 -52
-58 -51
-57 -51
-57 -50
-57 -49
-58 -49
-58 -50
-59 -50
-59 -49
-59 -48
-59 -47
-58 -47
-58 -48
-57 -48
-56 -48
-55 -48
-55 -47
-56 -47
-57 -47
-57 -46
-57 -45
-58 -45
-58 -46
-59 -46
-59 -45
-60 -45
-61 -45
-62 -45
-63 -45
-63 -44
-63 -43
-64 -43
-64 -44
-64 -45
-64 -46
-64 -47
-64 -48
-65 -48
-65 -49
-66 -49
-67 -49
-67 -48
-66 -48
-66 -47
-67 -47
-68 -47
-69 -47
-70 -47
-70 -48
-69 -48
-69 -49
-68 -49
-68 -50
-67 -50
-67 -51
-67 -52
-66 -52
-66 -53
-66 -54
-67 -54
-67 -55
-66 -55
-66 -56
-67 -56
-67 -57
-68 -57
-68 -56
-68 -55
-69 -55
-70 -55
-70 -56
-71 -56
-71 -57
-72 -57
-72 -56
-73 -56
-74 -56
-75 -56
-76 -56
-76 -57
-75 -57
-74 -57
-73 -57
-73 -58
-74 -58
-75 -58
-75 -59
-74 -59
-73 -59
-72 -59
-72 -58
-71 -58
-71 -59
-70 -59
-70 -58
-70 -57
-69 -57
-69 -58
-69 -59
-69 -60
-70 -60
-71 -60
-71 -61
-70 -61
-69 -61
-69 -62
-70 -62
-70 -63
-69 -63
-68 -63
-68 -62
-68 -61
-68 -60
-68 -59
-67 -59
-67 -60
-67 -61
-66 -61
-65 -61
-65 -62
-66 -62
-66 -63
-65 -63
-64 -63
-64 -62
-64 -61
-63 -61
-62 -61
-62 -60
-63 -60
-63 -59
-63 -58
-64 -58
-64 -59
-64 -60
-65 -60
-66 -60
-66 -59
-66 -58
-65 -58
-65 -57
-65 -56
-65 -55
-65 -54
-64 -54
-63 -54
-63 -55
-63 -56
-64 -56
-64 -57
-63 -57
-62 -57
-61 -57
-61 -56
-61 -55
-62 -55
-62 -54
-61 -54
-61 -53
-62 -53
-62 -52
-62 -51
-62 -50
-63 -50
-63 -51
-63 -52
-63 -53
-64 -53
-65 -53
-65 -52
-65 -51
-66 -51
-66 -50
-65 -50
-64 -50
-64 -49
-63 -49
-63 -48
-62 -48
-62 -47
-62 -46
-61 -46
-60 -46
-60 -47
-61 -47
-61 -48
-61 -49
-60 -49
-60 -50
-60 -51
-59 -51
-59 -52
-59 -53
-59 -54
-60 -54
-60 -55
-60 -56
-59 -56
-58 -56
-58 -57
-58 -58
-59 -58
-59 -57
-60 -57
-60 -58
-61 -58
-62 -58
-62 -59
-61 -59
-60 -59
-59 -59
-58 -59
-58 -60
-58 -61
-59 -61
-59 -60
-60 -60
-60 -61
-61 -61
-61 -62
-60 -62
-60 -63
-61 -63
-62 -63
-62 -64
-63 -64
-64 -64
-65 -64
-66 -64
-67 -64
-68 -64
-69 -64
-70 -64
-71 -64
-72 -64
-72 -63
-71 -63
-71 -62
-72 -62
-73 -62
-74 -62
-75 -62
-76 -62
-76 -63
-77 -63
-77 -62
-78 -62
-79 -62
-79 -63
-78 -63
-78 -64
-77 -64
-76 -64
-76 -65
-75 -65
-75 -64
-74 -64
-74 -65
-73 -65
-73 -66
-74 -66
-75 -66
-76 -66
-77 -66
-77 -65
-78 -65
-79 -65
-79 -64
-80 -64
-80 -65
-81 -65
-81 -64
-81 -63
-81 -62
-80 -62
-80 -61
-81 -61
-82 -61
-82 -62
-83 -62
-83 -61
-83 -60
-82 -60
-81 -60
-81 -59
-82 -59
-83 -59
-84 -59
-85 -59
-85 -60
-84 -60
-84 -61
-85 -61
-85 -62
-86 -62
-86 -63
-87 -63
-88 -63
-88 -64
-89 -64
-89 -63
-90 -63
-90 -62
-90 -61
-89 -61
-88 -61
-87 -61
-86 -61
-86 -60
-87 -60
-88 -60
-89 -60
-89 -59
-88 -59
-88 -58
-88 -57
-88 -56
-87 -56
-87 -57
-87 -58
-87 -59
-86 -59
-86 -58
-86 -57
-86 -56
-85 -56
-84 -56
-84 -55
-84 -54
-83 -54
-83 -53
-83 -52
-82 -52
-81 -52
-81 -51
-82 -51
-83 -51
-83 -50
-83 -49
-82 -49
-82 -50
-81 -50
-81 -49
-81 -48
-81 -47
-80 -47
-80 -48
-79 -48
-79 -47
-79 -46
-78 -46
-77 -46
-77 -45
-78 -45
-78 -44
-77 -44
-76 -44
-75 -44
-75 -45
-75 -46
-76 -46
-76 -47
-75 -47
-75 -48
-74 -48
-73 -48
-73 -49
-74 -49
-74 -50
-73 -50
-73 -51
-73 -52
-74 -52
-74 -51
-75 -51
-75 -52
-75 -53
-74 -53
-73 -53
-73 -54
-74 -54
-75 -54
-76 -54
-77 -54
-78 -54
-78 -53
-77 -53
-76 -53
-76 -52
-77 -52
-78 -52
-78 -51
-77 -51
-76 -51
-76 -50
-77 -50
-77 -49
-78 -49
-78 -50
-79 -50
-79 -49
-80 -49
-80 -50
-80 -51
-79 -51
-79 -52
-79 -53
-79 -54
-80 -54
-80 -53
-81 -53
-82 -53
-82 -54
-81 -54
-81 -55
-82 -55
-83 -55
-83 -56
-83 -57
-84 -57
-84 -58
-83 -58
-82 -58
-82 -57
-82 -56
-81 -56
-81 -57
-80 -57
-80 -58
-79 -58
-79 -57
-78 -57
-78 -58
-78 -59
-78 -60
-79 -60
-79 -61
-78 -61
-77 -61
-77 -60
-76 -60
-76 -59
-76 -58
-77 -58
-77 -57
-77 -56
-78 -56
-78 -55
-77 -55
-76 -55
-75 -55
-74 -55
-73 -55
-72 -55
-72 -54
-72 -53
-72 -52
-71 -52
-71 -53
-71 -54
-70 -54
-70 -53
-69 -53
-69 -52
-69 -51
-70 -51
-70 -50
-70 -49
-71 -49
-71 -48
-71 -47
-72 -47
-73 -47
-74 -47
-74 -46
-73 -46
-72 -46
-71 -46
-70 -46
-69 -46
-68 -46
-67 -46
-67 -45
-67 -44
-66 -44
-66 -45
-66 -46
-65 -46
-65 -45
-65 -44
-65 -43
-65 -42
-64 -42
-63 -42
-62 -42
-62 -41
-62 -40
-61 -40
-61 -41
-61 -42
-61 -43
-62 -43
-62 -44
-61 -44
-60 -44
-59 -44
-58 -44
-57 -44
-57 -43
-56 -43
-56 -44
-56 -45
-56 -46
-55 -46
-54 -46
-54 -45
-55 -45
-55 -44
-55 -43
-54 -43
-53 -43
-52 -43
-52 -44
-51 -44
-51 -43
-51 -42
-50 -42
-50 -41
-51 -41
-52 -41
-52 -42
-53 -42
-54 -42
-54 -41
-54 -40
-53 -40
-53 -39
-54 -39
-54 -38
-54 -37
-54 -36
-55 -36
-55 -35
-55 -34
-54 -34
-54 -35
-53 -35
-52 -35
-52 -34
-52 -33
-53 -33
-53 -32
-53 -31
-54 -31
-54 -32
-54 -33
-55 -33
-55 -32
-56 -32
-56 -33
-57 -33
-58 -33
-58 -32
-57 -32
-57 -31
-57 -30
-58 -30
-58 -31
-59 -31
-59 -32
-59 -33
-60 -33
-61 -33
-62 -33
-63 -33
-63 -34
-63 -35
-63 -36
-62 -36
-62 -35
-61 -35
-61 -34
-60 -34
-60 -35
-60 -36
-61 -36
-61 -37
-61 -38
-60 -38
-60 -39
-61 -39
-62 -39
-63 -39
-64 -39
-64 -38
-63 -38
-62 -38
-62 -37
-63 -37
-64 -37
-64 -36
-64 -35
-64 -34
-65 -34
-66 -34
-66 -35
-65 -35
-65 -36
-66 -36
-66 -37
-66 -38
-66 -39
-67 -39
-68 -39
-68 -40
-67 -40
-66 -40
-66 -41
-67 -41
-68 -41
-68 -42
-67 -42
-66 -42
-66 -43
-67 -43
-68 -43
-68 -44
-68 -45
-69 -45
-69 -44
-70 -44
-70 -43
-70 -42
-70 -41
-71 -41
-71 -42
-71 -43
-72 -43
-72 -42
-73 -42
-73 -43
-73 -44
-72 -44
-71 -44
-71 -45
-72 -45
-73 -45
-74 -45
-74 -44
-74 -43
-74 -42
-75 -42
-76 -42
-76 -41
-75 -41
-75 -40
-76 -40
-77 -40
-78 -40
-78 -41
-77 -41
-77 -42
-77 -43
-78 -43
-78 -42
-79 -42
-79 -41
-80 -41
-81 -41
-81 -40
-80 -40
-79 -40
-79 -39
-79 -38
-80 -38
-80 -39
-81 -39
-81 -38
-81 -37
-80 -37
-79 -37
-78 -37
-78 -36
-77 -36
-77 -35
-76 -35
-76 -36
-76 -37
-76 -38
-77 -38
-78 -38
-78 -39
-77 -39
-76 -39
-75 -39
-74 -39
-74 -40
-73 -40
-73 -39
-73 -38
-73 -37
-72 -37
-72 -36
-73 -36
-74 -36
-74 -37
-75 -37
-75 -36
-75 -35
-74 -35
-73 -35
-72 -35
-72 -34
-72 -33
-73 -33
-73 -32
-74 -32
-75 -32
-75 -31
-75 -30
-74 -30
-74 -31
-73 -31
-72 -31
-72 -30
-72 -29
-71 -29
-70 -29
-69 -29
-69 -28
-70 -28
-71 -28
-72 -28
-72 -27
-71 -27
-70 -27
-70 -26
-71 -26
-72 -26
-73 -26
-74 -26
-75 -26
-75 -27
-76 -27
-76 -28
-76 -29
-77 -29
-77 -28
-77 -27
-77 -26
-76 -26
-76 -25
-76 -24
-76 -23
-77 -23
-77 -24
-77 -25
-78 -25
-78 -26
-78 -27
-79 -27
-79 -28
-79 -29
-79 -30
-80 -30
-81 -30
-81 -29
-80 -29
-80 -28
-81 -28
-82 -28
-83 -28
-83 -29
-82 -29
-82 -30
-83 -30
-83 -31
-82 -31
-81 -31
-81 -32
-81 -33
-80 -33
-80 -32
-80 -31
-79 -31
-79 -32
-78 -32
-78 -31
-78 -30
-77 -30
-77 -31
-76 -31
-76 -32
-77 -32
-77 -33
-76 -33
-75 -33
-74 -33
-74 -34
-75 -34
-76 -34
-77 -34
-78 -34
-78 -35
-79 -35
-80 -35
-80 -36
-81 -36
-82 -36
-83 -36
-83 -37
-83 -38
-82 -38
-82 -39
-83 -39
-83 -40
-83 -41
-83 -42
-84 -42
-84 -41
-84 -40
-84 -39
-85 -39
-85 -38
-85 -37
-86 -37
-86 -36
-85 -36
-84 -36
-84 -35
-84 -34
-85 -34
-85 -35
-86 -35
-86 -34
-86 -33
-87 -33
-87 -34
-88 -34
-88 -35
-88 -36
-88 -37
-88 -38
-88 -39
-88 -40
-87 -40
-86 -40
-85 -40
-85 -41
-86 -41
-87 -41
-87 -42
-88 -42
-88 -41
-89 -41
-89 -40
-89 -39
-89 -38
-89 -37
-89 -36
-90 -36
-90 -37
-90 -38
-91 -38
-92 -38
-92 -37
-91 -37
-91 -36
-92 -36
-92 -35
-91 -35
-90 -35
-89 -35
-89 -34
-89 -33
-88 -33
-88 -32
-88 -31
-87 -31
-87 -30
-86 -30
-85 -30
-85 -29
-86 -29
-86 -28
-86 -27
-86 -26
-87 -26
-87 -25
-86 -25
-85 -25
-85 -24
-85 -23
-85 -22
-84 -22
-83 -22
-83 -23
-82 -23
-82 -22
-81 -22
-81 -21
-82 -21
-83 -21
-83 -20
-84 -20
-84 -21
-85 -21
-86 -21
-87 -21
-87 -22
-88 -22
-89 -22
-89 -21
-90 -21
-90 -22
-91 -22
-91 -21
-92 -21
-93 -21
-93 -20
-92 -20
-91 -20
-91 -19
-91 -18
-90 -18
-89 -18
-89 -17
-90 -17
-91 -17
-92 -17
-93 -17
-93 -18
-94 -18
-95 -18
-96 -18
-97 -18
-97 -17
-96 -17
-96 -16
-96 -15
-95 -15
-94 -15
-94 -14
-93 -14
-92 -14
-92 -15
-91 -15
-91 -14
-90 -14
-89 -14
-89 -13
-88 -13
-88 -14
-88 -15
-89 -15
-89 -16
-88 -16
-88 -17
-87 -17
-87 -16
-87 -15
-86 -15
-86 -16
-85 -16
-85 -17
-86 -17
-86 -18
-87 -18
-87 -19
-86 -19
-86 -20
-85 -20
-85 -19
-84 -19
-84 -18
-83 -18
-82 -18
-81 -18
-81 -19
-80 -19
-80 -18
-80 -17
-79 -17
-79 -18
-78 -18
-78 -17
-78 -16
-78 -15
-78 -14
-79 -14
-79 -15
-79 -16
-80 -16
-80 -15
-81 -15
-81 -16
-81 -17
-82 -17
-82 -16
-82 -15
-82 -14
-83 -14
-83 -13
-84 -13
-84 -14
-85 -14
-86 -14
-86 -13
-85 -13
-85 -12
-86 -12
-87 -12
-88 -12
-89 -12
-89 -11
-88 -11
-87 -11
-86 -11
-85 -11
-85 -10
-86 -10
-87 -10
-88 -10
-89 -10
-90 -10
-91 -10
-91 -11
-90 -11
-90 -12
-90 -13
-91 -13
-91 -12
-92 -12
-92 -13
-93 -13
-93 -12
-93 -11
-92 -11
-92 -10
-92 -9
-93 -9
-94 -9
-94 -10
-94 -11
-94 -12
-94 -13
-95 -13
-95 -12
-96 -12
-97 -12
-97 -11
-96 -11
-95 -11
-95 -10
-95 -9
-96 -9
-96 -10
-97 -10
-97 -9
-98 -9
-99 -9
-99 -10
-100 -10
-100 -9
-101 -9
-101 -8
-100 -8
-99 -8
-99 -7
-99 -6
-99 -5
-98 -5
-98 -6
-98 -7
-98 -8
-97 -8
-96 -8
-96 -7
-97 -7
-97 -6
-97 -5
-97 -4
-97 -3
-97 -2
-98 -2
-98 -3
-98 -4
-99 -4
-100 -4
-100 -3
-100 -2
-101 -2
-101 -1
-102 -1
-102 0
-103 0
-103 -1
-104 -1
-104 -2
-103 -2
-102 -2
-102 -3
-102 -4
-102 -5
-103 -5
-103 -4
-103 -3
-104 -3
-104 -4
-104 -5
-105 -5
-106 -5
-106 -4
-107 -4
-107 -5
-108 -5
-109 -5
-109 -6
-109 -7
-108 -7
-108 -6
-107 -6
-107 -7
-106 -7
-106 -6
-105 -6
-105 -7
-104 -7
-103 -7
-102 -7
-102 -8
-102 -9
-103 -9
-103 -8
-104 -8
-105 -8
-106 -8
-107 -8
-107 -9
-107 -10
-106 -10
-105 -10
-104 -10
-103 -10
-103 -11
-104 -11
-105 -11
-105 -12
-106 -12
-106 -11
-107 -11
-107 -12
-108 -12
-109 -12
-109 -13
-109 -14
-110 -14
-110 -13
-110 -12
-111 -12
-111 -13
-112 -13
-112 -14
-113 -14
-113 -15
-114 -15
-115 -15
-116 -15
-117 -15
-117 -14
-117 -13
-118 -13
-118 -14
-118 -15
-118 -16
-119 -16
-119 -17
-118 -17
-118 -18
-119 -18
-119 -19
-118 -19
-117 -19
-116 -19
-116 -18
-115 -18
-114 -18
-113 -18
-112 -18
-112 -19
-111 -19
-111 -18
-111 -17
-112 -17
-113 -17
-114 -17
-115 -17
-116 -17
-117 -17
-117 -16
-116 -16
-115 -16
-114 -16
-113 -16
-112 -16
-111 -16
-111 -15
-110 -15
-109 -15
-108 -15
-108 -16
-109 -16
-110 -16
-110 -17
-110 -18
-110 -19
-109 -19
-109 -18
-108 -18
-107 -18
-106 -18
-106 -17
-105 -17
-104 -17
-104 -18
-105 -18
-105 -19
-104 -19
-103 -19
-103 -20
-104 -20
-105 -20
-105 -21
-104 -21
-104 -22
-105 -22
-105 -23
-105 -24
-104 -24
-103 -24
-103 -23
-102 -23
-102 -22
-102 -21
-101 -21
-101 -20
-101 -19
-101 -18
-100 -18
-100 -17
-99 -17
-99 -18
-99 -19
-100 -19
-100 -20
-99 -20
-99 -21
-100 -21
-100 -22
-101 -22
-101 -23
-100 -23
-100 -24
-101 -24
-102 -24
-102 -25
-103 -25
-103 -26
-102 -26
-102 -27
-101 -27
-101 -26
-101 -25
-100 -25
-100 -26
-100 -27
-100 -28
-99 -28
-99 -27
-98 -27
-98 -28
-97 -28
-96 -28
-96 -29
-97 -29
-97 -30
-97 -31
-96 -31
-95 -31
-95 -30
-95 -29
-95 -28
-94 -28
-94 -29
-94 -30
-94 -31
-93 -31
-93 -32
-92 -32
-92 -31
-92 -30
-91 -30
-91 -31
-91 -32
-91 -33
-91 -34
-92 -34
-92 -33
-93 -33
-93 -34
-93 -35
-93 -36
-94 -36
-94 -35
-94 -34
-94 -33
-95 -33
-95 -32
-96 -32
-97 -32
-97 -33
-98 -33
-98 -32
-99 -32
-99 -31
-100 -31
-101 -31
-101 -30
-100 -30
-99 -30
-98 -30
-98 -29
-99 -29
-100 -29
-101 -29
-101 -28
-102 -28
-103 -28
-104 -28
-104 -29
-103 -29
-102 -29
-102 -30
-103 -30
-103 -31
-103 -32
-102 -32
-101 -32
-101 -33
-102 -33
-103 -33
-103 -34
-102 -34
-102 -35
-103 -35
-104 -35
-105 -35
-105 -36
-104 -36
-104 -37
-104 -38
-103 -38
-103 -37
-103 -36
-102 -36
-102 -37
-101 -37
-101 -36
-100 -36
-100 -37
-99 -37
-99 -38
-100 -38
-100 -39
-99 -39
-98 -39
-97 -39
-97 -40
-98 -40
-99 -40
-100 -40
-100 -41
-99 -41
-98 -41
-97 -41
-96 -41
-95 -41
-95 -42
-95 -43
-94 -43
-94 -44
-95 -44
-96 -44
-96 -45
-97 -45
-98 -45
-98 -44
-97 -44
-97 -43
-96 -43
-96 -42
-97 -42
-98 -42
-99 -42
-99 -43
-99 -44
-99 -45
-100 -45
-100 -46
-100 -47
-99 -47
-99 -48
-99 -49
-99 -50
-98 -50
-97 -50
-96 -50
-96 -51
-96 -52
-95 -52
-95 -51
-95 -50
-95 -49
-96 -49
-97 -49
-98 -49
-98 -48
-98 -47
-98 -46
-97 -46
-97 -47
-96 -47
-96 -48
-95 -48
-95 -47
-94 -47
-94 -46
-95 -46
-95 -45
-94 -45
-93 -45
-93 -44
-92 -44
-92 -45
-91 -45
-91 -46
-91 -47
-92 -47
-92 -46
-93 -46
-93 -47
-93 -48
-94 -48
-94 -49
-93 -49
-93 -50
-94 -50
-94 -51
-94 -52
-94 -53
-95 -53
-96 -53
-97 -53
-97 -52
-97 -51
-98 -51
-98 -52
-98 -53
-99 -53
-100 -53
-101 -53
-101 -52
-100 -52
-100 -51
-101 -51
-101 -50
-102 -50
-102 -51
-103 -51
-104 -51
-104 -50
-105 -50
-106 -50
-106 -51
-105 -51
-105 -52
-105 -53
-104 -53
-104 -54
-103 -54
-103 -55
-102 -55
-101 -55
-101 -56
-100 -56
-100 -57
-101 -57
-101 -58
-102 -58
-102 -57
-102 -56
-103 -56
-103 -57
-104 -57
-104 -58
-105 -58
-105 -57
-105 -56
-105 -55
-106 -55
-106 -54
-106 -53
-106 -52
-107 -52
-107 -51
-107 -50
-107 -49
-107 -48
-106 -48
-106 -49
-105 -49
-105 -48
-104 -48
-104 -49
-103 -49
-102 -49
-102 -48
-102 -47
-102 -46
-101 -46
-101 -45
-102 -45
-103 -45
-103 -46
-104 -46
-104 -47
-105 -47
-105 -46
-105 -45
-104 -45
-104 -44
-105 -44
-106 -44
-107 -44
-108 -44
-108 -45
-107 -45
-106 -45
-106 -46
-106 -47
-107 -47
-107 -46
-108 -46
-108 -47
-108 -48
-108 -49
-109 -49
-109 -50
-108 -50
-108 -51
-108 -52
-109 -52
-109 -51
-110 -51
-110 -50
-111 -50
-111 -51
-112 -51
-112 -52
-113 -52
-113 -53
-112 -53
-111 -53
-110 -53
-110 -54
-110 -55
-110 -56
-109 -56
-108 -56
-107 -56
-106 -56
-106 -57
-106 -58
-106 -59
-105 -59
-105 -60
-104 -60
-104 -59
-103 -59
-102 -59
-102 -60
-103 -60
-103 -61
-103 -62
-104 -62
-105 -62
-105 -61
-106 -61
-106 -62
-107 -62
-107 -61
-107 -60
-107 -59
-108 -59
-108 -58
-108 -57
-109 -57
-109 -58
-110 -58
-110 -57
-111 -57
-111 -58
-111 -59
-111 -60
-111 -61
-110 -61
-110 -60
-110 -59
-109 -59
-109 -60
-109 -61
-108 -61
-108 -62
-108 -63
-107 -63
-107 -64
-107 -65
-107 -66
-106 -66
-106 -67
-105 -67
-105 -68
-105 -69
-105 -70
-105 -71
-106 -71
-106 -70
-106 -69
-107 -69
-108 -69
-108 -70
-107 -70
-107 -71
-107 -72
-106 -72
-105 -72
-104 -72
-103 -72
-103 -71
-102 -71
-101 -71
-101 -72
-101 -73
-102 -73
-103 -73
-103 -74
-102 -74
-102 -75
-103 -75
-103 -76
-102 -76
-102 -77
-103 -77
-104 -77
-104 -78
-103 -78
-102 -78
-102 -79
-101 -79
-101 -78
-101 -77
-101 -76
-100 -76
-99 -76
-99 -75
-98 -75
-97 -75
-97 -74
-96 -74
-95 -74
-94 -74
-94 -75
-95 -75
-95 -76
-94 -76
-93 -76
-92 -76
-92 -77
-92 -78
-92 -79
-91 -79
-91 -80
-90 -80
-89 -80
-89 -79
-90 -79
-90 -78
-91 -78
-91 -77
-90 -77
-89 -77
-89 -76
-90 -76
-90 -75
-91 -75
-91 -74
-92 -74
-92 -75
-93 -75
-93 -74
-93 -73
-93 -72
-94 -72
-94 -71
-93 -71
-92 -71
-91 -71
-91 -72
-91 -73
-90 -73
-90 -72
-89 -72
-89 -71
-88 -71
-88 -70
-88 -69
-87 -69
-87 -70
-87 -71
-87 -72
-86 -72
-86 -71
-86 -70
-86 -69
-86 -68
-87 -68
-87 -67
-86 -67
-85 -67
-85 -66
-85 -65
-86 -65
-86 -66
-87 -66
-88 -66
-88 -67
-89 -67
-89 -66
-90 -66
-90 -65
-89 -65
-88 -65
-87 -65
-87 -64
-86 -64
-85 -64
-85 -63
-84 -63
-83 -63
-83 -64
-83 -65
-83 -66
-84 -66
-84 -67
-83 -67
-82 -67
-82 -66
-81 -66
-80 -66
-80 -67
-80 -68
-80 -69
-79 -69
-79 -68
-79 -67
-79 -66
-78 -66
-78 -67
-78 -68
-78 -69
-77 -69
-77 -68
-77 -67
-76 -67
-76 -68
-76 -69
-76 -70
-76 -71
-76 -72
-77 -72
-77 -71
-77 -70
-78 -70
-78 -71
-78 -72
-79 -72
-79 -71
-79 -70
-80 -70
-80 -71
-80 -72
-80 -73
-81 -73
-81 -72
-81 -71
-82 -71
-83 -71
-83 -72
-82 -72
-82 -73
-83 -73
-83 -74
-84 -74
-85 -74
-86 -74
-87 -74
-88 -74
-88 -73
-89 -73
-89 -74
-89 -75
-88 -75
-88 -76
-88 -77
-88 -78
-88 -79
-88 -80
-87 -80
-87 -81
-88 -81
-89 -81
-90 -81
-90 -82
-90 -83
-89 -83
-89 -84
-90 -84
-91 -84
-92 -84
-93 -84
-93 -83
-94 -83
-95 -83
-95 -82
-94 -82
-93 -82
-92 -82
-92 -83
-91 -83
-91 -82
-91 -81
-92 -81
-93 -81
-94 -81
-94 -80
-95 -80
-95 -81
-96 -81
-96 -80
-97 -80
-97 -81
-98 -81
-98 -80
-99 -80
-99 -81
-99 -82
-99 -83
-99 -84
-98 -84
-98 -83
-98 -82
-97 -82
-96 -82
-96 -83
-97 -83
-97 -84
-96 -84
-95 -84
-94 -84
-94 -85
-95 -85
-96 -85
-97 -85
-97 -86
-96 -86
-96 -87
-96 -88
-96 -89
-97 -89
-97 -88
-97 -87
-98 -87
-98 -88
-98 -89
-98 -90
-97 -90
-96 -90
-95 -90
-95 -91
-95 -92
-96 -92
-96 -91
-97 -91
-98 -91
-99 -91
-99 -90
-99 -89
-99 -88
-99 -87
-100 -87
-100 -88
-101 -88
-101 -89
-100 -89
-100 -90
-100 -91
-100 -92
-101 -92
-102 -92
-102 -93
-101 -93
-101 -94
-101 -95
-100 -95
-100 -94
-99 -94
-98 -94
-98 -93
-99 -93
-99 -92
-98 -92
-97 -92
-97 -93
-97 -94
-97 -95
-97 -96
-96 -96
-96 -97
-97 -97
-97 -98
-98 -98
-98 -99
-99 -99
-100 -99
-101 -99
-102 -99
-102 -98
-101 -98
-100 -98
-99 -98
-99 -97
-98 -97
-98 -96
-99 -96
-100 -96
-100 -97
-101 -97
-101 -96
-102 -96
-102 -95
-103 -95
-103 -94
-104 -94
-105 -94
-105 -93
-106 -93
-107 -93
-107 -94
-108 -94
-108 -93
-109 -93
-109 -92
-108 -92
-107 -92
-106 -92
-106 -91
-105 -91
-105 -92
-104 -92
-103 -92
-103 -91
-104 -91
-104 -90
-104 -89
-105 -89
-105 -88
-105 -87
-106 -87
-106 -86
-106 -85
-106 -84
-107 -84
-108 -84
-109 -84
-109 -85
-108 -85
-107 -85
-107 -86
-107 -87
-108 -87
-108 -86
-109 -86
-110 -86
-110 -85
-110 -84
-111 -84
-112 -84
-112 -83
-111 -83
-111 -82
-112 -82
-113 -82
-113 -83
-113 -84
-114 -84
-114 -85
-113 -85
-112 -85
-111 -85
-111 -86
-112 -86
-113 -86
-114 -86
-114 -87
-114 -88
-113 -88
-112 -88
-111 -88
-111 -87
-110 -87
-109 -87
-109 -88
-108 -88
-107 -88
-106 -88
-106 -89
-107 -89
-108 -89
-108 -90
-108 -91
-109 -91
-109 -90
-109 -89
-110 -89
-111 -89
-112 -89
-112 -90
-113 -90
-113 -89
-114 -89
-115 -89
-115 -90
-116 -90
-116 -91
-115 -91
-114 -91
-114 -92
-114 -93
-113 -93
-113 -92
-113 -91
-112 -91
-112 -92
-111 -92
-111 -93
-112 -93
-112 -94
-112 -95
-111 -95
-111 -94
-110 -94
-110 -95
-110 -96
-111 -96
-111 -97
-110 -97
-110 -98
-111 -98
-111 -99
-110 -99
-109 -99
-109 -98
-109 -97
-109 -96
-109 -95
-108 -95
-107 -95
-106 -95
-105 -95
-105 -96
-104 -96
-104 -97
-105 -97
-105 -98
-106 -98
-106 -97
-107 -97
-107 -96
-108 -96
-108 -97
-108 -98
-107 -98
-107 -99
-108 -99
-108 -100
-109 -100
-110 -100
-110 -101
-110 -102
-111 -102
-112 -102
-113 -102
-113 -101
-112 -101
-111 -101
-111 -100
-112 -100
-112 -99
-112 -98
-113 -98
-114 -98
-114 -99
-115 -99
-115 -98
-116 -98
-117 -98
-117 -97
-117 -96
-116 -96
-115 -96
-115 -95
-116 -95
-116 -94
-115 -94
-115 -93
-115 -92
-116 -92
-117 -92
-118 -92
-118 -93
-118 -94
-119 -94
-119 -95
-119 -96
-119 -97
-119 -98
-119 -99
-119 -100
-119 -101
-119 -102
-120 -102
-120 -103
-121 -103
-121 -104
-122 -104
-123 -104
-123 -103
-124 -103
-124 -102
-124 -101
-124 -100
-124 -99
-123 -99
-123 -100
-122 -100
-122 -101
-123 -101
-123 -102
-122 -102
-121 -102
-121 -101
-120 -101
-120 -100
-121 -100
-121 -99
-122 -99
-122 -98
-123 -98
-123 -97
-122 -97
-121 -97
-121 -96
-122 -96
-123 -96
-124 -96
-125 -96
-126 -96
-127 -96
-127 -97
-126 -97
-125 -97
-124 -97
-124 -98
-125 -98
-126 -98
-127 -98
-128 -98
-129 -98
-129 -97
-129 -96
-129 -95
-129 -94
-129 -93
-128 -93
-127 -93
-127 -92
-126 -92
-126 -93
-125 -93
-125 -92
-125 -91
-124 -91
-123 -91
-123 -92
-122 -92
-122 -93
-122 -94
-122 -95
-121 -95
-120 -95
-120 -94
-120 -93
-119 -93
-119 -92
-120 -92
-120 -91
-119 -91
-118 -91
-118 -90
-118 -89
-118 -88
-119 -88
-119 -87
-118 -87
-118 -86
-117 -86
-117 -87
-117 -88
-117 -89
-116 -89
-116 -88
-116 -87
-115 -87
-115 -86
-116 -86
-116 -85
-115 -85
-115 -84
-115 -83
-115 -82
-114 -82
-114 -81
-115 -81
-115 -80
-114 -80
-114 -79
-113 -79
-113 -80
-112 -80
-112 -79
-111 -79
-110 -79
-110 -80
-111 -80
-111 -81
-110 -81
-109 -81
-109 -80
-109 -79
-108 -79
-108 -80
-108 -81
-108 -82
-107 -82
-107 -81
-106 -81
-105 -81
-104 -81
-104 -82
-105 -82
-106 -82
-106 -83
-105 -83
-105 -84
-105 -85
-104 -85
-104 -86
-104 -87
-104 -88
-103 -88
-103 -89
-102 -89
-102 -88
-102 -87
-101 -87
-101 -86
-100 -86
-99 -86
-98 -86
-98 -85
-99 -85
-100 -85
-101 -85
-101 -84
-100 -84
-100 -83
-100 -82
-100 -81
-100 -80
-101 -80
-102 -80
-102 -81
-101 -81
-101 -82
-102 -82
-102 -83
-103 -83
-103 -82
-103 -81
-103 -80
-103 -79
-104 -79
-104 -80
-105 -80
-106 -80
-107 -80
-107 -79
-106 -79
-105 -79
-105 -78
-105 -77
-106 -77
-106 -78
-107 -78
-107 -77
-107 -76
-106 -76
-105 -76
-104 -76
-104 -75
-104 -74
-104 -73
-105 -73
-105 -74
-105 -75
-106 -75
-106 -74
-106 -73
-107 -73
-107 -74
-107 -75
-108 -75
-108 -74
-109 -74
-109 -75
-109 -76
-109 -77
-110 -77
-110 -78
-111 -78
-111 -77
-112 -77
-112 -76
-111 -76
-110 -76
-110 -75
-111 -75
-112 -75
-113 -75
-113 -74
-113 -73
-114 -73
-114 -74
-114 -75
-114 -76
-115 -76
-116 -76
-116 -75
-115 -75
-115 -74
-116 -74
-116 -73
-115 -73
-115 -72
-116 -72
-117 -72
-117 -73
-117 -74
-117 -75
-118 -75
-118 -74
-119 -74
-120 -74
-120 -73
-120 -72
-119 -72
-118 -72
-118 -71
-117 -71
-117 -70
-118 -70
-119 -70
-119 -69
-119 -68
-118 -68
-118 -69
-117 -69
-116 -69
-116 -70
-116 -71
-115 -71
-115 -70
-114 -70
-114 -71
-114 -72
-113 -72
-113 -71
-113 -70
-113 -69
-112 -69
-112 -70
-111 -70
-111 -71
-112 -71
-112 -72
-111 -72
-111 -73
-112 -73
-112 -74
-111 -74
-110 -74
-110 -73
-109 -73
-108 -73
-108 -72
-109 -72
-110 -72
-110 -71
-109 -71
-109 -70
-109 -69
-110 -69
-110 -68
-110 -67
-110 -66
-110 -65
-109 -65
-109 -66
-108 -66
-108 -65
-108 -64
-109 -64
-109 -63
-109 -62
-110 -62
-110 -63
-110 -64
-111 -64
-111 -65
-111 -66
-112 -66
-112 -65
-112 -64
-112 -63
-113 -63
-113 -62
-112 -62
-112 -61
-112 -60
-113 -60
-113 -61
-114 -61
-114 -62
-115 -62
-115 -61
-116 -61
-117 -61
-118 -61
-118 -62
-119 -62
-119 -61
-120 -61
-120 -60
-119 -60
-118 -60
-118 -59
-119 -59
-120 -59
-121 -59
-121 -58
-121 -57
-121 -56
-121 -55
-120 -55
-120 -56
-119 -56
-119 -57
-118 -57
-117 -57
-116 -57
-116 -58
-117 -58
-117 -59
-117 -60
-116 -60
-116 -59
-115 -59
-115 -60
-114 -60
-114 -59
-113 -59
-113 -58
-112 -58
-112 -57
-113 -57
-113 -56
-114 -56
-114 -55
-114 -54
-114 -53
-114 -52
-114 -51
-114 -50
-113 -50
-113 -49
-113 -48
-113 -47
-114 -47
-114 -48
-114 -49
-115 -49
-115 -50
-116 -50
-116 -49
-116 -48
-117 -48
-117 -47
-118 -47
-118 -46
-117 -46
-116 -46
-115 -46
-114 -46
-113 -46
-112 -46
-112 -47
-111 -47
-110 -47
-110 -46
-111 -46
-111 -45
-110 -45
-109 -45
-109 -44
-109 -43
-108 -43
-108 -42
-109 -42
-110 -42
-110 -43
-110 -44
-111 -44
-111 -43
-112 -43
-112 -42
-113 -42
-113 -43
-113 -44
-112 -44
-112 -45
-113 -45
-114 -45
-114 -44
-115 -44
-115 -43
-115 -42
-115 -41
-114 -41
-114 -40
-114 -39
-113 -39
-113 -40
-113 -41
-112 -41
-111 -41
-110 -41
-109 -41
-108 -41
-107 -41
-106 -41
-106 -42
-105 -42
-104 -42
-103 -42
-103 -41
-102 -41
-101 -41
-101 -40
-101 -39
-101 -38
-102 -38
-102 -39
-102 -40
-103 -40
-104 -40
-104 -41
-105 -41
-105 -40
-106 -40
-107 -40
-107 -39
-106 -39
-105 -39
-105 -38
-105 -37
-106 -37
-106 -36
-107 -36
-107 -35
-108 -35
-109 -35
-109 -34
-108 -34
-108 -33
-108 -32
-107 -32
-107 -33
-106 -33
-105 -33
-105 -32
-106 -32
-106 -31
-107 -31
-107 -30
-106 -30
-105 -30
-105 -29
-105 -28
-105 -27
-105 -26
-104 -26
-104 -25
-105 -25
-106 -25
-106 -26
-107 -26
-107 -25
-107 -24
-106 -24
-106 -23
-107 -23
-107 -22
-106 -22
-106 -21
-107 -21
-107 -20
-106 -20
-106 -19
-107 -19
-108 -19
-108 -20
-109 -20
-110 -20
-111 -20
-111 -21
-111 -22
-110 -22
-109 -22
-109 -21
-108 -21
-108 -22
-108 -23
-109 -23
-109 -24
-109 -25
-109 -26
-109 -27
-109 -28
-110 -28
-110 -29
-110 -30
-111 -30
-111 -31
-112 -31
-112 -32
-113 -32
-113 -33
-114 -33
-115 -33
-116 -33
-116 -34
-115 -34
-114 -34
-114 -35
-113 -35
-113 -34
-112 -34
-112 -33
-111 -33
-111 -34
-110 -34
-110 -35
-111 -35
-112 -35
-112 -36
-113 -36
-113 -37
-112 -37
-112 -38
-113 -38
-114 -38
-114 -37
-114 -36
-115 -36
-115 -37
-116 -37
-116 -36
-116 -35
-117 -35
-118 -35
-118 -36
-117 -36
-117 -37
-117 -38
-116 -38
-116 -39
-116 -40
-116 -41
-116 -42
-116 -43
-117 -43
-118 -43
-118 -44
-118 -45
-119 -45
-119 -44
-120 -44
-121 -44
-121 -43
-121 -42
-122 -42
-122 -43
-123 -43
-124 -43
-124 -44
-125 -44
-125 -45
-125 -46
-125 -47
-125 -48
-126 -48
-126 -47
-127 -47
-127 -46
-126 -46
-126 -45
-127 -45
-128 -45
-128 -46
-129 -46
-129 -45
-130 -45
-130 -44
-129 -44
-128 -44
-127 -44
-127 -43
-128 -43
-128 -42
-129 -42
-129 -43
-130 -43
-130 -42
-131 -42
-131 -43
-131 -44
-131 -45
-131 -46
-132 -46
-132 -45
-133 -45
-134 -45
-135 -45
-136 -45
-136 -44
-135 -44
-134 -44
-134 -43
-134 -42
-135 -42
-135 -41
-134 -41
-134 -40
-133 -40
-132 -40
-132 -39
-133 -39
-133 -38
-134 -38
-134 -37
-135 -37
-135 -38
-136 -38
-137 -38
-137 -37
-137 -36
-137 -35
-136 -35
-136 -34
-136 -33
-137 -33
-137 -32
-137 -31
-137 -30
-136 -30
-136 -31
-136 -32
-135 -32
-134 -32
-133 -32
-133 -33
-134 -33
-134 -34
-133 -34
-132 -34
-132 -35
-132 -36
-131 -36
-130 -36
-130 -35
-129 -35
-128 -35
-127 -35
-126 -35
-126 -36
-125 -36
-125 -37
-125 -38
-126 -38
-126 -39
-126 -40
-127 -40
-127 -39
-127 -38
-128 -38
-128 -39
-129 -39
-130 -39
-130 -40
-129 -40
-128 -40
-128 -41
-127 -41
-127 -42
-126 -42
-126 -41
-125 -41
-124 -41
-124 -40
-123 -40
-123 -39
-124 -39
-124 -38
-123 -38
-122 -38
-121 -38
-120 -38
-120 -39
-120 -40
-120 -41
-120 -42
-120 -43
-119 -43
-119 -42
-119 -41
-119 -40
-118 -40
-118 -41
-118 -42
-117 -42
-117 -41
-117 -40
-117 -39
-118 -39
-119 -39
-119 -38
-118 -38
-118 -37
-119 -37
-119 -36
-119 -35
-119 -34
-118 -34
-117 -34
-117 -33
-118 -33
-118 -32
-119 -32
-119 -31
-118 -31
