-1 0
-1 -1
-2 -1
-2 -2
-1 -2
0 -2
0 -1
1 -1
1 -2
1 -3
2 -3
2 -4
1 -4
1 -5
0 -5
0 -4
0 -3
-1 -3
-1 -4
-1 -5
-2 -5
-2 -4
-2 -3
-3 -3
-4 -3
-4 -2
-5 -2
-6 -2
-6 -1
-7 -1
-7 -2
-7 -3
-8 -3
-8 -4
-9 -4
-9 -3
-9 -2
-10 -2
-10 -3
-10 -4
-10 -5
-11 -5
-11 -6
-12 -6
-12 -7
-11 -7
-11 -8
-11 -9
-10 -9
-9 -9
-9 -10
-8 -10
-8 -9
-8 -8
-9 -8
-9 -7
-8 -7
-7 -7
-6 -7
-6 -8
-7 -8
-7 -9
-7 -10
-7 -11
-7 -12
-7 -13
-6 -13
-6 -14
-6 -15
-6 -16
-7 -16
-7 -17
-6 -17
-5 -17
-5 -16
-5 -15
-5 -14
-5 -13
-4 -13
-4 -12
-4 -11
-3 -11
-3 -12
-3 -13
-3 -14
-4 -14
-4 -15
-3 -15
-3 -16
-3 -17
-2 -17
-1 -17
-1 -16
-1 -15
-1 -14
0 -14
0 -15
1 -15
1 -16
1 -17
0 -17
0 -18
1 -18
2 -18
3 -18
3 -17
2 -17
2 -16
3 -16
4 -16
5 -16
5 -15
4 -15
4 -14
5 -14
6 -14
6 -15
7 -15
7 -14
8 -14
8 -13
8 -12
9 -12
9 -13
10 -13
11 -13
11 -14
11 -15
11 -16
10 -16
9 -16
9 -17
9 -18
10 -18
10 -17
11 -17
11 -18
11 -19
10 -19
10 -20
10 -21
9 -21
9 -20
8 -20
8 -21
8 -22
9 -22
10 -22
10 -23
10 -24
10 -25
10 -26
11 -26
11 -25
12 -25
12 -26
13 -26
14 -26
14 -25
14 -24
13 -24
12 -24
11 -24
11 -23
12 -23
13 -23
14 -23
15 -23
16 -23
17 -23
17 -22
16 -22
16 -21
17 -21
18 -21
18 -22
19 -22
19 -23
19 -24
18 -24
17 -24
17 -25
18 -25
18 -26
19 -26
19 -25
20 -25
20 -24
21 -24
21 -23
22 -23
22 -22
23 -22
24 -22
24 -21
23 -21
22 -21
21 -21
21 -22
20 -22
20 -21
19 -21
19 -20
20 -20
21 -20
22 -20
22 -19
23 -19
23 -18
24 -18
24 -17
24 -16
23 -16
23 -17
22 -17
22 -18
21 -18
21 -17
21 -16
20 -16
20 -17
20 -18
20 -19
19 -19
18 -19
18 -20
17 -20
17 -19
17 -18
18 -18
18 -17
18 -16
18 -15
17 -15
17 -16
17 -17
16 -17
16 -16
15 -16
15 -15
16 -15
16 -14
16 -13
17 -13
17 -14
18 -14
19 -14
19 -13
18 -13
18 -12
19 -12
20 -12
20 -13
20 -14
21 -14
21 -13
21 -12
21 -11
20 -11
19 -11
18 -11
17 -11
17 -10
18 -10
18 -9
18 -8
18 -7
19 -7
19 -8
20 -8
20 -7
20 -6
19 -6
19 -5
20 -5
21 -5
21 -4
22 -4
22 -3
23 -3
24 -3
24 -2
25 -2
25 -1
24 -1
24 0
24 1
25 1
25 0
26 0
26 1
26 2
25 2
25 3
26 3
27 3
28 3
28 4
28 5
27 5
27 4
26 4
25 4
24 4
24 3
24 2
23 2
23 3
22 3
21 3
21 4
22 4
23 4
23 5
22 5
22 6
23 6
23 7
22 7
21 7
20 7
19 7
19 6
20 6
20 5
19 5
19 4
20 4
20 3
19 3
19 2
20 2
20 1
19 1
19 0
18 0
18 1
17 1
17 0
17 -1
16 -1
16 0
15 0
15 1
16 1
16 2
15 2
14 2
14 3
15 3
15 4
16 4
17 4
18 4
18 5
18 6
18 7
17 7
17 6
16 6
16 5
15 5
15 6
14 6
13 6
12 6
11 6
11 7
12 7
13 7
13 8
12 8
11 8
11 9
11 10
12 10
12 9
13 9
14 9
14 10
15 10
15 9
15 8
14 8
14 7
15 7
16 7
16 8
16 9
16 10
17 10
17 9
18 9
18 10
19 10
19 9
20 9
20 10
20 11
21 11
21 12
21 13
22 13
23 13
23 12
22 12
22 11
23 11
23 10
22 10
22 9
23 9
24 9
24 10
25 10
25 11
24 11
24 12
24 13
24 14
23 14
23 15
23 16
22 16
21 16
21 17
22 17
23 17
23 18
23 19
22 19
22 20
23 20
24 20
24 19
24 18
24 17
24 16
24 15
25 15
25 16
26 16
26 15
26 14
27 14
27 15
28 15
28 14
29 14
29 15
29 16
29 17
28 17
28 16
27 16
27 17
26 17
25 17
25 18
25 19
25 20
26 20
26 19
26 18
27 18
28 18
28 19
28 20
28 21
27 21
27 22
27 23
28 23
29 23
29 22
30 22
30 21
30 20
29 20
29 19
30 19
30 18
31 18
31 17
30 17
30 16
31 16
32 16
32 15
33 15
33 16
34 16
34 15
34 14
33 14
33 13
33 12
34 12
34 11
35 11
36 11
37 11
37 10
37 9
36 9
36 10
35 10
35 9
35 8
35 7
35 6
35 5
34 5
34 4
35 4
35 3
36 3
36 2
35 2
34 2
34 1
35 1
36 1
37 1
38 1
38 2
37 2
37 3
38 3
39 3
39 4
38 4
37 4
36 4
36 5
37 5
38 5
38 6
39 6
39 7
40 7
40 6
41 6
42 6
42 5
43 5
44 5
44 4
43 4
43 3
43 2
44 2
44 1
44 0
43 0
43 1
42 1
42 0
41 0
40 0
40 -1
41 -1
41 -2
42 -2
42 -3
43 -3
43 -2
44 -2
45 -2
45 -3
44 -3
44 -4
44 -5
43 -5
43 -4
42 -4
42 -5
41 -5
41 -6
42 -6
42 -7
41 -7
40 -7
40 -6
40 -5
39 -5
39 -4
40 -4
41 -4
41 -3
40 -3
39 -3
38 -3
38 -2
37 -2
37 -3
37 -4
38 -4
38 -5
37 -5
36 -5
36 -4
35 -4
35 -5
35 -6
36 -6
37 -6
38 -6
39 -6
39 -7
38 -7
37 -7
36 -7
35 -7
34 -7
33 -7
32 -7
32 -6
33 -6
34 -6
34 -5
34 -4
34 -3
35 -3
36 -3
36 -2
35 -2
34 -2
34 -1
33 -1
33 -2
33 -3
33 -4
33 -5
32 -5
32 -4
32 -3
31 -3
30 -3
29 -3
28 -3
27 -3
27 -2
27 -1
26 -1
26 -2
26 -3
26 -4
25 -4
25 -5
26 -5
26 -6
27 -6
28 -6
29 -6
29 -7
28 -7
28 -8
28 -9
27 -9
27 -10
26 -10
26 -11
25 -11
25 -12
26 -12
26 -13
27 -13
28 -13
29 -13
29 -12
28 -12
27 -12
27 -11
28 -11
28 -10
29 -10
29 -11
30 -11
30 -10
30 -9
29 -9
29 -8
30 -8
30 -7
30 -6
30 -5
31 -5
31 -6
31 -7
31 -8
32 -8
33 -8
34 -8
35 -8
36 -8
37 -8
37 -9
36 -9
35 -9
35 -10
34 -10
34 -9
33 -9
33 -10
33 -11
34 -11
34 -12
34 -13
33 -13
33 -12
32 -12
32 -11
32 -10
32 -9
31 -9
31 -10
31 -11
31 -12
31 -13
31 -14
31 -15
30 -15
30 -16
29 -16
29 -17
30 -17
31 -17
31 -16
32 -16
32 -17
33 -17
33 -16
33 -15
33 -14
34 -14
35 -14
35 -13
36 -13
37 -13
37 -12
36 -12
36 -11
37 -11
38 -11
38 -10
38 -9
38 -8
39 -8
40 -8
40 -9
39 -9
39 -10
40 -10
40 -11
41 -11
41 -12
40 -12
40 -13
41 -13
42 -13
42 -14
41 -14
40 -14
40 -15
40 -16
40 -17
40 -18
40 -19
41 -19
41 -18
42 -18
42 -19
43 -19
44 -19
44 -18
43 -18
43 -17
42 -17
41 -17
41 -16
42 -16
42 -15
43 -15
43 -16
44 -16
44 -17
45 -17
46 -17
46 -16
45 -16
45 -15
46 -15
46 -14
47 -14
47 -15
47 -16
47 -17
47 -18
48 -18
48 -17
48 -16
49 -16
49 -17
49 -18
50 -18
51 -18
51 -17
52 -17
53 -17
54 -17
54 -16
55 -16
55 -15
55 -14
56 -14
56 -13
57 -13
58 -13
58 -12
57 -12
57 -11
58 -11
59 -11
59 -10
60 -10
61 -10
61 -11
60 -11
60 -12
59 -12
59 -13
60 -13
61 -13
62 -13
62 -14
61 -14
60 -14
60 -15
61 -15
62 -15
63 -15
63 -14
63 -13
64 -13
65 -13
65 -12
64 -12
64 -11
65 -11
65 -10
65 -9
65 -8
66 -8
67 -8
67 -7
67 -6
67 -5
67 -4
66 -4
66 -3
65 -3
65 -4
64 -4
64 -3
64 -2
63 -2
63 -3
63 -4
62 -4
62 -3
61 -3
61 -4
61 -5
62 -5
63 -5
64 -5
64 -6
64 -7
64 -8
64 -9
63 -9
63 -8
62 -8
61 -8
61 -7
61 -6
60 -6
60 -5
59 -5
59 -6
58 -6
58 -5
58 -4
59 -4
60 -4
60 -3
59 -3
58 -3
58 -2
57 -2
57 -3
57 -4
57 -5
57 -6
57 -7
56 -7
56 -6
55 -6
55 -7
55 -8
56 -8
57 -8
58 -8
58 -9
57 -9
56 -9
55 -9
54 -9
53 -9
53 -10
52 -10
52 -9
52 -8
52 -7
52 -6
53 -6
53 -5
52 -5
51 -5
51 -4
52 -4
53 -4
53 -3
54 -3
55 -3
55 -2
56 -2
56 -1
56 0
56 1
55 1
55 0
55 -1
54 -1
54 0
53 0
53 1
54 1
54 2
54 3
53 3
53 4
53 5
54 5
55 5
55 4
56 4
57 4
57 3
58 3
58 4
58 5
59 5
59 4
59 3
59 2
58 2
58 1
58 0
57 0
57 -1
58 -1
59 -1
60 -1
60 0
59 0
59 1
60 1
60 2
60 3
60 4
60 5
60 6
59 6
58 6
58 7
59 7
59 8
58 8
58 9
59 9
60 9
60 10
59 10
59 11
58 11
58 10
57 10
57 11
56 11
56 10
55 10
55 9
56 9
56 8
55 8
55 7
56 7
57 7
57 6
56 6
55 6
54 6
53 6
52 6
52 5
52 4
52 3
51 3
51 2
51 1
50 1
49 1
49 2
48 2
48 3
48 4
49 4
49 3
50 3
50 4
50 5
49 5
48 5
47 5
46 5
46 6
46 7
46 8
45 8
45 9
45 10
45 11
46 11
46 10
46 9
47 9
47 10
48 10
49 10
50 10
50 9
50 8
49 8
49 7
50 7
51 7
51 8
51 9
51 10
52 10
52 11
53 11
53 10
53 9
53 8
54 8
54 9
54 10
54 11
54 12
54 13
53 13
53 14
54 14
54 15
54 16
55 16
56 16
57 16
58 16
58 15
57 15
57 14
56 14
56 13
55 13
55 12
56 12
57 12
58 12
58 13
59 13
60 13
61 13
62 13
63 13
63 14
63 15
62 15
62 14
61 14
60 14
59 14
59 15
60 15
60 16
60 17
59 17
58 17
57 17
57 18
56 18
56 17
55 17
55 18
55 19
55 20
55 21
56 21
56 22
56 23
55 23
55 22
54 22
54 21
54 20
53 20
53 21
52 21
52 20
52 19
53 19
54 19
54 18
54 17
53 17
53 16
53 15
52 15
52 14
51 14
51 13
52 13
52 12
51 12
50 12
49 12
49 11
48 11
48 12
48 13
49 13
50 13
50 14
49 14
48 14
47 14
47 13
46 13
46 14
45 14
45 13
44 13
44 14
44 15
45 15
46 15
47 15
48 15
49 15
50 15
50 16
49 16
49 17
48 17
48 16
47 16
46 16
46 17
46 18
45 18
45 17
44 17
44 18
43 18
42 18
42 17
42 16
43 16
43 15
42 15
42 14
43 14
43 13
42 13
41 13
41 14
41 15
40 15
40 14
39 14
39 13
40 13
40 12
39 12
38 12
38 13
37 13
37 12
36 12
36 13
35 13
35 14
36 14
36 15
36 16
37 16
37 15
37 14
38 14
38 15
38 16
38 17
37 17
37 18
38 18
39 18
39 17
39 16
40 16
41 16
41 17
40 17
40 18
41 18
41 19
40 19
39 19
38 19
38 20
38 21
37 21
37 22
36 22
35 22
35 23
34 23
33 23
33 22
32 22
32 23
31 23
30 23
30 24
31 24
32 24
32 25
33 25
33 24
34 24
34 25
35 25
35 24
36 24
36 23
37 23
38 23
38 24
38 25
37 25
36 25
36 26
35 26
35 27
36 27
36 28
36 29
36 30
36 31
35 31
35 30
35 29
35 28
34 28
34 29
34 30
33 30
32 30
32 31
31 31
31 30
31 29
32 29
33 29
33 28
33 27
33 26
32 26
32 27
32 28
31 28
31 27
31 26
31 25
30 25
29 25
28 25
27 25
26 25
26 26
27 26
28 26
28 27
28 28
29 28
29 29
30 29
30 30
29 30
28 30
28 31
29 31
30 31
30 32
30 33
30 34
31 34
32 34
32 35
32 36
31 36
31 35
30 35
30 36
30 37
31 37
32 37
32 38
33 38
33 37
34 37
34 38
34 39
33 39
32 39
32 40
33 40
33 41
32 41
32 42
31 42
31 41
31 40
31 39
31 38
30 38
30 39
29 39
29 40
30 40
30 41
29 41
28 41
28 42
28 43
27 43
27 42
26 42
25 42
25 41
24 41
24 42
24 43
23 43
22 43
22 42
22 41
21 41
20 41
20 40
21 40
21 39
20 39
20 38
21 38
22 38
22 37
21 37
20 37
19 37
18 37
18 38
19 38
19 39
19 40
19 41
18 41
18 42
19 42
20 42
21 42
21 43
20 43
19 43
19 44
20 44
20 45
20 46
21 46
21 45
21 44
22 44
22 45
23 45
23 46
24 46
25 46
25 47
25 48
24 48
24 47
23 47
23 48
22 48
22 49
23 49
24 49
25 49
25 50
24 50
23 50
23 51
23 52
23 53
23 54
22 54
22 55
21 55
21 56
22 56
23 56
23 55
24 55
24 54
24 53
25 53
25 54
26 54
26 53
27 53
28 53
28 52
28 51
27 51
27 52
26 52
25 52
24 52
24 51
25 51
26 51
26 50
26 49
26 48
26 47
26 46
26 45
26 44
27 44
27 45
27 46
28 46
28 47
27 47
27 48
28 48
29 48
29 47
29 46
30 46
30 45
31 45
31 46
32 46
33 46
33 47
34 47
34 48
35 48
35 49
35 50
35 51
34 51
33 51
33 50
34 50
34 49
33 49
32 49
32 50
32 51
31 51
30 51
30 50
31 50
31 49
30 49
29 49
28 49
27 49
27 50
28 50
29 50
29 51
29 52
30 52
30 53
31 53
31 52
32 52
32 53
32 54
31 54
31 55
31 56
31 57
32 57
33 57
33 56
33 55
33 54
34 54
34 55
35 55
35 56
35 57
35 58
34 58
33 58
32 58
32 59
31 59
31 60
30 60
29 60
29 61
29 62
28 62
28 63
29 63
29 64
30 64
31 64
31 63
31 62
32 62
32 63
32 64
32 65
31 65
30 65
30 66
29 66
29 67
30 67
31 67
32 67
33 67
33 68
34 68
34 69
34 70
33 70
33 69
32 69
32 68
31 68
31 69
31 70
30 70
30 71
29 71
28 71
27 71
27 70
28 70
28 69
29 69
30 69
30 68
29 68
28 68
28 67
27 67
27 68
27 69
26 69
26 70
26 71
26 72
26 73
27 73
27 72
28 72
28 73
28 74
27 74
27 75
26 75
26 76
25 76
25 77
25 78
26 78
26 77
27 77
27 78
27 79
28 79
28 78
28 77
29 77
29 76
28 76
28 75
29 75
29 74
29 73
30 73
31 73
32 73
33 73
33 72
33 71
34 71
34 72
34 73
34 74
33 74
32 74
31 74
31 75
31 76
30 76
30 77
31 77
31 78
30 78
29 78
29 79
29 80
28 80
28 81
28 82
27 82
27 81
27 80
26 80
26 81
25 81
25 80
24 80
24 81
23 81
23 82
23 83
24 83
24 84
24 85
25 85
26 85
26 86
26 87
27 87
27 86
28 86
28 85
29 85
29 84
28 84
28 83
29 83
30 83
31 83
32 83
33 83
33 82
33 81
32 81
31 81
31 82
30 82
29 82
29 81
30 81
30 80
30 79
31 79
31 80
32 80
33 80
33 79
34 79
34 80
35 80
35 81
36 81
36 82
37 82
37 81
38 81
39 81
39 80
38 80
38 79
38 78
39 78
40 78
41 78
41 77
40 77
40 76
40 75
40 74
40 73
39 73
39 72
39 71
39 70
40 70
40 71
40 72
41 72
41 73
42 73
43 73
44 73
45 73
45 72
45 71
46 71
47 71
47 70
48 70
49 70
49 69
48 69
47 69
46 69
45 69
45 70
44 70
44 71
43 71
43 70
43 69
43 68
43 67
42 67
42 68
42 69
42 70
41 70
41 69
40 69
39 69
38 69
37 69
37 68
38 68
38 67
38 66
38 65
39 65
39 66
39 67
39 68
40 68
41 68
41 67
41 66
41 65
42 65
42 66
43 66
43 65
44 65
44 66
45 66
45 65
46 65
47 65
47 66
48 66
48 65
49 65
49 66
50 66
50 67
49 67
48 67
47 67
47 68
48 68
49 68
50 68
50 69
50 70
51 70
51 69
51 68
51 67
51 66
52 66
52 67
52 68
52 69
53 69
53 68
53 67
53 66
53 65
54 65
54 66
55 66
55 67
54 67
54 68
55 68
56 68
56 69
55 69
54 69
54 70
55 70
55 71
54 71
53 71
52 71
51 71
51 72
52 72
52 73
51 73
51 74
50 74
50 73
49 73
48 73
48 74
49 74
49 75
48 75
48 76
47 76
46 76
45 76
45 75
46 75
47 75
47 74
46 74
45 74
44 74
44 75
44 76
44 77
44 78
43 78
43 77
42 77
42 78
42 79
43 79
43 80
43 81
43 82
44 82
44 81
45 81
46 81
47 81
48 81
48 82
47 82
46 82
45 82
45 83
45 84
45 85
46 85
46 84
46 83
47 83
48 83
48 84
48 85
47 85
47 86
47 87
47 88
48 88
48 87
48 86
49 86
50 86
50 87
50 88
50 89
51 89
52 89
52 90
53 90
53 89
54 89
54 90
55 90
55 91
55 92
55 93
54 93
54 92
54 91
53 91
53 92
53 93
52 93
51 93
51 94
52 94
53 94
53 95
52 95
52 96
52 97
51 97
51 96
51 95
50 95
50 96
50 97
49 97
49 98
50 98
50 99
49 99
48 99
48 98
48 97
47 97
47 98
47 99
47 100
47 101
47 102
46 102
46 103
47 103
48 103
48 102
49 102
49 103
49 104
50 104
50 103
50 102
51 102
52 102
53 102
53 101
53 100
53 99
54 99
54 98
54 97
53 97
53 96
54 96
54 95
54 94
55 94
56 94
57 94
58 94
59 94
60 94
60 95
61 95
61 94
61 93
60 93
59 93
59 92
59 91
58 91
58 92
57 92
57 93
56 93
56 92
56 91
56 90
57 90
58 90
59 90
60 90
60 91
61 91
61 90
62 90
62 91
62 92
62 93
62 94
62 95
62 96
61 96
60 96
59 96
58 96
58 97
59 97
59 98
60 98
61 98
62 98
62 99
62 100
62 101
61 101
61 100
60 100
60 101
59 101
59 100
59 99
58 99
58 98
57 98
57 99
57 100
58 100
58 101
58 102
59 102
59 103
58 103
57 103
57 102
57 101
56 101
55 101
55 102
56 102
56 103
56 104
57 104
58 104
58 105
59 105
60 105
60 104
61 104
61 103
60 103
60 102
61 102
62 102
62 103
62 104
62 105
63 105
63 104
64 104
65 104
65 105
65 106
66 106
67 106
68 106
69 106
70 106
70 105
71 105
71 106
72 106
72 105
72 104
72 103
71 103
70 103
70 102
69 102
69 101
70 101
70 100
71 100
71 101
71 102
72 102
72 101
73 101
74 101
74 102
73 102
73 103
73 104
73 105
73 106
74 106
74 105
74 104
74 103
75 103
75 102
75 101
76 101
77 101
77 100
77 99
78 99
78 100
78 101
79 101
79 102
80 102
81 102
81 101
80 101
80 100
79 100
79 99
80 99
81 99
81 100
82 100
82 101
83 101
83 102
84 102
84 103
85 103
85 102
86 102
87 102
87 101
86 101
85 101
84 101
84 100
85 100
86 100
86 99
85 99
84 99
83 99
83 98
83 97
82 97
82 98
81 98
80 98
79 98
78 98
77 98
76 98
76 97
75 97
75 98
74 98
74 99
75 99
75 100
74 100
73 100
72 100
72 99
73 99
73 98
72 98
72 97
73 97
74 97
74 96
75 96
75 95
75 94
75 93
74 93
73 93
73 94
73 95
72 95
72 94
72 93
72 92
71 92
71 91
72 91
73 91
73 90
72 90
71 90
70 90
69 90
69 91
70 91
70 92
70 93
69 93
69 92
68 92
67 92
67 93
67 94
66 94
65 94
64 94
64 93
63 93
63 92
63 91
64 91
65 91
66 91
66 90
65 90
64 90
64 89
65 89
65 88
66 88
66 89
67 89
68 89
69 89
70 89
70 88
71 88
71 89
72 89
73 89
74 89
74 90
75 90
75 91
75 92
76 92
77 92
77 93
77 94
78 94
78 95
79 95
79 96
78 96
78 97
79 97
80 97
81 97
81 96
80 96
80 95
80 94
80 93
80 92
81 92
81 93
82 93
82 92
82 91
83 91
84 91
84 90
85 90
86 90
87 90
87 89
88 89
88 88
87 88
86 88
86 87
85 87
85 88
85 89
84 89
83 89
83 88
84 88
84 87
84 86
85 86
86 86
86 85
85 85
85 84
84 84
84 83
83 83
83 84
83 85
83 86
83 87
82 87
81 87
81 88
80 88
80 87
79 87
79 88
79 89
79 90
80 90
81 90
81 91
80 91
79 91
79 92
79 93
78 93
78 92
78 91
77 91
76 91
76 90
76 89
77 89
77 90
78 90
78 89
78 88
77 88
77 87
78 87
78 86
79 86
80 86
81 86
82 86
82 85
81 85
81 84
80 84
80 85
79 85
79 84
79 83
78 83
78 84
77 84
77 85
77 86
76 86
76 87
75 87
75 86
75 85
75 84
74 84
74 85
74 86
74 87
73 87
73 88
72 88
72 87
71 87
70 87
70 86
69 86
68 86
68 87
67 87
67 86
67 85
68 85
68 84
68 83
67 83
67 84
66 84
65 84
64 84
64 83
65 83
65 82
65 81
66 81
66 80
66 79
65 79
65 78
64 78
64 79
63 79
63 78
62 78
62 77
63 77
64 77
65 77
65 76
64 76
63 76
62 76
61 76
60 76
60 75
61 75
61 74
62 74
63 74
63 73
63 72
63 71
63 70
62 70
62 71
61 71
61 72
60 72
59 72
59 73
60 73
60 74
59 74
59 75
58 75
57 75
57 76
57 77
58 77
58 76
59 76
59 77
60 77
61 77
61 78
60 78
59 78
58 78
58 79
59 79
59 80
59 81
59 82
60 82
61 82
61 83
60 83
59 83
58 83
58 82
58 81
58 80
57 80
57 79
57 78
56 78
56 77
56 76
56 75
55 75
55 74
55 73
55 72
54 72
53 72
53 73
54 73
54 74
53 74
53 75
52 75
51 75
50 75
50 76
49 76
49 77
49 78
48 78
48 79
47 79
47 80
46 80
45 80
44 80
44 79
45 79
46 79
46 78
47 78
47 77
46 77
45 77
45 78
