0 1
-1 1
-2 1
-3 1
-3 0
-3 -1
-3 -2
-4 -2
-5 -2
-5 -1
-4 -1
-4 0
-5 0
-6 0
-6 1
-5 1
-4 1
-4 2
-4 3
-4 4
-5 4
-5 3
-5 2
-6 2
-6 3
-6 4
-6 5
-7 5
-7 4
-7 3
-7 2
-8 2
-8 1
-8 0
-7 0
-7 -1
-8 -1
-8 -2
-7 -2
-7 -3
-8 -3
-9 -3
-10 -3
-10 -2
-9 -2
-9 -1
-10 -1
-10 0
-9 0
-9 1
-9 2
-10 2
-10 3
-11 3
-11 4
-11 5
-11 6
-10 6
-9 6
-9 7
-10 7
-11 7
-11 8
-12 8
-12 7
-13 7
-13 8
-14 8
-14 9
-13 9
-12 9
-11 9
-10 9
-10 8
-9 8
-9 9
-8 9
-8 8
-8 7
-7 7
-7 6
-6 6
-6 7
-6 8
-5 8
-4 8
-3 8
-3 7
-3 6
-3 5
-3 4
-3 3
-3 2
-2 2
-1 2
-1 3
-2 3
-2 4
-2 5
-1 5
-1 4
0 4
0 3
1 3
1 2
2 2
2 3
3 3
3 2
4 2
4 1
3 1
3 0
4 0
4 -1
4 -2
5 -2
5 -1
6 -1
6 0
6 1
5 1
5 2
6 2
6 3
7 3
8 3
8 2
7 2
7 1
8 1
8 0
7 0
7 -1
7 -2
8 -2
8 -1
9 -1
9 0
9 1
9 2
10 2
10 1
11 1
12 1
13 1
13 2
14 2
14 1
15 1
15 0
14 0
14 -1
15 -1
15 -2
15 -3
14 -3
14 -2
13 -2
13 -3
12 -3
11 -3
11 -2
12 -2
12 -1
11 -1
11 0
10 0
10 -1
10 -2
10 -3
9 -3
9 -4
9 -5
9 -6
8 -6
8 -7
8 -8
7 -8
7 -7
7 -6
7 -5
7 -4
8 -4
8 -3
7 -3
6 -3
5 -3
4 -3
4 -4
5 -4
6 -4
6 -5
5 -5
5 -6
6 -6
6 -7
6 -8
5 -8
4 -8
3 -8
3 -9
4 -9
4 -10
4 -11
4 -12
5 -12
6 -12
6 -13
7 -13
7 -14
8 -14
9 -14
10 -14
10 -13
9 -13
8 -13
8 -12
7 -12
7 -11
8 -11
9 -11
9 -12
10 -12
11 -12
11 -13
12 -13
13 -13
13 -12
12 -12
12 -11
13 -11
14 -11
14 -10
13 -10
12 -10
11 -10
11 -11
10 -11
10 -10
10 -9
10 -8
11 -8
11 -9
12 -9
12 -8
13 -8
13 -9
14 -9
15 -9
16 -9
16 -8
17 -8
18 -8
18 -9
17 -9
17 -10
17 -11
18 -11
19 -11
19 -10
19 -9
20 -9
20 -10
20 -11
21 -11
21 -12
20 -12
20 -13
21 -13
21 -14
22 -14
22 -15
21 -15
21 -16
22 -16
23 -16
23 -17
22 -17
22 -18
21 -18
20 -18
19 -18
19 -19
19 -20
20 -20
20 -19
21 -19
22 -19
22 -20
21 -20
21 -21
21 -22
21 -23
20 -23
20 -22
20 -21
19 -21
18 -21
18 -20
18 -19
18 -18
17 -18
16 -18
16 -19
16 -20
15 -20
14 -20
13 -20
13 -19
14 -19
14 -18
15 -18
15 -17
16 -17
17 -17
17 -16
17 -15
16 -15
16 -14
16 -13
17 -13
17 -14
18 -14
18 -13
18 -12
17 -12
16 -12
16 -11
16 -10
15 -10
15 -11
15 -12
14 -12
14 -13
15 -13
15 -14
14 -14
13 -14
12 -14
11 -14
11 -15
10 -15
10 -16
11 -16
11 -17
10 -17
10 -18
10 -19
11 -19
11 -20
11 -21
11 -22
11 -23
10 -23
10 -22
9 -22
9 -23
9 -24
9 -25
8 -25
7 -25
6 -25
6 -24
6 -23
6 -22
7 -22
7 -23
7 -24
8 -24
8 -23
8 -22
8 -21
7 -21
7 -20
7 -19
6 -19
6 -20
5 -20
4 -20
3 -20
3 -21
4 -21
5 -21
5 -22
4 -22
4 -23
4 -24
4 -25
3 -25
2 -25
1 -25
1 -26
2 -26
2 -27
1 -27
1 -28
0 -28
-1 -28
-1 -29
0 -29
0 -30
0 -31
1 -31
2 -31
2 -30
1 -30
1 -29
2 -29
2 -28
3 -28
3 -27
3 -26
4 -26
4 -27
5 -27
5 -28
6 -28
6 -29
5 -29
4 -29
3 -29
3 -30
3 -31
3 -32
4 -32
5 -32
5 -31
5 -30
6 -30
7 -30
8 -30
9 -30
9 -29
8 -29
8 -28
9 -28
10 -28
10 -29
10 -30
10 -31
9 -31
8 -31
8 -32
8 -33
7 -33
7 -32
6 -32
6 -33
5 -33
5 -34
4 -34
3 -34
3 -35
3 -36
4 -36
5 -36
5 -37
4 -37
4 -38
5 -38
5 -39
6 -39
6 -38
7 -38
8 -38
8 -37
9 -37
9 -36
8 -36
7 -36
7 -37
6 -37
6 -36
6 -35
7 -35
8 -35
9 -35
9 -34
10 -34
10 -33
9 -33
9 -32
10 -32
11 -32
12 -32
12 -33
11 -33
11 -34
11 -35
12 -35
12 -34
13 -34
14 -34
14 -33
13 -33
13 -32
13 -31
14 -31
14 -30
13 -30
13 -29
12 -29
12 -30
12 -31
11 -31
11 -30
11 -29
11 -28
11 -27
11 -26
10 -26
10 -25
11 -25
11 -24
12 -24
12 -25
13 -25
14 -25
14 -26
13 -26
12 -26
12 -27
13 -27
14 -27
15 -27
15 -28
15 -29
16 -29
17 -29
18 -29
19 -29
19 -28
20 -28
20 -29
21 -29
21 -28
22 -28
23 -28
23 -29
24 -29
24 -28
24 -27
24 -26
25 -26
25 -27
25 -28
26 -28
26 -29
25 -29
25 -30
26 -30
26 -31
27 -31
27 -30
28 -30
28 -31
28 -32
27 -32
26 -32
26 -33
25 -33
25 -34
26 -34
26 -35
27 -35
28 -35
28 -34
27 -34
27 -33
28 -33
29 -33
29 -32
29 -31
30 -31
30 -32
31 -32
31 -33
30 -33
30 -34
29 -34
29 -35
29 -36
28 -36
27 -36
27 -37
28 -37
28 -38
27 -38
26 -38
26 -39
26 -40
26 -41
27 -41
27 -40
28 -40
28 -39
29 -39
30 -39
31 -39
32 -39
32 -38
32 -37
32 -36
32 -35
33 -35
34 -35
35 -35
36 -35
36 -34
37 -34
37 -35
38 -35
38 -36
39 -36
40 -36
40 -37
41 -37
41 -36
41 -35
41 -34
41 -33
42 -33
42 -34
42 -35
42 -36
42 -37
43 -37
43 -38
42 -38
41 -38
41 -39
41 -40
40 -40
40 -41
41 -41
41 -42
41 -43
41 -44
42 -44
42 -43
42 -42
43 -42
43 -43
44 -43
44 -42
45 -42
46 -42
47 -42
47 -43
46 -43
45 -43
45 -44
44 -44
43 -44
43 -45
42 -45
41 -45
41 -46
42 -46
43 -46
44 -46
44 -45
45 -45
45 -46
45 -47
46 -47
47 -47
47 -48
47 -49
48 -49
48 -48
48 -47
48 -46
48 -45
48 -44
48 -43
48 -42
49 -42
50 -42
50 -43
49 -43
49 -44
49 -45
49 -46
49 -47
50 -47
51 -47
52 -47
52 -46
52 -45
51 -45
51 -46
50 -46
50 -45
50 -44
51 -44
51 -43
51 -42
51 -41
50 -41
50 -40
50 -39
49 -39
49 -38
49 -37
49 -36
50 -36
50 -37
50 -38
51 -38
51 -39
51 -40
52 -40
52 -41
52 -42
52 -43
52 -44
53 -44
53 -45
53 -46
54 -46
55 -46
56 -46
57 -46
58 -46
58 -45
59 -45
60 -45
60 -46
60 -47
61 -47
61 -46
62 -46
62 -47
63 -47
64 -47
65 -47
65 -46
65 -45
64 -45
64 -46
63 -46
63 -45
63 -44
62 -44
62 -45
61 -45
61 -44
60 -44
59 -44
58 -44
58 -43
57 -43
57 -42
58 -42
58 -41
59 -41
59 -40
60 -40
60 -39
61 -39
61 -38
60 -38
60 -37
59 -37
58 -37
58 -38
57 -38
56 -38
56 -39
55 -39
55 -38
54 -38
54 -37
54 -36
54 -35
55 -35
55 -34
55 -33
55 -32
56 -32
57 -32
57 -31
57 -30
57 -29
57 -28
57 -27
57 -26
56 -26
55 -26
54 -26
54 -25
55 -25
56 -25
57 -25
58 -25
58 -26
58 -27
59 -27
59 -26
60 -26
61 -26
61 -27
60 -27
60 -28
59 -28
59 -29
59 -30
58 -30
58 -31
59 -31
59 -32
58 -32
58 -33
59 -33
60 -33
60 -34
60 -35
59 -35
58 -35
58 -36
59 -36
60 -36
61 -36
62 -36
63 -36
63 -35
64 -35
64 -34
65 -34
65 -35
66 -35
67 -35
67 -34
66 -34
66 -33
66 -32
65 -32
65 -33
64 -33
64 -32
63 -32
62 -32
62 -33
61 -33
61 -32
61 -31
61 -30
61 -29
61 -28
62 -28
62 -29
62 -30
62 -31
63 -31
63 -30
63 -29
64 -29
65 -29
65 -30
64 -30
64 -31
65 -31
66 -31
66 -30
67 -30
67 -31
68 -31
68 -30
68 -29
67 -29
66 -29
66 -28
67 -28
68 -28
68 -27
67 -27
66 -27
65 -27
64 -27
64 -28
63 -28
63 -27
63 -26
64 -26
64 -25
63 -25
62 -25
62 -24
61 -24
61 -25
60 -25
60 -24
59 -24
59 -23
58 -23
58 -22
59 -22
60 -22
60 -21
61 -21
61 -22
62 -22
63 -22
63 -23
63 -24
64 -24
65 -24
65 -25
65 -26
66 -26
66 -25
66 -24
66 -23
65 -23
64 -23
64 -22
65 -22
66 -22
66 -21
67 -21
68 -21
69 -21
69 -20
68 -20
68 -19
67 -19
67 -20
66 -20
66 -19
66 -18
67 -18
68 -18
69 -18
69 -19
70 -19
70 -18
71 -18
72 -18
72 -19
73 -19
73 -20
72 -20
71 -20
70 -20
70 -21
70 -22
69 -22
69 -23
68 -23
68 -24
69 -24
69 -25
69 -26
70 -26
71 -26
72 -26
72 -25
72 -24
71 -24
70 -24
70 -23
71 -23
71 -22
71 -21
72 -21
73 -21
73 -22
74 -22
75 -22
75 -23
76 -23
76 -24
76 -25
77 -25
78 -25
78 -24
78 -23
78 -22
77 -22
77 -21
78 -21
79 -21
79 -20
78 -20
78 -19
79 -19
79 -18
80 -18
80 -17
79 -17
79 -16
79 -15
78 -15
78 -16
77 -16
76 -16
76 -17
77 -17
77 -18
76 -18
76 -19
77 -19
77 -20
76 -20
75 -20
74 -20
74 -19
75 -19
75 -18
75 -17
75 -16
74 -16
74 -17
74 -18
73 -18
73 -17
72 -17
72 -16
73 -16
73 -15
74 -15
74 -14
73 -14
73 -13
74 -13
74 -12
73 -12
73 -11
72 -11
71 -11
70 -11
69 -11
69 -12
69 -13
70 -13
71 -13
71 -14
71 -15
71 -16
71 -17
70 -17
69 -17
69 -16
70 -16
70 -15
70 -14
69 -14
68 -14
67 -14
67 -13
68 -13
68 -12
67 -12
66 -12
66 -13
66 -14
66 -15
67 -15
68 -15
68 -16
68 -17
67 -17
67 -16
66 -16
65 -16
64 -16
63 -16
62 -16
62 -15
62 -14
63 -14
63 -15
64 -15
65 -15
65 -14
64 -14
64 -13
64 -12
63 -12
62 -12
62 -11
63 -11
64 -11
65 -11
66 -11
67 -11
67 -10
67 -9
66 -9
65 -9
65 -8
66 -8
67 -8
67 -7
68 -7
69 -7
69 -6
69 -5
68 -5
68 -6
67 -6
67 -5
66 -5
65 -5
64 -5
64 -4
65 -4
65 -3
64 -3
64 -2
64 -1
63 -1
63 0
62 0
62 1
61 1
61 0
61 -1
62 -1
62 -2
62 -3
61 -3
61 -2
60 -2
60 -1
60 0
60 1
60 2
61 2
62 2
62 3
63 3
64 3
64 4
63 4
63 5
62 5
61 5
61 4
61 3
60 3
60 4
59 4
59 3
59 2
59 1
58 1
57 1
56 1
55 1
55 2
56 2
56 3
57 3
58 3
58 4
57 4
56 4
56 5
55 5
55 4
54 4
54 3
54 2
54 1
54 0
55 0
55 -1
56 -1
57 -1
57 -2
56 -2
55 -2
55 -3
56 -3
56 -4
56 -5
55 -5
55 -6
54 -6
54 -7
55 -7
56 -7
57 -7
58 -7
58 -6
59 -6
60 -6
60 -5
59 -5
59 -4
59 -3
60 -3
60 -4
61 -4
61 -5
61 -6
61 -7
60 -7
59 -7
59 -8
58 -8
57 -8
56 -8
55 -8
54 -8
54 -9
55 -9
55 -10
56 -10
57 -10
57 -9
58 -9
59 -9
60 -9
60 -10
59 -10
58 -10
58 -11
58 -12
58 -13
57 -13
57 -12
56 -12
56 -11
55 -11
55 -12
55 -13
55 -14
55 -15
54 -15
54 -14
53 -14
53 -13
54 -13
54 -12
53 -12
52 -12
51 -12
51 -13
52 -13
52 -14
51 -14
51 -15
52 -15
53 -15
53 -16
53 -17
54 -17
54 -18
55 -18
55 -19
56 -19
56 -20
55 -20
54 -20
53 -20
53 -21
52 -21
51 -21
50 -21
49 -21
49 -22
50 -22
51 -22
51 -23
50 -23
49 -23
48 -23
48 -22
47 -22
47 -23
47 -24
48 -24
49 -24
49 -25
50 -25
50 -24
51 -24
52 -24
52 -25
53 -25
53 -26
52 -26
52 -27
53 -27
54 -27
55 -27
56 -27
56 -28
56 -29
55 -29
55 -28
54 -28
54 -29
54 -30
53 -30
53 -29
53 -28
52 -28
51 -28
50 -28
50 -27
51 -27
51 -26
50 -26
49 -26
49 -27
48 -27
48 -28
48 -29
49 -29
49 -30
48 -30
48 -31
49 -31
49 -32
50 -32
50 -31
50 -30
51 -30
51 -31
51 -32
51 -33
50 -33
49 -33
49 -34
49 -35
48 -35
48 -36
47 -36
47 -35
46 -35
46 -34
47 -34
47 -33
46 -33
46 -32
45 -32
44 -32
44 -33
45 -33
45 -34
44 -34
43 -34
43 -33
43 -32
43 -31
44 -31
45 -31
46 -31
46 -30
46 -29
45 -29
45 -28
45 -27
46 -27
47 -27
47 -26
48 -26
48 -25
47 -25
46 -25
46 -24
45 -24
45 -23
44 -23
43 -23
43 -24
43 -25
42 -25
42 -24
41 -24
41 -25
41 -26
40 -26
40 -25
40 -24
39 -24
38 -24
38 -25
39 -25
39 -26
38 -26
37 -26
36 -26
36 -27
37 -27
38 -27
39 -27
39 -28
38 -28
38 -29
38 -30
37 -30
37 -31
37 -32
37 -33
36 -33
35 -33
35 -32
36 -32
36 -31
36 -30
36 -29
37 -29
37 -28
36 -28
35 -28
34 -28
34 -29
35 -29
35 -30
34 -30
34 -31
34 -32
34 -33
34 -34
33 -34
33 -33
33 -32
33 -31
32 -31
31 -31
31 -30
30 -30
30 -29
30 -28
29 -28
29 -27
28 -27
28 -28
28 -29
27 -29
27 -28
27 -27
26 -27
26 -26
27 -26
28 -26
29 -26
29 -25
30 -25
30 -26
30 -27
31 -27
31 -28
31 -29
32 -29
32 -30
33 -30
33 -29
33 -28
32 -28
32 -27
33 -27
34 -27
35 -27
35 -26
34 -26
33 -26
32 -26
31 -26
31 -25
31 -24
32 -24
32 -23
32 -22
32 -21
32 -20
32 -19
32 -18
32 -17
33 -17
34 -17
35 -17
35 -18
35 -19
35 -20
35 -21
35 -22
36 -22
36 -21
36 -20
37 -20
38 -20
39 -20
39 -21
39 -22
40 -22
41 -22
42 -22
42 -21
42 -20
42 -19
41 -19
41 -20
41 -21
40 -21
40 -20
40 -19
39 -19
38 -19
37 -19
36 -19
36 -18
37 -18
38 -18
38 -17
39 -17
39 -18
40 -18
41 -18
41 -17
41 -16
40 -16
39 -16
38 -16
38 -15
38 -14
38 -13
37 -13
36 -13
36 -12
35 -12
34 -12
33 -12
33 -13
33 -14
34 -14
34 -13
35 -13
35 -14
35 -15
35 -16
34 -16
34 -15
33 -15
33 -16
32 -16
31 -16
30 -16
30 -17
31 -17
31 -18
31 -19
30 -19
30 -20
29 -20
28 -20
28 -21
28 -22
29 -22
30 -22
31 -22
31 -23
30 -23
30 -24
29 -24
28 -24
28 -25
27 -25
27 -24
26 -24
26 -25
25 -25
25 -24
25 -23
26 -23
27 -23
27 -22
27 -21
26 -21
26 -22
25 -22
25 -21
24 -21
23 -21
23 -20
23 -19
23 -18
24 -18
24 -19
24 -20
25 -20
25 -19
25 -18
25 -17
24 -17
24 -16
25 -16
26 -16
26 -15
26 -14
25 -14
25 -13
25 -12
25 -11
24 -11
23 -11
23 -10
24 -10
25 -10
25 -9
26 -9
26 -10
26 -11
26 -12
26 -13
27 -13
28 -13
28 -12
29 -12
30 -12
30 -13
30 -14
30 -15
31 -15
32 -15
32 -14
32 -13
32 -12
32 -11
33 -11
34 -11
35 -11
36 -11
36 -10
36 -9
36 -8
36 -7
35 -7
34 -7
34 -8
34 -9
35 -9
35 -10
34 -10
33 -10
33 -9
32 -9
32 -8
33 -8
33 -7
32 -7
31 -7
30 -7
30 -8
31 -8
31 -9
30 -9
30 -10
29 -10
29 -9
29 -8
29 -7
29 -6
28 -6
27 -6
26 -6
25 -6
25 -7
24 -7
24 -6
24 -5
24 -4
24 -3
25 -3
25 -2
24 -2
23 -2
23 -3
22 -3
22 -2
21 -2
21 -3
21 -4
22 -4
23 -4
23 -5
22 -5
21 -5
20 -5
19 -5
19 -4
20 -4
20 -3
20 -2
19 -2
18 -2
18 -1
19 -1
20 -1
21 -1
22 -1
22 0
21 0
21 1
22 1
23 1
24 1
24 2
23 2
22 2
21 2
21 3
22 3
22 4
22 5
23 5
24 5
24 4
25 4
25 5
26 5
26 6
26 7
27 7
27 6
28 6
28 7
29 7
29 6
30 6
30 7
30 8
29 8
28 8
28 9
28 10
27 10
27 9
27 8
26 8
25 8
25 9
24 9
24 8
23 8
22 8
22 9
22 10
21 10
21 11
22 11
23 11
23 12
23 13
23 14
22 14
22 15
23 15
23 16
23 17
23 18
22 18
21 18
21 19
20 19
19 19
18 19
18 20
19 20
20 20
21 20
22 20
23 20
23 21
23 22
24 22
24 23
23 23
23 24
23 25
24 25
24 26
25 26
25 25
26 25
26 26
27 26
27 27
26 27
25 27
25 28
25 29
26 29
27 29
27 28
28 28
29 28
29 27
30 27
31 27
32 27
33 27
33 26
34 26
34 27
35 27
35 26
35 25
35 24
34 24
33 24
33 23
34 23
34 22
35 22
35 21
34 21
33 21
33 22
32 22
32 21
31 21
31 20
32 20
32 19
33 19
33 20
34 20
35 20
36 20
36 19
36 18
36 17
37 17
38 17
38 16
37 16
36 16
36 15
35 15
35 16
34 16
33 16
33 15
34 15
34 14
33 14
33 13
34 13
34 12
33 12
32 12
32 11
33 11
33 10
32 10
31 10
30 10
29 10
29 9
30 9
31 9
32 9
32 8
31 8
31 7
31 6
32 6
32 7
33 7
33 6
34 6
34 5
34 4
35 4
35 5
36 5
36 4
36 3
35 3
34 3
33 3
33 4
32 4
32 5
31 5
31 4
31 3
31 2
30 2
29 2
29 1
28 1
28 2
28 3
28 4
29 4
29 3
30 3
30 4
30 5
29 5
28 5
27 5
27 4
27 3
27 2
27 1
26 1
25 1
25 0
24 0
23 0
23 -1
24 -1
25 -1
26 -1
26 0
27 0
28 0
29 0
30 0
30 1
31 1
31 0
31 -1
32 -1
32 0
33 0
33 1
32 1
32 2
33 2
34 2
34 1
35 1
35 2
36 2
36 1
36 0
37 0
37 -1
38 -1
39 -1
40 -1
40 0
39 0
39 1
39 2
39 3
39 4
39 5
39 6
39 7
38 7
38 6
38 5
38 4
37 4
37 5
37 6
37 7
36 7
36 6
35 6
35 7
34 7
34 8
35 8
36 8
36 9
37 9
37 10
37 11
36 11
36 10
35 10
34 10
34 11
35 11
35 12
36 12
37 12
37 13
36 13
35 13
35 14
36 14
37 14
38 14
39 14
39 15
39 16
39 17
39 18
40 18
40 19
41 19
41 18
41 17
42 17
42 18
42 19
43 19
43 18
44 18
44 19
44 20
44 21
43 21
43 22
44 22
45 22
45 21
46 21
46 20
47 20
47 21
47 22
46 22
46 23
46 24
46 25
47 25
47 24
47 23
48 23
49 23
49 22
49 21
49 20
49 19
50 19
50 20
51 20
51 21
52 21
53 21
54 21
54 20
53 20
52 20
52 19
53 19
53 18
53 17
54 17
54 16
55 16
55 17
56 17
56 16
56 15
55 15
54 15
54 14
55 14
56 14
57 14
57 13
57 12
58 12
59 12
60 12
60 11
61 11
61 12
62 12
62 11
63 11
63 10
62 10
62 9
63 9
63 8
62 8
61 8
61 9
61 10
60 10
59 10
59 11
58 11
57 11
57 10
58 10
58 9
59 9
60 9
60 8
59 8
58 8
58 7
57 7
57 6
57 5
58 5
59 5
59 6
59 7
60 7
60 6
61 6
61 7
62 7
62 6
63 6
63 7
64 7
64 8
64 9
64 10
65 10
65 9
65 8
66 8
66 9
67 9
68 9
68 8
68 7
68 6
67 6
66 6
66 5
67 5
67 4
66 4
65 4
65 3
66 3
66 2
67 2
68 2
68 1
67 1
66 1
65 1
65 2
64 2
63 2
63 1
64 1
64 0
65 0
65 -1
65 -2
66 -2
67 -2
67 -1
66 -1
66 0
67 0
68 0
68 -1
68 -2
69 -2
69 -3
68 -3
67 -3
66 -3
66 -4
67 -4
68 -4
69 -4
70 -4
70 -3
71 -3
71 -4
71 -5
71 -6
72 -6
72 -7
72 -8
73 -8
74 -8
74 -9
73 -9
72 -9
71 -9
71 -8
70 -8
69 -8
68 -8
68 -9
69 -9
70 -9
70 -10
71 -10
72 -10
73 -10
74 -10
75 -10
75 -11
75 -12
75 -13
75 -14
75 -15
76 -15
77 -15
77 -14
78 -14
78 -13
77 -13
76 -13
76 -12
76 -11
76 -10
76 -9
76 -8
77 -8
78 -8
79 -8
79 -9
78 -9
77 -9
77 -10
78 -10
78 -11
77 -11
77 -12
78 -12
79 -12
79 -11
79 -10
80 -10
80 -9
81 -9
82 -9
83 -9
84 -9
85 -9
85 -8
85 -7
86 -7
86 -6
85 -6
85 -5
84 -5
84 -6
84 -7
84 -8
83 -8
82 -8
82 -7
83 -7
83 -6
83 -5
83 -4
84 -4
85 -4
85 -3
85 -2
84 -2
84 -1
84 0
83 0
83 -1
83 -2
82 -2
81 -2
80 -2
80 -1
81 -1
82 -1
82 0
82 1
81 1
81 0
80 0
79 0
79 -1
79 -2
79 -3
78 -3
77 -3
76 -3
75 -3
75 -4
76 -4
77 -4
78 -4
79 -4
80 -4
80 -3
81 -3
81 -4
81 -5
81 -6
81 -7
80 -7
80 -6
80 -5
79 -5
78 -5
78 -6
79 -6
79 -7
78 -7
77 -7
76 -7
75 -7
75 -6
76 -6
77 -6
77 -5
76 -5
75 -5
74 -5
74 -6
74 -7
73 -7
73 -6
73 -5
72 -5
72 -4
72 -3
73 -3
73 -2
73 -1
73 0
72 0
71 0
71 -1
71 -2
70 -2
70 -1
69 -1
69 0
70 0
70 1
71 1
71 2
72 2
72 1
73 1
73 2
74 2
74 1
74 0
74 -1
74 -2
75 -2
75 -1
76 -1
76 0
77 0
77 1
78 1
79 1
79 2
79 3
79 4
80 4
81 4
82 4
83 4
83 5
82 5
81 5
80 5
79 5
79 6
79 7
80 7
81 7
81 6
82 6
83 6
83 7
82 7
82 8
81 8
80 8
79 8
78 8
78 7
78 6
78 5
78 4
78 3
78 2
77 2
77 3
77 4
76 4
76 5
77 5
77 6
77 7
76 7
76 8
77 8
77 9
77 10
78 10
79 10
80 10
81 10
81 11
81 12
80 12
80 11
79 11
78 11
78 12
77 12
77 11
76 11
76 12
76 13
76 14
75 14
74 14
74 15
73 15
72 15
72 16
71 16
71 15
71 14
70 14
69 14
68 14
68 15
69 15
69 16
68 16
67 16
67 15
67 14
67 13
67 12
66 12
66 13
66 14
65 14
65 13
65 12
64 12
64 13
63 13
63 14
64 14
64 15
63 15
62 15
62 14
61 14
61 13
60 13
59 13
58 13
58 14
59 14
60 14
60 15
61 15
61 16
62 16
63 16
64 16
65 16
65 15
66 15
66 16
66 17
66 18
67 18
67 19
67 20
68 20
68 21
67 21
67 22
66 22
66 23
67 23
68 23
69 23
69 24
70 24
70 23
71 23
71 24
71 25
70 25
70 26
71 26
72 26
72 25
73 25
74 25
75 25
75 26
74 26
74 27
75 27
76 27
76 28
75 28
75 29
75 30
76 30
76 29
77 29
77 30
77 31
78 31
78 32
77 32
77 33
77 34
76 34
76 33
76 32
75 32
75 31
74 31
74 30
73 30
72 30
71 30
70 30
70 29
71 29
72 29
73 29
74 29
74 28
73 28
72 28
72 27
71 27
71 28
70 28
70 27
69 27
69 26
68 26
68 27
68 28
69 28
69 29
69 30
69 31
70 31
70 32
69 32
69 33
70 33
70 34
70 35
70 36
70 37
69 37
69 38
69 39
69 40
70 40
70 41
70 42
71 42
71 43
72 43
72 44
71 44
71 45
71 46
71 47
72 47
72 48
71 48
70 48
69 48
69 47
68 47
68 46
69 46
69 45
70 45
70 44
70 43
69 43
69 44
68 44
68 43
68 42
69 42
69 41
68 41
67 41
67 40
66 40
65 40
64 40
64 39
64 38
65 38
65 39
66 39
67 39
67 38
68 38
68 37
67 37
67 36
67 35
67 34
66 34
66 33
65 33
65 34
64 34
63 34
63 33
62 33
62 34
61 34
61 35
62 35
63 35
64 35
64 36
63 36
63 37
63 38
63 39
63 40
62 40
62 41
62 42
62 43
63 43
63 42
63 41
64 41
64 42
64 43
64 44
64 45
65 45
65 46
65 47
66 47
66 46
67 46
67 47
67 48
66 48
66 49
67 49
67 50
66 50
66 51
66 52
65 52
65 53
64 53
64 54
64 55
65 55
65 56
64 56
64 57
64 58
63 58
63 57
62 57
62 58
62 59
63 59
64 59
65 59
65 58
65 57
66 57
67 57
67 58
67 59
68 59
68 58
68 57
69 57
69 56
68 56
68 55
67 55
66 55
66 54
66 53
67 53
67 52
67 51
68 51
68 52
69 52
69 51
69 50
70 50
70 51
70 52
70 53
70 54
71 54
71 53
71 52
72 52
72 53
73 53
73 54
74 54
74 53
74 52
73 52
73 51
72 51
71 51
71 50
72 50
73 50
74 50
75 50
76 50
76 51
75 51
75 52
75 53
75 54
75 55
74 55
73 55
72 55
71 55
71 56
72 56
73 56
73 57
72 57
71 57
71 58
72 58
73 58
74 58
75 58
76 58
76 57
77 57
77 58
77 59
77 60
78 60
78 59
78 58
79 58
79 57
78 57
78 56
77 56
77 55
78 55
79 55
79 56
80 56
80 55
80 54
81 54
82 54
83 54
83 55
82 55
81 55
81 56
82 56
83 56
84 56
84 57
84 58
83 58
83 57
82 57
81 57
81 58
82 58
82 59
81 59
81 60
82 60
83 60
84 60
85 60
86 60
87 60
88 60
88 61
87 61
86 61
86 62
86 63
86 64
85 64
84 64
84 63
83 63
83 62
84 62
84 61
83 61
82 61
82 62
82 63
82 64
81 64
81 63
81 62
81 61
80 61
80 60
80 59
79 59
79 60
79 61
79 62
79 63
79 64
79 65
78 65
78 64
77 64
76 64
76 63
77 63
78 63
78 62
78 61
77 61
77 62
76 62
76 61
75 61
75 62
75 63
75 64
74 64
73 64
72 64
72 63
73 63
74 63
74 62
74 61
74 60
75 60
76 60
76 59
75 59
74 59
73 59
72 59
71 59
71 60
71 61
71 62
71 63
71 64
70 64
69 64
69 65
69 66
70 66
71 66
71 65
72 65
72 66
72 67
73 67
73 68
72 68
72 69
71 69
70 69
69 69
69 70
69 71
70 71
71 71
71 70
72 70
72 71
73 71
73 70
73 69
74 69
74 68
75 68
75 67
75 66
76 66
77 66
78 66
79 66
80 66
80 65
81 65
82 65
83 65
83 66
84 66
85 66
86 66
86 65
87 65
87 64
87 63
87 62
88 62
88 63
88 64
89 64
89 65
88 65
88 66
89 66
89 67
88 67
88 68
88 69
87 69
87 70
86 70
85 70
85 71
85 72
84 72
83 72
83 73
82 73
82 72
82 71
82 70
83 70
83 71
84 71
84 70
84 69
84 68
85 68
85 69
86 69
86 68
87 68
87 67
86 67
85 67
84 67
83 67
83 68
83 69
82 69
82 68
82 67
82 66
81 66
81 67
80 67
79 67
78 67
78 68
77 68
77 67
76 67
76 68
76 69
75 69
75 70
74 70
74 71
74 72
75 72
76 72
76 71
77 71
78 71
79 71
79 70
78 70
77 70
77 69
78 69
79 69
79 68
80 68
81 68
81 69
81 70
80 70
80 71
80 72
79 72
79 73
80 73
81 73
81 74
80 74
79 74
79 75
78 75
78 74
78 73
78 72
77 72
77 73
76 73
75 73
74 73
73 73
73 72
72 72
71 72
70 72
70 73
69 73
69 72
68 72
68 73
68 74
67 74
67 75
68 75
69 75
69 76
70 76
70 77
69 77
69 78
70 78
71 78
71 79
70 79
69 79
69 80
70 80
71 80
71 81
71 82
70 82
70 83
69 83
69 82
68 82
68 83
68 84
69 84
70 84
71 84
71 85
70 85
69 85
68 85
67 85
67 86
66 86
66 85
66 84
67 84
67 83
67 82
67 81
67 80
66 80
66 79
66 78
66 77
66 76
66 75
66 74
65 74
65 73
65 72
65 71
64 71
63 71
62 71
62 70
62 69
62 68
63 68
63 69
63 70
64 70
64 69
64 68
65 68
65 69
65 70
66 70
67 70
67 69
66 69
66 68
66 67
65 67
65 66
64 66
63 66
63 65
64 65
64 64
64 63
65 63
65 64
65 65
66 65
66 64
66 63
66 62
65 62
64 62
63 62
62 62
61 62
61 61
62 61
63 61
63 60
62 60
61 60
61 59
61 58
61 57
61 56
60 56
59 56
59 55
60 55
60 54
59 54
59 53
60 53
60 52
59 52
59 51
60 51
61 51
61 50
61 49
61 48
60 48
59 48
59 49
60 49
60 50
59 50
58 50
57 50
57 51
58 51
58 52
57 52
57 53
57 54
58 54
58 55
58 56
57 56
57 55
56 55
56 54
55 54
55 53
54 53
54 54
54 55
55 55
55 56
54 56
54 57
53 57
53 58
52 58
52 57
51 57
50 57
49 57
49 58
49 59
48 59
48 58
47 58
47 59
47 60
46 60
45 60
45 59
44 59
44 60
44 61
44 62
45 62
45 61
46 61
47 61
48 61
48 62
47 62
47 63
48 63
49 63
49 62
50 62
50 61
51 61
52 61
53 61
54 61
55 61
56 61
56 60
57 60
57 61
57 62
56 62
55 62
54 62
53 62
52 62
51 62
51 63
52 63
53 63
53 64
52 64
52 65
53 65
53 66
52 66
51 66
51 67
50 67
50 68
49 68
49 67
49 66
50 66
50 65
50 64
49 64
48 64
47 64
47 65
48 65
48 66
48 67
47 67
46 67
46 66
46 65
45 65
44 65
44 64
45 64
46 64
46 63
45 63
44 63
43 63
42 63
42 64
43 64
43 65
42 65
41 65
41 64
40 64
40 63
40 62
39 62
39 61
39 60
38 60
38 59
38 58
37 58
37 59
36 59
36 60
37 60
37 61
37 62
37 63
36 63
36 62
35 62
34 62
34 61
33 61
32 61
32 60
33 60
34 60
34 59
34 58
33 58
33 59
32 59
31 59
31 58
32 58
32 57
32 56
33 56
34 56
35 56
35 57
35 58
36 58
36 57
36 56
37 56
37 55
37 54
36 54
36 53
36 52
37 52
37 53
38 53
39 53
40 53
40 52
40 51
40 50
39 50
39 51
39 52
38 52
38 51
38 50
37 50
37 51
36 51
35 51
35 52
35 53
35 54
35 55
34 55
33 55
33 54
32 54
32 53
32 52
32 51
31 51
30 51
29 51
29 52
28 52
28 51
28 50
29 50
29 49
28 49
28 48
29 48
30 48
31 48
31 47
31 46
31 45
32 45
32 46
33 46
33 45
33 44
32 44
31 44
30 44
30 45
30 46
29 46
28 46
28 45
27 45
26 45
26 44
26 43
27 43
28 43
28 44
29 44
29 43
30 43
31 43
32 43
33 43
33 42
32 42
31 42
30 42
29 42
28 42
27 42
27 41
27 40
26 40
26 39
25 39
24 39
24 38
24 37
24 36
25 36
25 37
25 38
26 38
27 38
27 39
28 39
28 40
28 41
29 41
29 40
29 39
29 38
30 38
30 39
30 40
30 41
31 41
32 41
32 40
31 40
31 39
32 39
33 39
33 40
33 41
34 41
34 40
34 39
35 39
36 39
36 40
35 40
35 41
36 41
36 42
37 42
37 41
37 40
38 40
38 39
38 38
38 37
39 37
39 38
39 39
40 39
41 39
42 39
42 38
41 38
40 38
40 37
41 37
42 37
43 37
43 38
43 39
44 39
44 40
45 40
45 41
46 41
46 42
46 43
45 43
44 43
44 42
44 41
43 41
42 41
41 41
41 42
42 42
43 42
43 43
43 44
44 44
44 45
45 45
45 46
46 46
47 46
48 46
48 45
48 44
49 44
50 44
50 43
50 42
51 42
52 42
53 42
54 42
55 42
55 43
55 44
56 44
56 43
57 43
57 44
57 45
58 45
58 46
58 47
59 47
60 47
61 47
62 47
62 46
61 46
61 45
62 45
63 45
63 44
62 44
61 44
61 43
61 42
61 41
61 40
61 39
62 39
62 38
62 37
62 36
61 36
61 37
60 37
60 36
59 36
58 36
57 36
57 37
56 37
55 37
55 38
56 38
57 38
58 38
58 37
59 37
59 38
59 39
58 39
57 39
57 40
58 40
59 40
60 40
60 41
59 41
58 41
57 41
57 42
56 42
56 41
56 40
56 39
55 39
55 40
54 40
54 41
53 41
52 41
51 41
51 40
51 39
51 38
51 37
52 37
52 36
51 36
50 36
50 35
49 35
48 35
48 36
49 36
49 37
49 38
49 39
50 39
50 40
50 41
49 41
49 40
48 40
48 41
47 41
47 40
46 40
46 39
45 39
45 38
44 38
44 37
44 36
44 35
43 35
43 36
42 36
41 36
41 35
41 34
40 34
40 33
40 32
40 31
39 31
39 32
39 33
38 33
38 34
38 35
39 35
40 35
40 36
39 36
38 36
37 36
37 35
36 35
36 34
37 34
37 33
36 33
36 32
37 32
37 31
36 31
35 31
34 31
33 31
33 30
33 29
34 29
34 28
33 28
32 28
32 29
32 30
32 31
32 32
32 33
32 34
32 35
33 35
33 36
33 37
33 38
32 38
32 37
32 36
31 36
31 35
31 34
31 33
30 33
30 34
29 34
29 33
29 32
29 31
30 31
30 30
29 30
29 29
28 29
28 30
28 31
27 31
27 30
26 30
25 30
24 30
24 31
24 32
25 32
25 33
25 34
26 34
26 33
26 32
27 32
28 32
28 33
27 33
27 34
28 34
28 35
27 35
26 35
25 35
24 35
24 34
23 34
23 35
23 36
23 37
23 38
23 39
23 40
24 40
25 40
25 41
26 41
26 42
25 42
24 42
24 41
23 41
23 42
22 42
22 43
23 43
23 44
23 45
23 46
22 46
22 47
22 48
22 49
21 49
21 48
21 47
21 46
20 46
20 47
20 48
19 48
19 47
18 47
17 47
16 47
16 48
16 49
15 49
14 49
14 48
13 48
12 48
12 49
13 49
13 50
14 50
14 51
13 51
12 51
12 50
11 50
10 50
9 50
8 50
7 50
6 50
6 49
6 48
6 47
7 47
7 48
7 49
8 49
8 48
8 47
8 46
7 46
6 46
5 46
4 46
4 47
5 47
5 48
4 48
3 48
3 49
4 49
4 50
3 50
2 50
1 50
0 50
-1 50
-1 49
0 49
1 49
1 48
2 48
2 47
1 47
0 47
-1 47
-1 46
0 46
1 46
1 45
0 45
-1 45
-2 45
-2 44
-1 44
0 44
1 44
2 44
2 45
2 46
3 46
3 45
3 44
4 44
4 45
5 45
6 45
7 45
7 44
8 44
8 43
8 42
9 42
9 43
9 44
10 44
10 43
10 42
11 42
11 43
12 43
13 43
13 42
13 41
12 41
12 40
13 40
14 40
15 40
15 41
16 41
16 40
17 40
17 39
18 39
19 39
19 38
20 38
20 39
20 40
19 40
19 41
18 41
17 41
17 42
18 42
18 43
17 43
17 44
17 45
17 46
18 46
19 46
19 45
20 45
21 45
21 44
20 44
20 43
21 43
21 42
20 42
20 41
21 41
21 40
21 39
22 39
22 38
21 38
21 37
22 37
22 36
21 36
21 35
22 35
22 34
22 33
22 32
21 32
21 33
21 34
20 34
19 34
18 34
17 34
16 34
16 35
17 35
18 35
19 35
20 35
20 36
20 37
19 37
19 36
18 36
18 37
17 37
17 36
16 36
16 37
15 37
15 36
15 35
15 34
15 33
14 33
14 34
14 35
14 36
14 37
14 38
15 38
16 38
16 39
15 39
14 39
13 39
12 39
11 39
11 38
11 37
12 37
12 38
13 38
13 37
13 36
13 35
12 35
12 34
13 34
13 33
13 32
12 32
12 33
11 33
11 34
10 34
10 33
10 32
11 32
11 31
10 31
9 31
9 30
8 30
8 29
7 29
7 30
7 31
8 31
8 32
7 32
7 33
6 33
6 34
6 35
5 35
5 34
5 33
4 33
4 34
4 35
4 36
5 36
5 37
4 37
4 38
3 38
2 38
1 38
0 38
0 39
-1 39
-1 38
-2 38
-2 37
-1 37
0 37
1 37
2 37
3 37
3 36
2 36
1 36
0 36
-1 36
-1 35
-1 34
-1 33
0 33
0 34
0 35
1 35
2 35
3 35
3 34
2 34
1 34
1 33
1 32
0 32
-1 32
-2 32
-3 32
-4 32
-4 33
-3 33
-2 33
-2 34
-2 35
-2 36
-3 36
-4 36
-4 35
-3 35
-3 34
-4 34
-5 34
-6 34
-6 33
-7 33
-7 32
-6 32
-5 32
-5 31
-4 31
-4 30
-5 30
-5 29
-6 29
-6 30
-6 31
-7 31
-7 30
-7 29
-7 28
-6 28
-5 28
-4 28
-4 27
-3 27
-3 28
-3 29
-3 30
-3 31
-2 31
-1 31
-1 30
-2 30
-2 29
-1 29
-1 28
0 28
0 27
1 27
2 27
3 27
4 27
4 28
4 29
5 29
5 28
5 27
5 26
6 26
6 27
6 28
7 28
8 28
9 28
9 29
10 29
10 28
11 28
11 27
11 26
12 26
12 27
13 27
13 26
13 25
12 25
12 24
12 23
13 23
13 22
12 22
12 21
12 20
13 20
13 19
12 19
11 19
11 18
12 18
13 18
14 18
14 19
14 20
15 20
16 20
17 20
17 19
16 19
15 19
15 18
16 18
17 18
18 18
19 18
20 18
20 17
21 17
22 17
22 16
21 16
20 16
19 16
19 17
18 17
18 16
18 15
17 15
16 15
15 15
15 16
16 16
16 17
15 17
14 17
13 17
13 16
14 16
14 15
14 14
13 14
13 13
14 13
14 12
13 12
12 12
11 12
11 13
12 13
12 14
11 14
10 14
10 13
9 13
9 12
8 12
8 13
7 13
6 13
5 13
5 14
4 14
4 13
4 12
4 11
5 11
5 10
5 9
5 8
5 7
6 7
6 8
6 9
6 10
6 11
7 11
7 10
7 9
7 8
7 7
8 7
9 7
9 8
10 8
10 7
11 7
11 6
10 6
9 6
8 6
8 5
7 5
7 6
6 6
6 5
6 4
5 4
5 3
4 3
4 4
4 5
5 5
5 6
4 6
3 6
3 5
3 4
2 4
2 5
1 5
1 6
2 6
2 7
3 7
4 7
4 8
4 9
4 10
3 10
3 9
2 9
1 9
1 10
2 10
2 11
3 11
3 12
3 13
3 14
2 14
2 15
3 15
3 16
2 16
2 17
3 17
3 18
4 18
4 17
4 16
5 16
5 15
6 15
7 15
7 14
8 14
9 14
9 15
10 15
10 16
9 16
8 16
8 17
7 17
6 17
5 17
5 18
6 18
6 19
7 19
7 18
8 18
8 19
9 19
9 18
10 18
10 19
10 20
11 20
11 21
10 21
9 21
9 20
8 20
7 20
7 21
8 21
8 22
9 22
10 22
11 22
11 23
11 24
10 24
10 23
9 23
9 24
9 25
9 26
10 26
10 27
9 27
8 27
7 27
7 26
7 25
7 24
8 24
8 23
7 23
7 22
6 22
5 22
5 23
4 23
4 24
5 24
6 24
6 25
5 25
4 25
3 25
3 26
2 26
2 25
1 25
1 26
0 26
0 25
0 24
-1 24
-1 25
-2 25
-2 26
-3 26
-3 25
-4 25
-4 26
-5 26
-5 27
-6 27
-7 27
-8 27
-9 27
-9 28
-8 28
-8 29
-9 29
-9 30
-10 30
-10 29
-10 28
-10 27
-11 27
-11 28
-12 28
-12 29
-11 29
-11 30
-11 31
-12 31
-12 32
-13 32
-13 33
-14 33
-14 32
-15 32
-15 33
-16 33
-16 32
-17 32
-17 33
-18 33
-19 33
-19 32
-20 32
-20 33
-20 34
-20 35
-19 35
-19 36
-18 36
-18 35
-18 34
-17 34
-17 35
-16 35
-16 34
-15 34
-15 35
-15 36
-15 37
-14 37
-14 36
-14 35
-14 34
-13 34
-13 35
-13 36
-13 37
-12 37
-11 37
-11 36
-12 36
-12 35
-12 34
-12 33
-11 33
-11 34
-10 34
-9 34
-8 34
-7 34
-7 35
-6 35
-6 36
-6 37
-6 38
-7 38
-8 38
-8 37
-8 36
-9 36
-9 37
-9 38
-9 39
-8 39
-7 39
-6 39
-5 39
-5 40
-6 40
-7 40
-7 41
-7 42
-6 42
-5 42
-5 43
-6 43
-7 43
-8 43
-8 42
-8 41
-8 40
-9 40
-10 40
-11 40
-11 39
-11 38
-12 38
-12 39
-12 40
-12 41
-11 41
-11 42
-12 42
-13 42
-13 43
-14 43
-14 42
-15 42
-15 41
-15 40
-16 40
-16 39
-16 38
-16 37
-16 36
-17 36
-17 37
-18 37
-18 38
-17 38
-17 39
-17 40
-17 41
-17 42
-16 42
-16 43
-17 43
-17 44
-18 44
-18 43
-18 42
-18 41
-18 40
-18 39
-19 39
-19 40
-19 41
-20 41
-20 40
-20 39
-20 38
-19 38
-19 37
-20 37
-21 37
-22 37
-22 38
-21 38
-21 39
-21 40
-21 41
-21 42
-21 43
-20 43
-20 44
-21 44
-21 45
-20 45
-20 46
-21 46
-21 47
-21 48
-22 48
-22 49
-22 50
-23 50
-23 49
-23 48
-23 47
-22 47
-22 46
-22 45
-23 45
-23 46
-24 46
-25 46
-25 45
-24 45
-24 44
-25 44
-26 44
-26 45
-27 45
-27 44
-28 44
-29 44
-29 45
-28 45
-28 46
-27 46
-26 46
-26 47
-27 47
-27 48
-27 49
-27 50
-27 51
-27 52
-27 53
-27 54
-27 55
-28 55
-29 55
-29 54
-30 54
-30 55
-30 56
-29 56
-28 56
-27 56
-27 57
-26 57
-25 57
-25 58
-24 58
-24 59
-23 59
-23 58
-22 58
-22 59
-22 60
-22 61
-21 61
-21 60
-20 60
-20 61
-19 61
-19 62
-19 63
-19 64
-19 65
-19 66
-20 66
-20 67
-19 67
-18 67
-17 67
-16 67
-15 67
-15 68
-14 68
-14 67
-14 66
-15 66
-15 65
-14 65
-14 64
-15 64
-16 64
-17 64
-17 65
-17 66
-18 66
-18 65
-18 64
-18 63
-17 63
-16 63
-16 62
-15 62
-15 63
-14 63
-14 62
-14 61
-14 60
-13 60
-13 59
-14 59
-14 58
-15 58
-15 59
-15 60
-16 60
-16 59
-16 58
-17 58
-17 59
-18 59
-18 60
-19 60
-19 59
-19 58
-20 58
-20 59
-21 59
-21 58
-21 57
-22 57
-23 57
-24 57
-24 56
-25 56
-25 55
-26 55
-26 54
-26 53
-26 52
-25 52
-25 51
-25 50
-26 50
-26 49
-25 49
-25 48
-24 48
-24 49
-24 50
-24 51
-24 52
-24 53
-24 54
-24 55
-23 55
-23 56
-22 56
-21 56
-20 56
-20 57
-19 57
-19 56
-19 55
-19 54
-18 54
-18 55
-18 56
-18 57
-17 57
-17 56
-17 55
-17 54
-17 53
-17 52
-17 51
-18 51
-18 52
-18 53
-19 53
-19 52
-20 52
-21 52
-22 52
-22 53
-21 53
-21 54
-22 54
-23 54
-23 53
-23 52
-23 51
-22 51
-21 51
-21 50
-20 50
-20 51
-19 51
-19 50
-18 50
-18 49
-19 49
-19 48
-18 48
-17 48
-16 48
-16 49
-17 49
-17 50
-16 50
-15 50
-15 51
-16 51
-16 52
-15 52
-15 53
-15 54
-15 55
-15 56
-15 57
-14 57
-14 56
-13 56
-13 57
-13 58
-12 58
-12 57
-11 57
-11 56
-12 56
-12 55
-13 55
-14 55
-14 54
-14 53
-14 52
-14 51
-14 50
-14 49
-14 48
-14 47
-15 47
-16 47
-17 47
-18 47
-18 46
-17 46
-16 46
-16 45
-16 44
-15 44
-15 45
-15 46
-14 46
-14 45
-13 45
-12 45
-11 45
-10 45
-10 44
-10 43
-10 42
-10 41
-9 41
-9 42
-9 43
-9 44
-9 45
-9 46
-10 46
-11 46
-12 46
-13 46
-13 47
-13 48
-12 48
-12 47
-11 47
-11 48
-10 48
-10 49
-11 49
-12 49
-12 50
-11 50
-10 50
-9 50
-9 49
-8 49
-8 50
-8 51
-9 51
-9 52
-8 52
-7 52
-7 51
-7 50
-7 49
-7 48
-6 48
-6 49
-6 50
-6 51
-5 51
-5 52
-4 52
-4 53
-3 53
-3 52
-2 52
-1 52
0 52
0 51
-1 51
-2 51
-3 51
-3 50
-2 50
-2 49
-3 49
-4 49
-4 48
-5 48
-5 47
-4 47
-3 47
-2 47
-2 46
-3 46
-4 46
-5 46
-6 46
-7 46
-8 46
-8 45
-8 44
-7 44
-7 45
-6 45
-5 45
-4 45
-3 45
-3 44
-3 43
-2 43
-1 43
0 43
1 43
2 43
3 43
3 42
2 42
2 41
3 41
3 40
2 40
2 39
3 39
4 39
4 40
4 41
4 42
4 43
5 43
6 43
6 42
6 41
5 41
5 40
5 39
5 38
6 38
6 37
6 36
7 36
7 37
7 38
8 38
8 37
8 36
9 36
10 36
10 35
9 35
8 35
7 35
7 34
8 34
9 34
