0 1
-1 1
-1 0
-2 0
-3 0
-3 -1
-2 -1
-1 -1
0 -1
0 -2
-1 -2
-1 -3
-2 -3
-2 -2
-3 -2
-3 -3
-4 -3
-5 -3
-5 -4
-4 -4
-4 -5
-3 -5
-3 -4
-2 -4
-1 -4
0 -4
0 -3
1 -3
1 -2
1 -1
1 0
1 1
2 1
2 0
2 -1
3 -1
4 -1
5 -1
5 0
4 0
3 0
3 1
3 2
3 3
2 3
2 4
1 4
1 3
1 2
0 2
-1 2
-1 3
0 3
0 4
-1 4
-2 4
-2 5
-1 5
0 5
1 5
1 6
0 6
-1 6
-2 6
-2 7
-1 7
-1 8
-2 8
-3 8
-3 7
-3 6
-3 5
-3 4
-3 3
-2 3
-2 2
-2 1
-3 1
-3 2
-4 2
-4 3
-4 4
-4 5
-4 6
-5 6
-5 7
-4 7
-4 8
-5 8
-6 8
-7 8
-8 8
-9 8
-10 8
-11 8
-11 7
-11 6
-12 6
-13 6
-13 7
-12 7
-12 8
-13 8
-14 8
-15 8
-16 8
-16 7
-17 7
-17 6
-16 6
-16 5
-17 5
-18 5
-18 4
-17 4
-16 4
-16 3
-16 2
-16 1
-15 1
-15 0
-14 0
-14 1
-14 2
-13 2
-13 3
-12 3
-12 2
-11 2
-11 3
-11 4
-12 4
-13 4
-14 4
-15 4
-15 5
-15 6
-14 6
-14 5
-13 5
-12 5
-11 5
-10 5
-9 5
-9 6
-9 7
-8 7
-7 7
-6 7
-6 6
-6 5
-7 5
-7 6
-8 6
-8 5
-8 4
-8 3
-7 3
-7 2
-8 2
-9 2
-10 2
-10 1
-11 1
-12 1
-12 0
-11 0
-11 -1
-11 -2
-12 -2
-13 -2
-14 -2
-15 -2
-16 -2
-16 -3
-17 -3
-17 -2
-18 -2
-19 -2
-19 -3
-18 -3
-18 -4
-17 -4
-17 -5
-17 -6
-17 -7
-18 -7
-18 -8
-17 -8
-16 -8
-15 -8
-14 -8
-14 -7
-13 -7
-12 -7
-12 -6
-12 -5
-13 -5
-13 -6
-14 -6
-14 -5
-14 -4
-14 -3
-13 -3
-13 -4
-12 -4
-12 -3
-11 -3
-11 -4
-11 -5
-11 -6
-10 -6
-10 -7
-9 -7
-9 -8
-9 -9
-8 -9
-8 -10
-7 -10
-7 -9
-6 -9
-5 -9
-4 -9
-4 -10
-5 -10
-6 -10
-6 -11
-7 -11
-8 -11
-9 -11
-9 -10
-10 -10
-10 -11
-10 -12
-10 -13
-10 -14
-11 -14
-11 -13
-11 -12
-11 -11
-11 -10
-11 -9
-10 -9
-10 -8
-11 -8
-12 -8
-13 -8
-13 -9
-14 -9
-14 -10
-15 -10
-15 -9
-16 -9
-16 -10
-16 -11
-17 -11
-17 -12
-17 -13
-16 -13
-16 -12
-15 -12
-15 -11
-14 -11
-13 -11
-13 -10
-12 -10
-12 -11
-12 -12
-13 -12
-14 -12
-14 -13
-15 -13
-15 -14
-15 -15
-15 -16
-16 -16
-17 -16
-17 -17
-18 -17
-18 -18
-17 -18
-17 -19
-16 -19
-15 -19
-15 -20
-15 -21
-16 -21
-16 -20
-17 -20
-18 -20
-19 -20
-20 -20
-20 -21
-20 -22
-20 -23
-20 -24
-19 -24
-19 -25
-19 -26
-20 -26
-20 -27
-21 -27
-22 -27
-22 -28
-21 -28
-21 -29
-21 -30
-20 -30
-19 -30
-19 -29
-18 -29
-17 -29
-17 -30
-17 -31
-18 -31
-18 -32
-19 -32
-19 -31
-20 -31
-20 -32
-20 -33
-21 -33
-21 -32
-21 -31
-22 -31
-23 -31
-23 -32
-22 -32
-22 -33
-23 -33
-23 -34
-23 -35
-22 -35
-22 -34
-21 -34
-21 -35
-21 -36
-22 -36
-23 -36
-23 -37
-24 -37
-24 -36
-24 -35
-24 -34
-24 -33
-24 -32
-24 -31
-25 -31
-25 -32
-25 -33
-26 -33
-26 -32
-27 -32
-28 -32
-28 -33
-27 -33
-27 -34
-26 -34
-26 -35
-27 -35
-27 -36
-27 -37
-28 -37
-28 -38
-27 -38
-27 -39
-27 -40
-27 -41
-28 -41
-28 -40
-28 -39
-29 -39
-29 -40
-30 -40
-30 -41
-29 -41
-29 -42
-28 -42
-27 -42
-26 -42
-26 -41
-26 -40
-26 -39
-26 -38
-26 -37
-25 -37
-25 -38
-24 -38
-23 -38
-22 -38
-22 -37
-21 -37
-21 -38
-21 -39
-20 -39
-20 -38
-19 -38
-19 -37
-18 -37
-18 -36
-19 -36
-20 -36
-20 -35
-19 -35
-19 -34
-18 -34
-18 -35
-17 -35
-16 -35
-16 -36
-17 -36
-17 -37
-16 -37
-16 -38
-17 -38
-18 -38
-18 -39
-18 -40
-17 -40
-17 -41
-17 -42
-18 -42
-19 -42
-20 -42
-20 -43
-19 -43
-19 -44
-19 -45
-19 -46
-18 -46
-17 -46
-17 -47
-16 -47
-16 -46
-16 -45
-16 -44
-15 -44
-15 -45
-15 -46
-14 -46
-14 -47
-15 -47
-15 -48
-15 -49
-14 -49
-13 -49
-13 -50
-14 -50
-14 -51
-13 -51
-12 -51
-12 -50
-11 -50
-11 -51
-11 -52
-10 -52
-10 -53
-11 -53
-12 -53
-13 -53
-13 -54
-14 -54
-14 -53
-15 -53
-15 -54
-16 -54
-16 -55
-16 -56
-15 -56
-14 -56
-14 -57
-13 -57
-12 -57
-12 -56
-12 -55
-11 -55
-11 -54
-10 -54
-10 -55
-9 -55
-9 -54
-9 -53
-9 -52
-8 -52
-8 -53
-8 -54
-8 -55
-7 -55
-6 -55
-5 -55
-5 -56
-6 -56
-7 -56
-8 -56
-8 -57
-8 -58
-8 -59
-7 -59
-6 -59
-6 -60
-7 -60
-7 -61
-6 -61
-5 -61
-5 -62
-6 -62
-7 -62
-7 -63
-8 -63
-8 -64
-7 -64
-7 -65
-6 -65
-6 -64
-6 -63
-5 -63
-5 -64
-5 -65
-5 -66
-4 -66
-3 -66
-3 -65
-2 -65
-2 -66
-2 -67
-1 -67
-1 -68
0 -68
0 -67
1 -67
1 -66
1 -65
2 -65
2 -66
2 -67
2 -68
3 -68
4 -68
4 -69
4 -70
3 -70
3 -69
2 -69
1 -69
0 -69
-1 -69
-2 -69
-3 -69
-3 -70
-2 -70
-2 -71
-2 -72
-2 -73
-2 -74
-1 -74
-1 -73
-1 -72
0 -72
0 -73
1 -73
1 -72
1 -71
0 -71
-1 -71
-1 -70
0 -70
1 -70
2 -70
2 -71
2 -72
3 -72
3 -71
4 -71
4 -72
5 -72
5 -73
5 -74
6 -74
7 -74
7 -75
6 -75
6 -76
5 -76
5 -77
5 -78
6 -78
6 -79
6 -80
6 -81
5 -81
5 -80
4 -80
3 -80
3 -79
2 -79
2 -78
1 -78
0 -78
0 -77
-1 -77
-1 -78
-2 -78
-2 -77
-2 -76
-1 -76
0 -76
0 -75
-1 -75
-2 -75
-3 -75
-4 -75
-4 -74
-3 -74
-3 -73
-3 -72
-3 -71
-4 -71
-4 -72
-4 -73
-5 -73
-5 -72
-5 -71
-6 -71
-7 -71
-8 -71
-8 -72
-8 -73
-7 -73
-7 -74
-8 -74
-8 -75
-8 -76
-9 -76
-10 -76
-10 -75
-9 -75
-9 -74
-9 -73
-10 -73
-10 -72
-10 -71
-11 -71
-11 -70
-11 -69
-12 -69
-12 -70
-12 -71
-12 -72
-13 -72
-13 -71
-14 -71
-15 -71
-15 -72
-16 -72
-17 -72
-17 -73
-18 -73
-19 -73
-20 -73
-20 -74
-20 -75
-20 -76
-20 -77
-19 -77
-19 -76
-18 -76
-18 -75
-19 -75
-19 -74
-18 -74
-17 -74
-16 -74
-15 -74
-15 -75
-16 -75
-17 -75
-17 -76
-17 -77
-16 -77
-16 -76
-15 -76
-14 -76
-13 -76
-13 -77
-14 -77
-15 -77
-15 -78
-16 -78
-17 -78
-17 -79
-16 -79
-16 -80
-17 -80
-18 -80
-18 -79
-19 -79
-20 -79
-20 -80
-20 -81
-19 -81
-18 -81
-17 -81
-16 -81
-16 -82
-16 -83
-15 -83
-15 -82
-14 -82
-14 -83
-13 -83
-13 -84
-13 -85
-12 -85
-12 -84
-12 -83
-12 -82
-13 -82
-13 -81
-13 -80
-12 -80
-12 -81
-11 -81
-11 -82
-10 -82
-9 -82
-8 -82
-8 -83
-9 -83
-9 -84
-10 -84
-10 -83
-11 -83
-11 -84
-11 -85
-10 -85
-10 -86
-10 -87
-9 -87
-8 -87
-8 -86
-7 -86
-7 -85
-8 -85
-8 -84
-7 -84
-6 -84
-6 -83
-6 -82
-5 -82
-5 -83
-4 -83
-3 -83
-3 -84
-3 -85
-2 -85
-1 -85
-1 -84
0 -84
0 -85
1 -85
1 -84
2 -84
3 -84
3 -85
2 -85
2 -86
2 -87
1 -87
1 -86
0 -86
-1 -86
-1 -87
-2 -87
-3 -87
-4 -87
-5 -87
-6 -87
-6 -88
-7 -88
-8 -88
-8 -89
-7 -89
-6 -89
-6 -90
-7 -90
-7 -91
-7 -92
-8 -92
-8 -93
-9 -93
-9 -94
-10 -94
-10 -95
-10 -96
-9 -96
-9 -95
-8 -95
-7 -95
-7 -96
-7 -97
-7 -98
-7 -99
-6 -99
-5 -99
-4 -99
-4 -100
-5 -100
-5 -101
-4 -101
-3 -101
-3 -102
-3 -103
-2 -103
-2 -104
-2 -105
-2 -106
-3 -106
-3 -105
-4 -105
-5 -105
-5 -106
-6 -106
-7 -106
-8 -106
-8 -107
-9 -107
-9 -106
-9 -105
-8 -105
-7 -105
-6 -105
-6 -104
-7 -104
-7 -103
-7 -102
-7 -101
-6 -101
-6 -100
-7 -100
-8 -100
-8 -101
-8 -102
-8 -103
-8 -104
-9 -104
-9 -103
-10 -103
-10 -102
-10 -101
-9 -101
-9 -100
-10 -100
-10 -99
-10 -98
-11 -98
-12 -98
-13 -98
-13 -99
-14 -99
-14 -98
-14 -97
-15 -97
-16 -97
-16 -96
-15 -96
-15 -95
-14 -95
-13 -95
-13 -96
-13 -97
-12 -97
-11 -97
-11 -96
-12 -96
-12 -95
-11 -95
-11 -94
-11 -93
-11 -92
-12 -92
-12 -93
-13 -93
-13 -92
-14 -92
-14 -91
-14 -90
-14 -89
-13 -89
-12 -89
-12 -90
-13 -90
-13 -91
-12 -91
-11 -91
-11 -90
-10 -90
-10 -91
-10 -92
-9 -92
-9 -91
-8 -91
-8 -90
-9 -90
-9 -89
-9 -88
-10 -88
-10 -89
-11 -89
-11 -88
-12 -88
-13 -88
-13 -87
-12 -87
-11 -87
-11 -86
-12 -86
-13 -86
-14 -86
-15 -86
-15 -85
-15 -84
-16 -84
-17 -84
-17 -83
-17 -82
-18 -82
-19 -82
-19 -83
-18 -83
-18 -84
-18 -85
-17 -85
-17 -86
-18 -86
-18 -87
-17 -87
-17 -88
-18 -88
-19 -88
-19 -89
-18 -89
-17 -89
-17 -90
-16 -90
-15 -90
-15 -91
-15 -92
-15 -93
-14 -93
-14 -94
-15 -94
-16 -94
-17 -94
-17 -95
-18 -95
-18 -94
-19 -94
-19 -95
-19 -96
-20 -96
-20 -95
-20 -94
-21 -94
-22 -94
-22 -95
-21 -95
-21 -96
-22 -96
-23 -96
-23 -97
-22 -97
-22 -98
-21 -98
-21 -97
-20 -97
-20 -98
-20 -99
-20 -100
-19 -100
-19 -101
-20 -101
-21 -101
-21 -100
-21 -99
-22 -99
-22 -100
-23 -100
-23 -99
-23 -98
-24 -98
-25 -98
-25 -99
-24 -99
-24 -100
-25 -100
-26 -100
-26 -101
-27 -101
-27 -100
-28 -100
-28 -99
-27 -99
-26 -99
-26 -98
-27 -98
-27 -97
-27 -96
-26 -96
-25 -96
-25 -97
-24 -97
-24 -96
-24 -95
-24 -94
-25 -94
-25 -95
-26 -95
-27 -95
-27 -94
-26 -94
-26 -93
-25 -93
-24 -93
-23 -93
-22 -93
-22 -92
-21 -92
-21 -91
-22 -91
-23 -91
-23 -92
-24 -92
-24 -91
-25 -91
-25 -90
-25 -89
-24 -89
-24 -90
-23 -90
-23 -89
-22 -89
-22 -88
-22 -87
-22 -86
-21 -86
-20 -86
-20 -87
-19 -87
-19 -86
-19 -85
-20 -85
-21 -85
-22 -85
-23 -85
-23 -86
-23 -87
-23 -88
-24 -88
-24 -87
-24 -86
-24 -85
-25 -85
-25 -84
-26 -84
-27 -84
-28 -84
-28 -85
-27 -85
-26 -85
-26 -86
-25 -86
-25 -87
-25 -88
-26 -88
-26 -87
-27 -87
-27 -86
-28 -86
-29 -86
-29 -85
-30 -85
-31 -85
-31 -86
-31 -87
-31 -88
-30 -88
-29 -88
-29 -89
-29 -90
-28 -90
-27 -90
-27 -89
-26 -89
-26 -90
-26 -91
-26 -92
-27 -92
-27 -91
-28 -91
-29 -91
-29 -92
-28 -92
-28 -93
-28 -94
-28 -95
-29 -95
-30 -95
-30 -94
-29 -94
-29 -93
-30 -93
-31 -93
-32 -93
-33 -93
-34 -93
-34 -94
-33 -94
-33 -95
-32 -95
-32 -96
-32 -97
-33 -97
-33 -96
-34 -96
-34 -95
-35 -95
-35 -94
-35 -93
-36 -93
-36 -92
-35 -92
-34 -92
-34 -91
-34 -90
-33 -90
-32 -90
-32 -91
-33 -91
-33 -92
-32 -92
-31 -92
-30 -92
-30 -91
-31 -91
-31 -90
-30 -90
-30 -89
-31 -89
-32 -89
-33 -89
-34 -89
-34 -88
-33 -88
-32 -88
-32 -87
-33 -87
-33 -86
-32 -86
-32 -85
-32 -84
-33 -84
-33 -85
-34 -85
-34 -86
-35 -86
-35 -87
-35 -88
-35 -89
-35 -90
-35 -91
-36 -91
-37 -91
-38 -91
-39 -91
-39 -90
-38 -90
-37 -90
-37 -89
-37 -88
-37 -87
-37 -86
-37 -85
-36 -85
-36 -84
-37 -84
-37 -83
-36 -83
-35 -83
-35 -82
-36 -82
-37 -82
-38 -82
-38 -83
-38 -84
-38 -85
-38 -86
-38 -87
-39 -87
-40 -87
-41 -87
-42 -87
-42 -88
-43 -88
-44 -88
-45 -88
-45 -89
-46 -89
-47 -89
-47 -90
-48 -90
-49 -90
-49 -89
-50 -89
-50 -90
-51 -90
-52 -90
-53 -90
-53 -91
-54 -91
-54 -90
-55 -90
-55 -91
-55 -92
-56 -92
-56 -93
-56 -94
-55 -94
-54 -94
-54 -93
-54 -92
-53 -92
-52 -92
-52 -91
-51 -91
-50 -91
-50 -92
-50 -93
-49 -93
-49 -92
-49 -91
-48 -91
-47 -91
-47 -92
-48 -92
-48 -93
-47 -93
-47 -94
-48 -94
-49 -94
-50 -94
-50 -95
-49 -95
-49 -96
-48 -96
-48 -95
-47 -95
-47 -96
-46 -96
-46 -97
-45 -97
-44 -97
-44 -98
-44 -99
-45 -99
-45 -98
-46 -98
-47 -98
-47 -97
-48 -97
-48 -98
-48 -99
-49 -99
-49 -100
-50 -100
-51 -100
-51 -99
-50 -99
-50 -98
-49 -98
-49 -97
-50 -97
-51 -97
-51 -98
-52 -98
-53 -98
-53 -97
-54 -97
-55 -97
-56 -97
-56 -98
-56 -99
-55 -99
-55 -98
-54 -98
-54 -99
-53 -99
-53 -100
-54 -100
-54 -101
-55 -101
-55 -100
-56 -100
-56 -101
-57 -101
-57 -100
-58 -100
-58 -99
-57 -99
-57 -98
-58 -98
-58 -97
-59 -97
-59 -98
-60 -98
-60 -97
-60 -96
-60 -95
-59 -95
-59 -96
-58 -96
-58 -95
-58 -94
-59 -94
-60 -94
-60 -93
-59 -93
-59 -92
-60 -92
-61 -92
-61 -91
-61 -90
-60 -90
-60 -91
-59 -91
-59 -90
-58 -90
-58 -91
-57 -91
-56 -91
-56 -90
-56 -89
-57 -89
-57 -88
-58 -88
-58 -89
-59 -89
-59 -88
-60 -88
-60 -87
-59 -87
-59 -86
-60 -86
-61 -86
-61 -87
-61 -88
-61 -89
-62 -89
-63 -89
-64 -89
-64 -88
-64 -87
-64 -86
-63 -86
-63 -87
-63 -88
-62 -88
-62 -87
-62 -86
-62 -85
-61 -85
-60 -85
-59 -85
-58 -85
-58 -86
-58 -87
-57 -87
-56 -87
-56 -88
-55 -88
-55 -89
-54 -89
-53 -89
-53 -88
-52 -88
-52 -89
-51 -89
-51 -88
-50 -88
-49 -88
-48 -88
-47 -88
-46 -88
-46 -87
-47 -87
-47 -86
-47 -85
-48 -85
-48 -86
-48 -87
-49 -87
-50 -87
-50 -86
-51 -86
-51 -85
-52 -85
-52 -84
-53 -84
-53 -83
-52 -83
-52 -82
-53 -82
-53 -81
-53 -80
-54 -80
-54 -81
-54 -82
-54 -83
-54 -84
-55 -84
-55 -85
-56 -85
-57 -85
-57 -84
-56 -84
-56 -83
-57 -83
-57 -82
-56 -82
-55 -82
-55 -81
-56 -81
-57 -81
-58 -81
-59 -81
-59 -80
-58 -80
-58 -79
-58 -78
-58 -77
-57 -77
-56 -77
-56 -78
-55 -78
-54 -78
-54 -79
-53 -79
-53 -78
-53 -77
-52 -77
-51 -77
-51 -76
-52 -76
-53 -76
-53 -75
-52 -75
-52 -74
-51 -74
-51 -73
-50 -73
-50 -74
-49 -74
-49 -73
-48 -73
-48 -74
-48 -75
-49 -75
-50 -75
-50 -76
-50 -77
-49 -77
-49 -76
-48 -76
-48 -77
-48 -78
-48 -79
-47 -79
-47 -78
-46 -78
-46 -77
-47 -77
-47 -76
-47 -75
-47 -74
-47 -73
-46 -73
-46 -74
-46 -75
-45 -75
-45 -76
-45 -77
-44 -77
-44 -78
-43 -78
-43 -79
-44 -79
-45 -79
-45 -80
-46 -80
-46 -81
-47 -81
-47 -80
-48 -80
-48 -81
-48 -82
-48 -83
-49 -83
-50 -83
-50 -84
-49 -84
-48 -84
-47 -84
-46 -84
-46 -83
-45 -83
-45 -82
-44 -82
-44 -81
-44 -80
-43 -80
-42 -80
-41 -80
-40 -80
-40 -81
-41 -81
-42 -81
-43 -81
-43 -82
-42 -82
-41 -82
-41 -83
-40 -83
-40 -82
-39 -82
-39 -81
-38 -81
-38 -80
-39 -80
-39 -79
-39 -78
-39 -77
-40 -77
-40 -76
-40 -75
-39 -75
-39 -74
-39 -73
-38 -73
-38 -74
-37 -74
-37 -75
-38 -75
-38 -76
-37 -76
-37 -77
-38 -77
-38 -78
-38 -79
-37 -79
-37 -78
-36 -78
-36 -79
-36 -80
-37 -80
-37 -81
-36 -81
-35 -81
-34 -81
-34 -82
-33 -82
-32 -82
-32 -81
-33 -81
-33 -80
-34 -80
-35 -80
-35 -79
-35 -78
-34 -78
-34 -79
-33 -79
-33 -78
-33 -77
-32 -77
-32 -78
-32 -79
-32 -80
-31 -80
-31 -81
-31 -82
-31 -83
-31 -84
-30 -84
-30 -83
-30 -82
-29 -82
-28 -82
-27 -82
-27 -81
-28 -81
-28 -80
-28 -79
-27 -79
-27 -80
-26 -80
-25 -80
-25 -79
-25 -78
-26 -78
-26 -77
-25 -77
-25 -76
-26 -76
-26 -75
-27 -75
-27 -74
-27 -73
-27 -72
-27 -71
-27 -70
-28 -70
-28 -71
-29 -71
-29 -72
-28 -72
-28 -73
-29 -73
-29 -74
-28 -74
-28 -75
-29 -75
-30 -75
-31 -75
-31 -74
-30 -74
-30 -73
-31 -73
-32 -73
-32 -72
-33 -72
-33 -73
-33 -74
-34 -74
-34 -75
-33 -75
-33 -76
-34 -76
-35 -76
-35 -77
-36 -77
-36 -76
-36 -75
-35 -75
-35 -74
-36 -74
-36 -73
-36 -72
-36 -71
-35 -71
-35 -72
-35 -73
-34 -73
-34 -72
-34 -71
-33 -71
-32 -71
-32 -70
-33 -70
-33 -69
-33 -68
-33 -67
-34 -67
-34 -68
-35 -68
-36 -68
-37 -68
-37 -67
-36 -67
-35 -67
-35 -66
-34 -66
-33 -66
-33 -65
-32 -65
-32 -66
-31 -66
-31 -67
-30 -67
-30 -68
-30 -69
-31 -69
-31 -70
-31 -71
-31 -72
-30 -72
-30 -71
-30 -70
-29 -70
-29 -69
-28 -69
-27 -69
-27 -68
-26 -68
-26 -67
-27 -67
-27 -66
-26 -66
-25 -66
-25 -65
-25 -64
-26 -64
-26 -65
-27 -65
-28 -65
-28 -66
-29 -66
-30 -66
-30 -65
-29 -65
-29 -64
-28 -64
-28 -63
-29 -63
-30 -63
-31 -63
-31 -64
-32 -64
-32 -63
-32 -62
-32 -61
-32 -60
-31 -60
-31 -59
-32 -59
-32 -58
-33 -58
-33 -57
-32 -57
-32 -56
-31 -56
-31 -55
-32 -55
-33 -55
-33 -54
-33 -53
-33 -52
-34 -52
-34 -53
-35 -53
-35 -52
-35 -51
-34 -51
-34 -50
-34 -49
-33 -49
-33 -50
-33 -51
-32 -51
-32 -52
-31 -52
-31 -51
-30 -51
-30 -52
-30 -53
-31 -53
-31 -54
-30 -54
-30 -55
-29 -55
-28 -55
-28 -54
-28 -53
-28 -52
-27 -52
-27 -51
-28 -51
-29 -51
-29 -50
-28 -50
-27 -50
-26 -50
-26 -51
-26 -52
-26 -53
-26 -54
-27 -54
-27 -55
-26 -55
-26 -56
-27 -56
-28 -56
-28 -57
-27 -57
-26 -57
-25 -57
-25 -58
-24 -58
-24 -57
-23 -57
-23 -56
-24 -56
-25 -56
-25 -55
-25 -54
-24 -54
-24 -53
-25 -53
-25 -52
-24 -52
-23 -52
-23 -51
-24 -51
-25 -51
-25 -50
-25 -49
-25 -48
-26 -48
-27 -48
-28 -48
-29 -48
-29 -49
-30 -49
-30 -48
-30 -47
-29 -47
-28 -47
-28 -46
-28 -45
-27 -45
-27 -46
-27 -47
-26 -47
-25 -47
-24 -47
-24 -48
-24 -49
-24 -50
-23 -50
-22 -50
-22 -51
-22 -52
-21 -52
-21 -51
-20 -51
-20 -52
-19 -52
-18 -52
-18 -53
-17 -53
-16 -53
-16 -52
-17 -52
-17 -51
-16 -51
-16 -50
-17 -50
-17 -49
-17 -48
-18 -48
-18 -47
-19 -47
-19 -48
-19 -49
-18 -49
-18 -50
-18 -51
-19 -51
-19 -50
-20 -50
-21 -50
-21 -49
-20 -49
-20 -48
-21 -48
-22 -48
-22 -49
-23 -49
-23 -48
-23 -47
-22 -47
-21 -47
-20 -47
-20 -46
-20 -45
-20 -44
-21 -44
-21 -43
-22 -43
-22 -44
-22 -45
-21 -45
-21 -46
-22 -46
-23 -46
-23 -45
-23 -44
-23 -43
-23 -42
-23 -41
-24 -41
-24 -40
-23 -40
-23 -39
-24 -39
-25 -39
-25 -40
-25 -41
-25 -42
-25 -43
-25 -44
-25 -45
-25 -46
-26 -46
-26 -45
-26 -44
-26 -43
-27 -43
-28 -43
-29 -43
-30 -43
-30 -42
-31 -42
-32 -42
-33 -42
-33 -43
-34 -43
-34 -44
-34 -45
-34 -46
-35 -46
-36 -46
-36 -47
-35 -47
-34 -47
-33 -47
-32 -47
-31 -47
-31 -48
-32 -48
-33 -48
-34 -48
-35 -48
-35 -49
-36 -49
-36 -50
-36 -51
-36 -52
-36 -53
-36 -54
-35 -54
-35 -55
-35 -56
-36 -56
-36 -57
-36 -58
-35 -58
-35 -59
-36 -59
-36 -60
-36 -61
-36 -62
-37 -62
-37 -61
-38 -61
-38 -62
-39 -62
-40 -62
-40 -63
-41 -63
-42 -63
-43 -63
-43 -64
-42 -64
-41 -64
-40 -64
-40 -65
-39 -65
-38 -65
-38 -66
-39 -66
-40 -66
-40 -67
-41 -67
-42 -67
-42 -66
-41 -66
-41 -65
-42 -65
-43 -65
-43 -66
-43 -67
-43 -68
-42 -68
-41 -68
-41 -69
-41 -70
-41 -71
-40 -71
-39 -71
-39 -72
-40 -72
-40 -73
-40 -74
-41 -74
-41 -75
-42 -75
-42 -74
-43 -74
-43 -75
-43 -76
-44 -76
-44 -75
-44 -74
-45 -74
-45 -73
-45 -72
-44 -72
-44 -73
-43 -73
-42 -73
-41 -73
-41 -72
-42 -72
-42 -71
-42 -70
-42 -69
-43 -69
-43 -70
-44 -70
-45 -70
-45 -69
-45 -68
-44 -68
-44 -67
-44 -66
-44 -65
-44 -64
-45 -64
-45 -65
-46 -65
-47 -65
-48 -65
-49 -65
-50 -65
-50 -66
-49 -66
-49 -67
-50 -67
-51 -67
-52 -67
-52 -66
-53 -66
-54 -66
-54 -67
-54 -68
-53 -68
-53 -69
-53 -70
-52 -70
-52 -69
-52 -68
-51 -68
-51 -69
-50 -69
-49 -69
-48 -69
-47 -69
-47 -70
-48 -70
-49 -70
-50 -70
-51 -70
-51 -71
-52 -71
-53 -71
-53 -72
-54 -72
-54 -73
-54 -74
-54 -75
-55 -75
-56 -75
-56 -74
-55 -74
-55 -73
-55 -72
-55 -71
-54 -71
-54 -70
-55 -70
-56 -70
-56 -69
-55 -69
-55 -68
-56 -68
-56 -67
-55 -67
-55 -66
-55 -65
-55 -64
-55 -63
-56 -63
-57 -63
-57 -64
-57 -65
-56 -65
-56 -66
-57 -66
-58 -66
-58 -65
-59 -65
-59 -66
-59 -67
-60 -67
-60 -66
-61 -66
-61 -67
-61 -68
-62 -68
-63 -68
-63 -69
-62 -69
-61 -69
-61 -70
-62 -70
-63 -70
-63 -71
-64 -71
-64 -72
-64 -73
-64 -74
-65 -74
-65 -73
-66 -73
-67 -73
-67 -72
-67 -71
-67 -70
-67 -69
-67 -68
-66 -68
-65 -68
-65 -67
-65 -66
-64 -66
-64 -65
-65 -65
-66 -65
-66 -66
-66 -67
-67 -67
-67 -66
-68 -66
-69 -66
-69 -67
-68 -67
-68 -68
-69 -68
-69 -69
-68 -69
-68 -70
-68 -71
-68 -72
-68 -73
-69 -73
-69 -74
-70 -74
-70 -75
-69 -75
-69 -76
-69 -77
-68 -77
-68 -78
-69 -78
-69 -79
-68 -79
-67 -79
-67 -80
-68 -80
-68 -81
-69 -81
-69 -82
-68 -82
-67 -82
-67 -83
-67 -84
-66 -84
-66 -83
-65 -83
-65 -82
-65 -81
-66 -81
-66 -80
-66 -79
-66 -78
-67 -78
-67 -77
-66 -77
-65 -77
-64 -77
-63 -77
-63 -76
-63 -75
-63 -74
-62 -74
-62 -75
-62 -76
-62 -77
-62 -78
-63 -78
-64 -78
-64 -79
-65 -79
-65 -80
-64 -80
-64 -81
-63 -81
-62 -81
-61 -81
-61 -80
-60 -80
-60 -81
-60 -82
-59 -82
-59 -83
-58 -83
-58 -84
-59 -84
-60 -84
-61 -84
-62 -84
-62 -83
-63 -83
-63 -84
-63 -85
-64 -85
-64 -84
-65 -84
-65 -85
-66 -85
-67 -85
-67 -86
-66 -86
-65 -86
-65 -87
-65 -88
-65 -89
-65 -90
-64 -90
-63 -90
-62 -90
-62 -91
-62 -92
-63 -92
-64 -92
-65 -92
-66 -92
-66 -91
-66 -90
-66 -89
-66 -88
-66 -87
-67 -87
-67 -88
-67 -89
-67 -90
-67 -91
-67 -92
-67 -93
-66 -93
-66 -94
-67 -94
-67 -95
-68 -95
-69 -95
-70 -95
-71 -95
-71 -94
-70 -94
-69 -94
-68 -94
-68 -93
-69 -93
-70 -93
-70 -92
-69 -92
-69 -91
-69 -90
-69 -89
-69 -88
-69 -87
-70 -87
-70 -88
-71 -88
-71 -87
-72 -87
-72 -86
-72 -85
-73 -85
-73 -86
-74 -86
-75 -86
-75 -87
-74 -87
-73 -87
-73 -88
-74 -88
-75 -88
-76 -88
-76 -89
-76 -90
-76 -91
-75 -91
-75 -90
-75 -89
-74 -89
-73 -89
-73 -90
-73 -91
-73 -92
-72 -92
-72 -91
-72 -90
-72 -89
-71 -89
-71 -90
-70 -90
-70 -91
-71 -91
-71 -92
-71 -93
-72 -93
-73 -93
-73 -94
-74 -94
-74 -95
-74 -96
-73 -96
-72 -96
-72 -97
-73 -97
-73 -98
-73 -99
-74 -99
-75 -99
-75 -98
-76 -98
-77 -98
-78 -98
-78 -97
-78 -96
-77 -96
-77 -95
-76 -95
-75 -95
-75 -94
-75 -93
-74 -93
-74 -92
-75 -92
-76 -92
-77 -92
-78 -92
-78 -93
-79 -93
-79 -94
-78 -94
-78 -95
-79 -95
-80 -95
-81 -95
-81 -94
-81 -93
-80 -93
-80 -92
-80 -91
-79 -91
-78 -91
-77 -91
-77 -90
-78 -90
-78 -89
-77 -89
-77 -88
-78 -88
-79 -88
-79 -87
-79 -86
-80 -86
-80 -85
-81 -85
-81 -84
-81 -83
-81 -82
-82 -82
-82 -83
-83 -83
-84 -83
-84 -84
-83 -84
-83 -85
-84 -85
-84 -86
-85 -86
-85 -87
-84 -87
-84 -88
-85 -88
-85 -89
-86 -89
-86 -88
-86 -87
-87 -87
-87 -86
-88 -86
-89 -86
-90 -86
-91 -86
-91 -85
-90 -85
-89 -85
-89 -84
-90 -84
-91 -84
-92 -84
-92 -85
-93 -85
-93 -84
-93 -83
-94 -83
-94 -84
-95 -84
-96 -84
-97 -84
-97 -83
-97 -82
-98 -82
-99 -82
-100 -82
-100 -83
-100 -84
-99 -84
-99 -83
-98 -83
-98 -84
-98 -85
-98 -86
-99 -86
-99 -87
-100 -87
-100 -86
-101 -86
-102 -86
-102 -85
-101 -85
-101 -84
-102 -84
-102 -83
-101 -83
-101 -82
-102 -82
-103 -82
-103 -81
-102 -81
-101 -81
-101 -80
-101 -79
-102 -79
-102 -78
-101 -78
-100 -78
-99 -78
-99 -77
-98 -77
-98 -76
-98 -75
-99 -75
-99 -74
-100 -74
-101 -74
-101 -75
-101 -76
-101 -77
-102 -77
-102 -76
-102 -75
-102 -74
-102 -73
-103 -73
-103 -74
-103 -75
-103 -76
-104 -76
-104 -75
-104 -74
-104 -73
-105 -73
-105 -72
-105 -71
-104 -71
-104 -72
-103 -72
-103 -71
-103 -70
-102 -70
-102 -71
-102 -72
-101 -72
-101 -71
-100 -71
-100 -72
-99 -72
-98 -72
-98 -71
-99 -71
-99 -70
-98 -70
-98 -69
-98 -68
-97 -68
-97 -67
-96 -67
-95 -67
-94 -67
-94 -66
-94 -65
-93 -65
-93 -66
-93 -67
-92 -67
-91 -67
-91 -68
-92 -68
-93 -68
-94 -68
-95 -68
-96 -68
-96 -69
-96 -70
-97 -70
-97 -71
-97 -72
-97 -73
-98 -73
-98 -74
-97 -74
-96 -74
-96 -75
-97 -75
-97 -76
-97 -77
-96 -77
-95 -77
-95 -78
-95 -79
-94 -79
-94 -78
-94 -77
-94 -76
-94 -75
-95 -75
-95 -74
-95 -73
-96 -73
-96 -72
-95 -72
-94 -72
-94 -71
-95 -71
-95 -70
-95 -69
-94 -69
-93 -69
-92 -69
-92 -70
-93 -70
-93 -71
-93 -72
-93 -73
-92 -73
-92 -72
-92 -71
-91 -71
-90 -71
-90 -70
-91 -70
-91 -69
-90 -69
-89 -69
-89 -70
-88 -70
-88 -69
-87 -69
-86 -69
-86 -68
-86 -67
-86 -66
-86 -65
-85 -65
-85 -64
-86 -64
-87 -64
-87 -63
-86 -63
-85 -63
-84 -63
-83 -63
-82 -63
-82 -62
-82 -61
-82 -60
-83 -60
-83 -61
-84 -61
-84 -60
-85 -60
-85 -59
-85 -58
-84 -58
-84 -57
-83 -57
-83 -56
-82 -56
-82 -57
-81 -57
-81 -56
-80 -56
-80 -55
-81 -55
-81 -54
-82 -54
-82 -55
-83 -55
-83 -54
-84 -54
-85 -54
-86 -54
-86 -55
-87 -55
-88 -55
-89 -55
-89 -54
-88 -54
-88 -53
-89 -53
-90 -53
-90 -54
-90 -55
-91 -55
-91 -54
-92 -54
-93 -54
-93 -55
-92 -55
-92 -56
-91 -56
-91 -57
-90 -57
-89 -57
-89 -58
-90 -58
-91 -58
-92 -58
-92 -57
-93 -57
-93 -58
-93 -59
-93 -60
-92 -60
-91 -60
-90 -60
-89 -60
-88 -60
-88 -59
-88 -58
-88 -57
-87 -57
-87 -56
-86 -56
-86 -57
-86 -58
-87 -58
-87 -59
-86 -59
-86 -60
-87 -60
-87 -61
-86 -61
-85 -61
-85 -62
-86 -62
-87 -62
-88 -62
-89 -62
-90 -62
-90 -61
-91 -61
-92 -61
-93 -61
-93 -62
-94 -62
-94 -63
-93 -63
-92 -63
-91 -63
-91 -64
-92 -64
-93 -64
-94 -64
-95 -64
-95 -63
-95 -62
-96 -62
-96 -61
-96 -60
-96 -59
-96 -58
-96 -57
-95 -57
-94 -57
-94 -56
-94 -55
-94 -54
-94 -53
-93 -53
-93 -52
-92 -52
-92 -53
-91 -53
-91 -52
-91 -51
-90 -51
-90 -52
-89 -52
-88 -52
-88 -51
-89 -51
-89 -50
-88 -50
-87 -50
-87 -51
-86 -51
-86 -50
-86 -49
-87 -49
-87 -48
-86 -48
-86 -47
-87 -47
-88 -47
-88 -48
-88 -49
-89 -49
-89 -48
-90 -48
-90 -47
-90 -46
-91 -46
-91 -47
-91 -48
-92 -48
-92 -47
-93 -47
-93 -46
-93 -45
-93 -44
-92 -44
-91 -44
-91 -43
-91 -42
-92 -42
-93 -42
-94 -42
-94 -41
-94 -40
-93 -40
-93 -41
-92 -41
-91 -41
-90 -41
-90 -40
-89 -40
-89 -39
-90 -39
-91 -39
-92 -39
-93 -39
-93 -38
-93 -37
-94 -37
-94 -36
-93 -36
-92 -36
-92 -37
-92 -38
-91 -38
-91 -37
-90 -37
-89 -37
-88 -37
-88 -36
-89 -36
-90 -36
-91 -36
-91 -35
-92 -35
-93 -35
-94 -35
-95 -35
-95 -34
-94 -34
-93 -34
-92 -34
-92 -33
-93 -33
-94 -33
-95 -33
-96 -33
-96 -34
-97 -34
-97 -35
-96 -35
-96 -36
-97 -36
-98 -36
-98 -37
-97 -37
-97 -38
-96 -38
-95 -38
-94 -38
-94 -39
-95 -39
-96 -39
-96 -40
-96 -41
-96 -42
-97 -42
-97 -43
-97 -44
-98 -44
-99 -44
-99 -45
-99 -46
-99 -47
-98 -47
-98 -46
-97 -46
-97 -47
-96 -47
-96 -46
-95 -46
-95 -45
-94 -45
-94 -46
-94 -47
-94 -48
-94 -49
-93 -49
-92 -49
-91 -49
-90 -49
-90 -50
-91 -50
-92 -50
-93 -50
-94 -50
-94 -51
-94 -52
-95 -52
-95 -53
-96 -53
-96 -52
-97 -52
-97 -53
-97 -54
-97 -55
-98 -55
-99 -55
-100 -55
-100 -56
-99 -56
-98 -56
-98 -57
-99 -57
-100 -57
-101 -57
-101 -58
-100 -58
-99 -58
-99 -59
-99 -60
-98 -60
-98 -59
-97 -59
-97 -60
-97 -61
-98 -61
-98 -62
-97 -62
-97 -63
-96 -63
-96 -64
-96 -65
-95 -65
-95 -66
-96 -66
-97 -66
-98 -66
-98 -67
-99 -67
-99 -66
-100 -66
-101 -66
-101 -67
-101 -68
-102 -68
-103 -68
-104 -68
-105 -68
-105 -67
-104 -67
-103 -67
-103 -66
-102 -66
-102 -65
-103 -65
-103 -64
-103 -63
-102 -63
-101 -63
-101 -64
-101 -65
-100 -65
-100 -64
-100 -63
-99 -63
-99 -62
-100 -62
-100 -61
-100 -60
-101 -60
-101 -59
-102 -59
-102 -58
-103 -58
-104 -58
-104 -57
-103 -57
-102 -57
-102 -56
-103 -56
-103 -55
-104 -55
-104 -54
-103 -54
-102 -54
-102 -55
-101 -55
-101 -54
-100 -54
-99 -54
-98 -54
-98 -53
-99 -53
-100 -53
-101 -53
-102 -53
-103 -53
-103 -52
-102 -52
-102 -51
-102 -50
-102 -49
-103 -49
-104 -49
-104 -48
-104 -47
-104 -46
-105 -46
-105 -47
-105 -48
-105 -49
-106 -49
-106 -50
-105 -50
-104 -50
-103 -50
-103 -51
-104 -51
-104 -52
-105 -52
-105 -53
-105 -54
-105 -55
-106 -55
-106 -54
-107 -54
-107 -55
-107 -56
-106 -56
-106 -57
-106 -58
-107 -58
-107 -57
-108 -57
-109 -57
-109 -56
-108 -56
-108 -55
-109 -55
-110 -55
-110 -54
-110 -53
-110 -52
-111 -52
-111 -53
-111 -54
-111 -55
-112 -55
-113 -55
-113 -54
-112 -54
-112 -53
-112 -52
-112 -51
-112 -50
-111 -50
-111 -51
-110 -51
-110 -50
-109 -50
-109 -49
-109 -48
-110 -48
-110 -47
-109 -47
-108 -47
-108 -48
-108 -49
-108 -50
-108 -51
-109 -51
-109 -52
-109 -53
-109 -54
-108 -54
-108 -53
-108 -52
-107 -52
-107 -53
-106 -53
-106 -52
-106 -51
-107 -51
-107 -50
-107 -49
-107 -48
-106 -48
-106 -47
-106 -46
-107 -46
-108 -46
-108 -45
-108 -44
-107 -44
-107 -43
-108 -43
-109 -43
-109 -42
-108 -42
-107 -42
-107 -41
-106 -41
-106 -42
-106 -43
-105 -43
-105 -44
-104 -44
-104 -43
-103 -43
-103 -42
-103 -41
-103 -40
-104 -40
-104 -39
-103 -39
-102 -39
-102 -40
-102 -41
-102 -42
-102 -43
-101 -43
-100 -43
-99 -43
-99 -42
-98 -42
-98 -41
-97 -41
-97 -40
-97 -39
-98 -39
-98 -38
-99 -38
-100 -38
-100 -39
-100 -40
-100 -41
-100 -42
-101 -42
-101 -41
-101 -40
-101 -39
-101 -38
-102 -38
-103 -38
-104 -38
-104 -37
-105 -37
-105 -36
-106 -36
-107 -36
-107 -35
-107 -34
-108 -34
-109 -34
-109 -35
-108 -35
-108 -36
-109 -36
-109 -37
-109 -38
-109 -39
-108 -39
-108 -38
-107 -38
-107 -39
-106 -39
-105 -39
-105 -40
-106 -40
-107 -40
-108 -40
-108 -41
-109 -41
-110 -41
-111 -41
-111 -42
-110 -42
-110 -43
-110 -44
-110 -45
-110 -46
-111 -46
-111 -47
-111 -48
-112 -48
-112 -47
-112 -46
-112 -45
-111 -45
-111 -44
-111 -43
-112 -43
-113 -43
-113 -42
-112 -42
-112 -41
-113 -41
-114 -41
-114 -42
-115 -42
-116 -42
-117 -42
-118 -42
-118 -41
-117 -41
-116 -41
-116 -40
-115 -40
-114 -40
-114 -39
-114 -38
-115 -38
-115 -37
-114 -37
-113 -37
-112 -37
-112 -36
-112 -35
-112 -34
-113 -34
-113 -33
-112 -33
-111 -33
-111 -34
-111 -35
-111 -36
-110 -36
-110 -35
-110 -34
-110 -33
-109 -33
-108 -33
-108 -32
-108 -31
-107 -31
-107 -32
-107 -33
-106 -33
-106 -34
-106 -35
-105 -35
-105 -34
-105 -33
-105 -32
-105 -31
-104 -31
-104 -32
-104 -33
-103 -33
-103 -34
-102 -34
-101 -34
-101 -35
-102 -35
-103 -35
-104 -35
-104 -36
-103 -36
-103 -37
-102 -37
-102 -36
-101 -36
-101 -37
-100 -37
-100 -36
-100 -35
-100 -34
-100 -33
-101 -33
-102 -33
-102 -32
-103 -32
-103 -31
-102 -31
-102 -30
-103 -30
-104 -30
-105 -30
-106 -30
-107 -30
-108 -30
-109 -30
-110 -30
-110 -31
-109 -31
-109 -32
-110 -32
-111 -32
-112 -32
-113 -32
-114 -32
-114 -33
-114 -34
-115 -34
-115 -35
-114 -35
-113 -35
-113 -36
-114 -36
-115 -36
-116 -36
-116 -35
-116 -34
-117 -34
-117 -33
-118 -33
-118 -32
-119 -32
-119 -33
-119 -34
-118 -34
-118 -35
-119 -35
-119 -36
-120 -36
-121 -36
-121 -37
-120 -37
-119 -37
-118 -37
-118 -38
-119 -38
-120 -38
-121 -38
-121 -39
-120 -39
-119 -39
-119 -40
-119 -41
-119 -42
-119 -43
-119 -44
-118 -44
-118 -43
-117 -43
-117 -44
-116 -44
-116 -43
-115 -43
-114 -43
-114 -44
-113 -44
-113 -45
-113 -46
-114 -46
-115 -46
-116 -46
-116 -45
-117 -45
-118 -45
-119 -45
-119 -46
-120 -46
-120 -45
-120 -44
-120 -43
-120 -42
-120 -41
-120 -40
-121 -40
-122 -40
-122 -41
-121 -41
-121 -42
-122 -42
-122 -43
-121 -43
-121 -44
-122 -44
-122 -45
-123 -45
-123 -44
-124 -44
-125 -44
-125 -43
-124 -43
-123 -43
-123 -42
-123 -41
-123 -40
-124 -40
-124 -41
-124 -42
-125 -42
-125 -41
-125 -40
-125 -39
-125 -38
-124 -38
-124 -39
-123 -39
-122 -39
-122 -38
-123 -38
-123 -37
-122 -37
-122 -36
-123 -36
-123 -35
-122 -35
-122 -34
-123 -34
-124 -34
-125 -34
-125 -35
-124 -35
-124 -36
-124 -37
-125 -37
-125 -36
-126 -36
-126 -35
-126 -34
-126 -33
-125 -33
-124 -33
-123 -33
-123 -32
-124 -32
-125 -32
-125 -31
-124 -31
-123 -31
-123 -30
-123 -29
-122 -29
-121 -29
-120 -29
-119 -29
-119 -30
-119 -31
-118 -31
-118 -30
-117 -30
-117 -31
-117 -32
-116 -32
-115 -32
-115 -31
-115 -30
-115 -29
-115 -28
-116 -28
-116 -27
-115 -27
-114 -27
-114 -26
-114 -25
-115 -25
-116 -25
-117 -25
-117 -24
-116 -24
-116 -23
-115 -23
-114 -23
-113 -23
-113 -22
-112 -22
-112 -21
-111 -21
-110 -21
-109 -21
-109 -20
-108 -20
-108 -19
-107 -19
-106 -19
-106 -20
-106 -21
-105 -21
-104 -21
-104 -22
-104 -23
-104 -24
-104 -25
-103 -25
-102 -25
-101 -25
-100 -25
-99 -25
-99 -26
-100 -26
-100 -27
-100 -28
-101 -28
-101 -27
-101 -26
-102 -26
-102 -27
-102 -28
-103 -28
-103 -27
-103 -26
-104 -26
-104 -27
-104 -28
-105 -28
-105 -27
-106 -27
-106 -28
-107 -28
-107 -27
-108 -27
-109 -27
-109 -26
-108 -26
-108 -25
-108 -24
-109 -24
-109 -25
-110 -25
-110 -26
-110 -27
-110 -28
-111 -28
-111 -29
-110 -29
-109 -29
-109 -28
-108 -28
-108 -29
-107 -29
-106 -29
-105 -29
-104 -29
-103 -29
-102 -29
-101 -29
-101 -30
-101 -31
-101 -32
-100 -32
-99 -32
-99 -31
-100 -31
-100 -30
-99 -30
-98 -30
-98 -31
-98 -32
-97 -32
-97 -31
-96 -31
-95 -31
-95 -30
-94 -30
-94 -31
-94 -32
-93 -32
-92 -32
-91 -32
-91 -33
-90 -33
-90 -34
-90 -35
-89 -35
-88 -35
-87 -35
-86 -35
-86 -34
-86 -33
-85 -33
-85 -34
-84 -34
-83 -34
-83 -35
-84 -35
-85 -35
-85 -36
-85 -37
-85 -38
-86 -38
-86 -37
-86 -36
-87 -36
-87 -37
-87 -38
-88 -38
-88 -39
-87 -39
-86 -39
-86 -40
-86 -41
-87 -41
-87 -40
-88 -40
-88 -41
-89 -41
-89 -42
-88 -42
-88 -43
-87 -43
-87 -42
-86 -42
-85 -42
-84 -42
-83 -42
-82 -42
-82 -43
-82 -44
-82 -45
-83 -45
-83 -44
-83 -43
-84 -43
-85 -43
-86 -43
-86 -44
-86 -45
-87 -45
-87 -44
-88 -44
-88 -45
-88 -46
-87 -46
-86 -46
-85 -46
-85 -45
-85 -44
-84 -44
-84 -45
-84 -46
-84 -47
-85 -47
-85 -48
-84 -48
-83 -48
-82 -48
-82 -49
-83 -49
-83 -50
-84 -50
-84 -49
-85 -49
-85 -50
-85 -51
-85 -52
-84 -52
-84 -51
-83 -51
-83 -52
-82 -52
-82 -51
-82 -50
-81 -50
-81 -49
-81 -48
-81 -47
-81 -46
-80 -46
-80 -47
-80 -48
-79 -48
-79 -47
-79 -46
-78 -46
-78 -45
-77 -45
-77 -46
-77 -47
-78 -47
-78 -48
-77 -48
-76 -48
-75 -48
-75 -49
-75 -50
-74 -50
-74 -49
-74 -48
-73 -48
-73 -49
-73 -50
-72 -50
-71 -50
-71 -49
-70 -49
-70 -48
-70 -47
-70 -46
-71 -46
-71 -47
-71 -48
-72 -48
-72 -47
-72 -46
-73 -46
-74 -46
-75 -46
-75 -47
-76 -47
-76 -46
-76 -45
-75 -45
-75 -44
-76 -44
-77 -44
-78 -44
-78 -43
-77 -43
-76 -43
-75 -43
-75 -42
-76 -42
-77 -42
-77 -41
-76 -41
-75 -41
-75 -40
-75 -39
-75 -38
-76 -38
-77 -38
-77 -37
-77 -36
-78 -36
-78 -37
-78 -38
-78 -39
-77 -39
-76 -39
-76 -40
-77 -40
-78 -40
-79 -40
-80 -40
-80 -41
-81 -41
-82 -41
-83 -41
-84 -41
-85 -41
-85 -40
-85 -39
-84 -39
-84 -40
-83 -40
-83 -39
-83 -38
-84 -38
-84 -37
-84 -36
-83 -36
-82 -36
-82 -35
-82 -34
-81 -34
-81 -35
-80 -35
-80 -36
-81 -36
-81 -37
-80 -37
-79 -37
-79 -36
-79 -35
-79 -34
-79 -33
-78 -33
-78 -32
-79 -32
-80 -32
-80 -33
-81 -33
-81 -32
-81 -31
-81 -30
-82 -30
-82 -29
-81 -29
-80 -29
-80 -28
-79 -28
-79 -27
-80 -27
-81 -27
-81 -28
-82 -28
-82 -27
-82 -26
-81 -26
-80 -26
-79 -26
-79 -25
-80 -25
-80 -24
-81 -24
-81 -25
-82 -25
-82 -24
-82 -23
-81 -23
-80 -23
-80 -22
-81 -22
-81 -21
-80 -21
-79 -21
-79 -20
-78 -20
-78 -21
-77 -21
-77 -20
-76 -20
-75 -20
-75 -21
-76 -21
-76 -22
-77 -22
-77 -23
-76 -23
-76 -24
-77 -24
-78 -24
-78 -25
-78 -26
-77 -26
-77 -25
-76 -25
-75 -25
-75 -26
-76 -26
-76 -27
-77 -27
-77 -28
-76 -28
-76 -29
-75 -29
-74 -29
-74 -30
-73 -30
-73 -29
-73 -28
-74 -28
-74 -27
-74 -26
-73 -26
-73 -27
-72 -27
-72 -28
-71 -28
-70 -28
-70 -27
-71 -27
-71 -26
-70 -26
-70 -25
-71 -25
-72 -25
-72 -24
-71 -24
-70 -24
-69 -24
-69 -25
-69 -26
-68 -26
-68 -25
-68 -24
-68 -23
-69 -23
-70 -23
-70 -22
-71 -22
-71 -23
-72 -23
-72 -22
-73 -22
-73 -21
-72 -21
-72 -20
-72 -19
-72 -18
-72 -17
-72 -16
-71 -16
-71 -17
-70 -17
-69 -17
-69 -18
-70 -18
-70 -19
-69 -19
-69 -20
-69 -21
-69 -22
-68 -22
-68 -21
-68 -20
-68 -19
-68 -18
-68 -17
-67 -17
-67 -18
-66 -18
-66 -19
-66 -20
-67 -20
-67 -21
-67 -22
-67 -23
-67 -24
-67 -25
-66 -25
-66 -24
-65 -24
-65 -23
-64 -23
-64 -22
-63 -22
-63 -23
-62 -23
-61 -23
-61 -22
-62 -22
-62 -21
-61 -21
-61 -20
-62 -20
-63 -20
-64 -20
-64 -19
-63 -19
-63 -18
-62 -18
-62 -19
-61 -19
-61 -18
-61 -17
-62 -17
-62 -16
-62 -15
-62 -14
-61 -14
-61 -15
-61 -16
-60 -16
-60 -17
-59 -17
-59 -16
-58 -16
-57 -16
-56 -16
-56 -17
-56 -18
-55 -18
-55 -17
-54 -17
-54 -18
-54 -19
-54 -20
-54 -21
-53 -21
-52 -21
-51 -21
-50 -21
-50 -20
-50 -19
-51 -19
-51 -20
-52 -20
-52 -19
-53 -19
-53 -18
-53 -17
-52 -17
-52 -18
-51 -18
-51 -17
-51 -16
-51 -15
-52 -15
-53 -15
-54 -15
-54 -16
-55 -16
-55 -15
-55 -14
-55 -13
-56 -13
-57 -13
-58 -13
-59 -13
-60 -13
-61 -13
-62 -13
-62 -12
-61 -12
-61 -11
-62 -11
-62 -10
-63 -10
-63 -11
-63 -12
-63 -13
-63 -14
-64 -14
-65 -14
-66 -14
-66 -15
-67 -15
-68 -15
-68 -14
-67 -14
-67 -13
-67 -12
-68 -12
-68 -13
-69 -13
-69 -12
-69 -11
-68 -11
-67 -11
-66 -11
-65 -11
-64 -11
-64 -10
-65 -10
-65 -9
-64 -9
-63 -9
-63 -8
-64 -8
-65 -8
-66 -8
-67 -8
-67 -9
-68 -9
-68 -8
-69 -8
-70 -8
-70 -7
-69 -7
-68 -7
-67 -7
-66 -7
-65 -7
-65 -6
-65 -5
-65 -4
-65 -3
-66 -3
-66 -4
-67 -4
-67 -3
-68 -3
-68 -4
-68 -5
-67 -5
-66 -5
-66 -6
-67 -6
-68 -6
-69 -6
-70 -6
-70 -5
-69 -5
-69 -4
-70 -4
-70 -3
-71 -3
-71 -2
-70 -2
-70 -1
-69 -1
-69 -2
-68 -2
-67 -2
-66 -2
-66 -1
-67 -1
-67 0
-68 0
-68 1
-68 2
-67 2
-67 1
-66 1
-66 0
-65 0
-65 1
-65 2
-66 2
-66 3
-65 3
-65 4
-64 4
-64 5
-65 5
-65 6
-64 6
-63 6
-62 6
-62 5
-63 5
-63 4
-62 4
-61 4
-61 3
-60 3
-60 2
-59 2
-59 1
-60 1
-60 0
-61 0
-62 0
-63 0
-63 1
-62 1
-61 1
-61 2
-62 2
-63 2
-64 2
-64 1
-64 0
-64 -1
-65 -1
-65 -2
-64 -2
-63 -2
-62 -2
-62 -3
-63 -3
-64 -3
-64 -4
-63 -4
-62 -4
-62 -5
-62 -6
-63 -6
-63 -7
-62 -7
-62 -8
-61 -8
-61 -9
-61 -10
-60 -10
-60 -11
-60 -12
-59 -12
-58 -12
-58 -11
-57 -11
-56 -11
-56 -10
-56 -9
-57 -9
-57 -8
-58 -8
-58 -7
-59 -7
-60 -7
-61 -7
-61 -6
-61 -5
-61 -4
-61 -3
-61 -2
-60 -2
-60 -3
-60 -4
-59 -4
-59 -5
-58 -5
-58 -4
-57 -4
-57 -5
-56 -5
-56 -4
-56 -3
-55 -3
-55 -4
-55 -5
-54 -5
-54 -4
-53 -4
-53 -5
-53 -6
-54 -6
-55 -6
-55 -7
-56 -7
-56 -8
-55 -8
-55 -9
-55 -10
-54 -10
-53 -10
-52 -10
-52 -11
-53 -11
-54 -11
-55 -11
-55 -12
-54 -12
-53 -12
-52 -12
-51 -12
-51 -13
-51 -14
-50 -14
-50 -15
-50 -16
-50 -17
-50 -18
-49 -18
-49 -19
-49 -20
-48 -20
-48 -21
-47 -21
-47 -20
-47 -19
-48 -19
-48 -18
-47 -18
-47 -17
-46 -17
-46 -16
-47 -16
-47 -15
-48 -15
-48 -16
-48 -17
-49 -17
-49 -16
-49 -15
-49 -14
-48 -14
-47 -14
-46 -14
-46 -15
-45 -15
-45 -14
-45 -13
-46 -13
-47 -13
-48 -13
-49 -13
-50 -13
-50 -12
-49 -12
-49 -11
-49 -10
-50 -10
-51 -10
-51 -9
-52 -9
-53 -9
-54 -9
-54 -8
-53 -8
-52 -8
-52 -7
-51 -7
-50 -7
-50 -6
-49 -6
-48 -6
-48 -5
-48 -4
-49 -4
-50 -4
-50 -3
-51 -3
-52 -3
-53 -3
-54 -3
-54 -2
-53 -2
-52 -2
-51 -2
-51 -1
-51 0
-50 0
-49 0
-49 1
-50 1
-51 1
-52 1
-52 0
-52 -1
-53 -1
-54 -1
-55 -1
-56 -1
-56 -2
-57 -2
-58 -2
-59 -2
-59 -1
-58 -1
-57 -1
-57 0
-56 0
-55 0
-55 1
-56 1
-57 1
-57 2
-56 2
-56 3
-56 4
-56 5
-57 5
-57 6
-56 6
-55 6
-54 6
-54 5
-55 5
-55 4
-54 4
-53 4
-52 4
-51 4
-50 4
-50 5
-50 6
-51 6
-52 6
-53 6
-53 7
-54 7
-54 8
-54 9
-54 10
-55 10
-55 11
-54 11
-54 12
-53 12
-53 11
-53 10
-52 10
-51 10
-50 10
-49 10
-49 11
-50 11
-51 11
-52 11
-52 12
-52 13
-51 13
-51 12
-50 12
-49 12
-49 13
-48 13
-48 14
-48 15
-48 16
-48 17
-47 17
-47 16
-46 16
-46 17
-46 18
-47 18
-48 18
-48 19
-48 20
-48 21
-49 21
-49 20
-49 19
-49 18
-49 17
-49 16
-49 15
-49 14
-50 14
-51 14
-51 15
-52 15
-52 14
-53 14
-53 15
-54 15
-54 16
-53 16
-52 16
-52 17
-53 17
-54 17
-54 18
-54 19
-53 19
-53 18
-52 18
-52 19
-52 20
-52 21
-51 21
-51 20
-51 19
-51 18
-50 18
-50 19
-50 20
-50 21
-50 22
-49 22
-48 22
-48 23
-48 24
-47 24
-47 23
-46 23
-46 22
-46 21
-47 21
-47 20
-46 20
-46 19
-45 19
-44 19
-43 19
-43 20
-42 20
-41 20
-41 19
-40 19
-39 19
-39 18
-39 17
-39 16
-38 16
-38 17
-38 18
-37 18
-37 19
-36 19
-36 18
-35 18
-35 19
-34 19
-34 18
-34 17
-35 17
-36 17
-37 17
-37 16
-37 15
-36 15
-36 16
-35 16
-35 15
-35 14
-36 14
-37 14
-37 13
-36 13
-36 12
-37 12
-38 12
-39 12
-39 13
-39 14
-40 14
-41 14
-42 14
-42 15
-42 16
-41 16
-41 17
-42 17
-43 17
-43 18
-44 18
-44 17
-45 17
-45 16
-44 16
-43 16
-43 15
-43 14
-44 14
-44 15
-45 15
-46 15
-47 15
-47 14
-46 14
-46 13
-46 12
-45 12
-45 11
-46 11
-46 10
-45 10
-44 10
-44 9
-45 9
-46 9
-47 9
-47 10
-48 10
-48 9
-49 9
-50 9
-51 9
-52 9
-53 9
-53 8
-52 8
-52 7
-51 7
-51 8
-50 8
-50 7
-49 7
-49 8
-48 8
-47 8
-47 7
-47 6
-46 6
-45 6
-44 6
-43 6
-43 7
-44 7
-44 8
-43 8
-42 8
-41 8
-40 8
-40 7
-41 7
-42 7
-42 6
-42 5
-43 5
-44 5
-44 4
-44 3
-44 2
-45 2
-46 2
-46 1
-47 1
-47 0
-46 0
-46 -1
-47 -1
-48 -1
-48 -2
-47 -2
-46 -2
-45 -2
-45 -1
-45 0
-44 0
-43 0
-43 -1
-44 -1
-44 -2
-43 -2
-43 -3
-43 -4
-44 -4
-44 -5
-43 -5
-42 -5
-41 -5
-41 -6
-40 -6
-40 -5
-40 -4
-41 -4
-42 -4
-42 -3
-41 -3
-41 -2
-41 -1
-41 0
-40 0
-40 -1
-39 -1
-38 -1
-37 -1
-36 -1
-35 -1
-34 -1
-34 -2
-35 -2
-36 -2
-37 -2
-38 -2
-38 -3
-39 -3
-39 -4
-38 -4
-37 -4
-37 -3
-36 -3
-35 -3
-34 -3
-33 -3
-33 -2
-32 -2
-32 -1
-33 -1
-33 0
-32 0
-32 1
-31 1
-31 0
-30 0
-30 -1
-30 -2
-30 -3
-30 -4
-29 -4
-29 -3
-29 -2
-29 -1
-28 -1
-27 -1
-27 0
-28 0
-28 1
-29 1
-29 2
-28 2
-27 2
-27 1
-26 1
-26 0
-26 -1
-25 -1
-24 -1
-23 -1
-23 -2
-23 -3
-24 -3
-24 -2
-25 -2
-25 -3
-26 -3
-26 -2
-27 -2
-28 -2
-28 -3
-27 -3
-27 -4
-27 -5
-26 -5
-25 -5
-25 -4
-24 -4
-23 -4
-22 -4
-21 -4
-21 -3
-22 -3
-22 -2
-21 -2
-21 -1
-20 -1
-20 0
-20 1
-21 1
-21 0
-22 0
-22 1
-23 1
-23 0
-24 0
-24 1
-24 2
-24 3
-25 3
-26 3
-27 3
-28 3
-29 3
-29 4
-29 5
-28 5
-28 4
-27 4
-26 4
-25 4
-25 5
-26 5
-27 5
-27 6
-26 6
-26 7
-25 7
-25 6
-24 6
-24 7
-24 8
-23 8
-23 9
-23 10
-24 10
-24 9
-25 9
-25 8
-26 8
-27 8
-27 9
-26 9
-26 10
-26 11
-25 11
-24 11
-24 12
-25 12
-25 13
-25 14
-26 14
-26 15
-26 16
-26 17
-27 17
-27 18
-28 18
-28 19
-28 20
-29 20
-30 20
-30 19
-29 19
-29 18
-30 18
-30 17
-30 16
-30 15
-30 14
-29 14
-29 15
-29 16
-28 16
-27 16
-27 15
-28 15
-28 14
-27 14
-27 13
-26 13
-26 12
-27 12
-28 12
-29 12
-29 11
-29 10
-30 10
-30 11
-30 12
-31 12
-31 11
-31 10
-31 9
-32 9
-32 10
-33 10
-33 9
-33 8
-34 8
-34 9
-35 9
-35 10
-34 10
-34 11
-34 12
-33 12
-32 12
-32 13
-33 13
-33 14
-33 15
-33 16
-32 16
-32 15
-32 14
-31 14
-31 15
-31 16
-31 17
-31 18
-32 18
-33 18
-33 19
-33 20
-34 20
-35 20
-35 21
-35 22
-35 23
-36 23
-36 24
-36 25
-37 25
-37 24
-37 23
-38 23
-38 24
-39 24
-40 24
-40 23
-41 23
-41 22
-40 22
-40 21
-41 21
-42 21
-42 22
-42 23
-42 24
-42 25
-41 25
-40 25
-39 25
-39 26
-39 27
-39 28
-40 28
-40 29
-41 29
-42 29
-42 28
-41 28
-41 27
-42 27
-42 26
-43 26
-44 26
-44 25
-43 25
-43 24
-43 23
-44 23
-44 24
-45 24
-46 24
-46 25
-46 26
-47 26
-47 25
-48 25
-49 25
-49 24
-49 23
-50 23
-50 24
-51 24
-52 24
-52 25
-53 25
-53 24
-53 23
-53 22
-53 21
-53 20
-54 20
-54 21
-54 22
-55 22
-55 23
-55 24
-54 24
-54 25
-54 26
-54 27
-54 28
-54 29
-54 30
-53 30
-53 31
-54 31
-55 31
-55 30
-56 30
-56 31
-57 31
-57 30
-57 29
-57 28
-56 28
-56 29
-55 29
-55 28
-55 27
-56 27
-57 27
-57 26
-57 25
-56 25
-56 24
-57 24
-57 23
-58 23
-59 23
-59 24
-60 24
-60 25
-60 26
-59 26
-58 26
-58 27
-59 27
-60 27
-61 27
-61 28
-61 29
-61 30
-60 30
-60 31
-61 31
-61 32
-62 32
-62 31
-62 30
-63 30
-63 31
-64 31
-64 30
-65 30
-66 30
-66 29
