0 -1
-1 -1
-1 0
-2 0
-2 -1
-2 -2
-2 -3
-3 -3
-4 -3
-5 -3
-5 -2
-4 -2
-3 -2
-3 -1
-4 -1
-4 0
-3 0
-3 1
-3 2
-4 2
-4 3
-3 3
-2 3
-2 2
-2 1
-1 1
0 1
1 1
1 0
1 -1
2 -1
2 0
2 1
3 1
3 0
3 -1
4 -1
4 -2
5 -2
5 -1
5 0
6 0
6 -1
6 -2
6 -3
5 -3
5 -4
5 -5
6 -5
6 -4
7 -4
8 -4
8 -3
8 -2
8 -1
9 -1
10 -1
11 -1
11 -2
10 -2
9 -2
9 -3
10 -3
10 -4
11 -4
11 -3
12 -3
12 -4
13 -4
13 -3
13 -2
13 -1
13 0
12 0
11 0
10 0
10 1
10 2
9 2
9 1
8 1
8 2
8 3
9 3
9 4
8 4
8 5
8 6
9 6
9 5
10 5
10 4
10 3
11 3
11 2
11 1
12 1
12 2
13 2
14 2
14 1
15 1
15 0
14 0
14 -1
15 -1
16 -1
17 -1
18 -1
18 0
19 0
20 0
20 1
19 1
19 2
19 3
20 3
20 4
21 4
21 5
22 5
22 6
21 6
21 7
21 8
20 8
20 9
21 9
22 9
22 8
22 7
23 7
23 8
23 9
24 9
24 10
24 11
23 11
23 10
22 10
22 11
21 11
21 12
22 12
22 13
21 13
20 13
20 14
20 15
21 15
21 14
22 14
23 14
23 13
24 13
24 12
25 12
25 13
26 13
26 12
26 11
25 11
25 10
26 10
27 10
27 9
26 9
25 9
25 8
24 8
24 7
24 6
23 6
23 5
24 5
24 4
25 4
25 5
26 5
26 6
27 6
27 7
28 7
28 8
28 9
29 9
29 8
30 8
30 7
29 7
29 6
30 6
31 6
32 6
32 5
31 5
31 4
31 3
32 3
33 3
34 3
34 2
34 1
33 1
33 0
33 -1
32 -1
32 0
31 0
31 -1
30 -1
30 0
30 1
31 1
31 2
30 2
30 3
30 4
30 5
29 5
29 4
28 4
27 4
27 3
28 3
29 3
29 2
29 1
28 1
28 2
27 2
27 1
27 0
26 0
26 -1
25 -1
25 0
25 1
24 1
23 1
23 2
24 2
25 2
25 3
24 3
23 3
23 4
22 4
22 3
21 3
21 2
22 2
22 1
22 0
23 0
24 0
24 -1
23 -1
23 -2
23 -3
24 -3
24 -2
25 -2
25 -3
25 -4
25 -5
25 -6
24 -6
24 -7
24 -8
25 -8
25 -9
26 -9
27 -9
27 -10
26 -10
26 -11
26 -12
25 -12
25 -11
24 -11
24 -12
24 -13
23 -13
23 -14
24 -14
25 -14
25 -13
26 -13
26 -14
26 -15
25 -15
24 -15
23 -15
22 -15
22 -14
21 -14
21 -15
21 -16
22 -16
22 -17
23 -17
23 -16
24 -16
24 -17
24 -18
25 -18
26 -18
27 -18
27 -17
26 -17
25 -17
25 -16
26 -16
27 -16
27 -15
28 -15
28 -16
29 -16
29 -15
30 -15
30 -14
31 -14
31 -13
31 -12
31 -11
30 -11
30 -12
30 -13
29 -13
29 -14
28 -14
27 -14
27 -13
27 -12
27 -11
28 -11
28 -12
29 -12
29 -11
29 -10
30 -10
30 -9
30 -8
31 -8
31 -7
30 -7
30 -6
29 -6
28 -6
27 -6
26 -6
26 -5
26 -4
26 -3
26 -2
27 -2
28 -2
28 -3
29 -3
29 -4
28 -4
27 -4
27 -5
28 -5
29 -5
30 -5
31 -5
31 -4
30 -4
30 -3
31 -3
31 -2
32 -2
32 -3
32 -4
33 -4
33 -3
34 -3
34 -4
35 -4
35 -3
35 -2
36 -2
36 -1
36 0
35 0
35 1
35 2
36 2
37 2
37 1
37 0
37 -1
37 -2
38 -2
38 -1
38 0
38 1
38 2
38 3
39 3
39 4
40 4
40 3
40 2
40 1
41 1
41 2
42 2
42 3
41 3
41 4
42 4
43 4
44 4
45 4
45 3
44 3
43 3
43 2
44 2
44 1
45 1
45 2
46 2
46 3
47 3
47 2
48 2
48 3
48 4
49 4
49 3
49 2
50 2
50 1
49 1
48 1
48 0
48 -1
49 -1
49 0
50 0
50 -1
51 -1
51 -2
50 -2
49 -2
48 -2
47 -2
47 -1
46 -1
46 -2
45 -2
44 -2
44 -3
44 -4
45 -4
45 -3
46 -3
46 -4
47 -4
48 -4
48 -5
48 -6
47 -6
47 -5
46 -5
46 -6
46 -7
45 -7
45 -6
45 -5
44 -5
44 -6
43 -6
43 -7
43 -8
44 -8
45 -8
46 -8
46 -9
45 -9
44 -9
43 -9
43 -10
44 -10
45 -10
46 -10
46 -11
45 -11
45 -12
44 -12
44 -13
45 -13
45 -14
45 -15
44 -15
43 -15
43 -16
44 -16
44 -17
45 -17
45 -16
46 -16
46 -15
47 -15
47 -14
46 -14
46 -13
46 -12
47 -12
47 -13
48 -13
49 -13
49 -12
49 -11
48 -11
47 -11
47 -10
47 -9
47 -8
47 -7
48 -7
49 -7
50 -7
50 -8
49 -8
48 -8
48 -9
49 -9
50 -9
50 -10
51 -10
52 -10
53 -10
54 -10
54 -11
54 -12
54 -13
55 -13
55 -12
56 -12
56 -11
55 -11
55 -10
56 -10
56 -9
56 -8
55 -8
55 -7
54 -7
54 -6
55 -6
55 -5
54 -5
54 -4
55 -4
56 -4
56 -3
55 -3
54 -3
54 -2
55 -2
55 -1
56 -1
56 0
55 0
55 1
55 2
55 3
55 4
54 4
53 4
52 4
52 5
53 5
54 5
54 6
55 6
55 5
56 5
56 4
57 4
57 3
58 3
59 3
59 2
60 2
61 2
62 2
63 2
63 3
62 3
61 3
60 3
60 4
60 5
60 6
60 7
61 7
61 6
61 5
62 5
62 4
63 4
64 4
64 5
65 5
66 5
66 6
66 7
65 7
65 8
66 8
67 8
67 7
68 7
69 7
69 8
68 8
68 9
69 9
70 9
70 10
69 10
68 10
67 10
66 10
66 11
65 11
65 12
66 12
67 12
68 12
68 11
69 11
69 12
69 13
69 14
68 14
67 14
67 13
66 13
65 13
65 14
66 14
66 15
65 15
65 16
66 16
67 16
67 15
68 15
68 16
68 17
67 17
67 18
66 18
66 17
65 17
64 17
63 17
63 16
64 16
64 15
64 14
64 13
64 12
63 12
63 13
63 14
63 15
62 15
62 16
61 16
60 16
60 17
61 17
61 18
62 18
62 19
61 19
60 19
60 18
59 18
58 18
57 18
56 18
56 19
57 19
57 20
56 20
56 21
55 21
55 22
55 23
55 24
54 24
53 24
52 24
52 25
53 25
54 25
54 26
55 26
55 25
56 25
56 26
56 27
57 27
58 27
58 26
57 26
57 25
57 24
58 24
58 25
59 25
60 25
60 26
61 26
62 26
63 26
63 25
63 24
63 23
62 23
61 23
60 23
60 22
61 22
62 22
62 21
61 21
60 21
60 20
61 20
62 20
63 20
63 19
63 18
64 18
64 19
65 19
65 20
65 21
66 21
66 20
67 20
67 21
67 22
66 22
66 23
67 23
67 24
66 24
65 24
64 24
64 25
64 26
65 26
65 25
66 25
67 25
67 26
67 27
67 28
68 28
69 28
69 27
68 27
68 26
68 25
68 24
68 23
68 22
69 22
69 21
70 21
71 21
72 21
72 20
72 19
73 19
73 18
72 18
71 18
70 18
69 18
69 17
70 17
70 16
69 16
69 15
70 15
71 15
71 16
71 17
72 17
72 16
73 16
73 17
74 17
74 18
74 19
75 19
76 19
77 19
77 18
78 18
78 19
79 19
79 20
78 20
78 21
77 21
76 21
76 20
75 20
74 20
73 20
73 21
73 22
73 23
72 23
71 23
70 23
69 23
69 24
70 24
71 24
72 24
72 25
71 25
70 25
70 26
70 27
70 28
71 28
71 29
71 30
72 30
72 31
71 31
71 32
72 32
73 32
73 31
74 31
74 32
75 32
75 31
76 31
76 32
76 33
77 33
77 32
78 32
78 33
79 33
80 33
80 34
80 35
80 36
79 36
79 35
78 35
78 36
77 36
77 35
76 35
76 34
75 34
75 33
74 33
73 33
73 34
73 35
73 36
74 36
74 37
75 37
76 37
76 38
77 38
77 39
78 39
78 38
79 38
80 38
80 37
81 37
82 37
82 36
81 36
81 35
82 35
82 34
81 34
81 33
82 33
83 33
83 32
84 32
84 31
84 30
83 30
83 31
82 31
82 32
81 32
80 32
79 32
79 31
78 31
78 30
77 30
77 29
78 29
78 28
79 28
80 28
80 29
79 29
79 30
80 30
80 31
81 31
81 30
82 30
82 29
81 29
81 28
82 28
83 28
84 28
84 27
83 27
82 27
81 27
81 26
80 26
79 26
78 26
77 26
77 27
77 28
76 28
76 29
76 30
75 30
74 30
74 29
73 29
73 28
73 27
74 27
74 28
75 28
75 27
76 27
76 26
76 25
77 25
77 24
77 23
78 23
78 24
79 24
79 25
80 25
80 24
81 24
81 23
80 23
79 23
79 22
78 22
77 22
76 22
75 22
75 21
74 21
74 22
74 23
75 23
76 23
76 24
75 24
74 24
74 25
75 25
75 26
74 26
73 26
73 25
73 24
