1 0
1 1
0 1
-1 1
-1 0
-1 -1
-2 -1
-2 -2
-3 -2
-3 -1
-4 -1
-4 -2
-5 -2
-5 -1
-5 0
-6 0
-7 0
-7 1
-8 1
-8 0
-9 0
-10 0
-11 0
-12 0
-12 -1
-13 -1
-13 -2
-12 -2
-12 -3
-13 -3
-13 -4
-12 -4
-12 -5
-13 -5
-14 -5
-14 -6
-14 -7
-13 -7
-13 -8
-12 -8
-11 -8
-11 -9
-12 -9
-13 -9
-13 -10
-12 -10
-11 -10
-10 -10
-10 -9
-9 -9
-9 -10
-8 -10
-7 -10
-7 -9
-7 -8
-6 -8
-5 -8
-5 -7
-4 -7
-4 -6
-5 -6
-6 -6
-6 -7
-7 -7
-7 -6
-7 -5
-7 -4
-7 -3
-6 -3
-6 -4
-5 -4
-5 -3
-4 -3
-4 -4
-3 -4
-3 -5
-2 -5
-1 -5
-1 -6
-2 -6
-3 -6
-3 -7
-3 -8
-2 -8
-2 -7
-1 -7
-1 -8
0 -8
0 -7
0 -6
1 -6
1 -7
2 -7
3 -7
3 -6
2 -6
2 -5
3 -5
4 -5
5 -5
5 -4
4 -4
4 -3
5 -3
6 -3
7 -3
7 -4
6 -4
6 -5
7 -5
7 -6
6 -6
5 -6
4 -6
4 -7
5 -7
6 -7
7 -7
8 -7
8 -8
9 -8
9 -7
10 -7
10 -8
11 -8
11 -9
12 -9
12 -8
13 -8
13 -9
14 -9
15 -9
15 -10
16 -10
16 -11
16 -12
17 -12
17 -11
18 -11
18 -12
19 -12
19 -13
19 -14
18 -14
17 -14
17 -15
16 -15
16 -16
16 -17
16 -18
16 -19
16 -20
15 -20
15 -21
16 -21
17 -21
18 -21
19 -21
19 -22
19 -23
20 -23
20 -22
21 -22
21 -23
22 -23
22 -22
23 -22
23 -21
22 -21
21 -21
21 -20
22 -20
23 -20
23 -19
24 -19
24 -18
23 -18
23 -17
22 -17
22 -18
22 -19
21 -19
21 -18
21 -17
20 -17
20 -18
20 -19
19 -19
18 -19
18 -18
18 -17
19 -17
19 -16
18 -16
18 -15
19 -15
20 -15
20 -16
21 -16
21 -15
22 -15
23 -15
23 -14
22 -14
21 -14
21 -13
22 -13
22 -12
23 -12
23 -13
24 -13
24 -12
25 -12
25 -13
26 -13
26 -12
26 -11
25 -11
24 -11
24 -10
24 -9
24 -8
23 -8
23 -9
23 -10
22 -10
22 -9
22 -8
22 -7
22 -6
23 -6
23 -5
23 -4
23 -3
22 -3
21 -3
21 -2
20 -2
20 -1
19 -1
19 -2
19 -3
19 -4
20 -4
21 -4
21 -5
20 -5
19 -5
19 -6
20 -6
21 -6
21 -7
20 -7
19 -7
18 -7
18 -8
18 -9
19 -9
19 -8
20 -8
21 -8
21 -9
21 -10
21 -11
20 -11
19 -11
19 -10
18 -10
17 -10
17 -9
17 -8
17 -7
16 -7
16 -6
17 -6
17 -5
16 -5
16 -4
16 -3
16 -2
17 -2
17 -3
17 -4
18 -4
18 -3
18 -2
18 -1
17 -1
17 0
16 0
16 -1
15 -1
15 -2
15 -3
14 -3
13 -3
13 -4
14 -4
15 -4
15 -5
15 -6
15 -7
15 -8
14 -8
14 -7
14 -6
14 -5
13 -5
13 -6
13 -7
12 -7
12 -6
11 -6
10 -6
10 -5
9 -5
8 -5
8 -4
8 -3
9 -3
10 -3
10 -2
9 -2
9 -1
8 -1
8 -2
7 -2
7 -1
7 0
8 0
9 0
10 0
10 -1
11 -1
11 -2
12 -2
13 -2
13 -1
14 -1
14 0
13 0
12 0
12 1
12 2
13 2
13 3
12 3
11 3
11 2
10 2
10 3
10 4
11 4
11 5
10 5
9 5
8 5
8 6
7 6
6 6
6 5
6 4
6 3
6 2
5 2
5 1
5 0
5 -1
6 -1
6 -2
5 -2
4 -2
4 -1
3 -1
2 -1
2 0
3 0
3 1
2 1
2 2
2 3
1 3
1 2
0 2
-1 2
-2 2
-2 3
-2 4
-2 5
-2 6
-1 6
0 6
0 5
-1 5
-1 4
-1 3
0 3
0 4
1 4
1 5
2 5
2 4
3 4
3 5
4 5
4 4
4 3
5 3
5 4
5 5
5 6
4 6
4 7
5 7
5 8
6 8
6 7
7 7
8 7
9 7
10 7
10 6
11 6
11 7
12 7
13 7
13 8
12 8
12 9
13 9
14 9
14 10
13 10
13 11
13 12
14 12
14 11
15 11
16 11
17 11
17 10
16 10
15 10
15 9
15 8
15 7
15 6
16 6
16 7
16 8
16 9
17 9
18 9
19 9
19 8
20 8
20 7
21 7
21 8
22 8
23 8
23 7
24 7
24 6
25 6
26 6
26 5
26 4
27 4
27 3
26 3
26 2
27 2
28 2
29 2
29 3
28 3
28 4
29 4
30 4
30 5
31 5
31 6
32 6
32 5
32 4
31 4
31 3
30 3
30 2
31 2
31 1
31 0
30 0
30 -1
30 -2
31 -2
31 -1
32 -1
33 -1
34 -1
34 0
34 1
34 2
35 2
36 2
36 3
36 4
35 4
35 5
35 6
35 7
34 7
34 6
34 5
34 4
33 4
33 5
33 6
33 7
32 7
31 7
31 8
32 8
33 8
34 8
35 8
35 9
36 9
36 8
36 7
37 7
37 8
37 9
38 9
39 9
39 10
40 10
40 9
40 8
39 8
38 8
38 7
38 6
38 5
39 5
39 6
39 7
40 7
40 6
41 6
42 6
42 5
43 5
44 5
45 5
46 5
46 6
47 6
47 7
47 8
47 9
47 10
47 11
47 12
46 12
45 12
45 11
44 11
44 12
44 13
43 13
42 13
42 14
43 14
43 15
43 16
44 16
44 15
44 14
45 14
45 13
46 13
47 13
48 13
49 13
49 12
48 12
48 11
48 10
49 10
49 9
48 9
48 8
49 8
49 7
48 7
48 6
49 6
50 6
50 7
50 8
50 9
50 10
50 11
50 12
51 12
52 12
52 13
52 14
52 15
52 16
53 16
53 17
54 17
55 17
56 17
57 17
57 16
57 15
57 14
56 14
55 14
55 15
54 15
54 14
54 13
53 13
53 12
54 12
55 12
55 13
56 13
57 13
57 12
58 12
59 12
59 11
58 11
57 11
56 11
55 11
54 11
54 10
54 9
53 9
52 9
52 10
53 10
53 11
52 11
51 11
51 10
51 9
51 8
52 8
52 7
52 6
51 6
51 5
52 5
52 4
53 4
54 4
55 4
56 4
57 4
58 4
58 3
57 3
56 3
55 3
54 3
54 2
53 2
53 3
52 3
52 2
51 2
51 3
51 4
50 4
50 5
49 5
48 5
47 5
47 4
47 3
46 3
46 4
45 4
45 3
44 3
44 2
45 2
46 2
46 1
47 1
47 0
47 -1
47 -2
47 -3
48 -3
48 -4
49 -4
49 -5
49 -6
48 -6
47 -6
47 -5
47 -4
46 -4
46 -3
46 -2
46 -1
46 0
45 0
45 1
44 1
43 1
43 0
44 0
44 -1
45 -1
45 -2
44 -2
43 -2
43 -1
42 -1
41 -1
40 -1
40 0
41 0
42 0
42 1
41 1
40 1
39 1
39 2
39 3
38 3
37 3
37 2
37 1
37 0
37 -1
37 -2
36 -2
36 -1
35 -1
35 -2
34 -2
33 -2
33 -3
34 -3
35 -3
35 -4
35 -5
34 -5
34 -4
33 -4
32 -4
32 -3
31 -3
31 -4
30 -4
30 -3
29 -3
29 -2
29 -1
28 -1
28 0
27 0
27 -1
27 -2
27 -3
27 -4
27 -5
27 -6
26 -6
25 -6
25 -5
26 -5
26 -4
25 -4
25 -3
26 -3
26 -2
26 -1
26 0
26 1
25 1
25 2
24 2
23 2
23 3
24 3
25 3
25 4
24 4
24 5
23 5
23 6
22 6
22 5
22 4
22 3
22 2
22 1
23 1
23 0
23 -1
24 -1
25 -1
25 -2
24 -2
24 -3
24 -4
24 -5
24 -6
24 -7
25 -7
25 -8
25 -9
25 -10
26 -10
26 -9
27 -9
27 -8
26 -8
26 -7
27 -7
28 -7
28 -6
28 -5
29 -5
29 -6
30 -6
30 -5
31 -5
32 -5
32 -6
33 -6
34 -6
34 -7
33 -7
32 -7
31 -7
30 -7
30 -8
29 -8
28 -8
28 -9
29 -9
30 -9
30 -10
31 -10
31 -11
32 -11
32 -10
32 -9
32 -8
33 -8
34 -8
34 -9
34 -10
33 -10
33 -11
34 -11
34 -12
35 -12
35 -11
35 -10
35 -9
35 -8
35 -7
36 -7
37 -7
38 -7
38 -6
37 -6
37 -5
37 -4
38 -4
38 -3
38 -2
39 -2
40 -2
41 -2
42 -2
42 -3
43 -3
43 -4
42 -4
42 -5
43 -5
43 -6
42 -6
42 -7
43 -7
44 -7
44 -6
44 -5
44 -4
45 -4
45 -5
46 -5
46 -6
46 -7
47 -7
48 -7
49 -7
50 -7
50 -6
50 -5
50 -4
50 -3
49 -3
49 -2
50 -2
50 -1
49 -1
48 -1
48 0
49 0
49 1
49 2
50 2
50 1
50 0
51 0
51 1
52 1
53 1
54 1
54 0
55 0
56 0
56 1
57 1
57 2
58 2
58 1
59 1
60 1
60 2
59 2
59 3
60 3
61 3
61 4
61 5
61 6
61 7
60 7
60 6
60 5
60 4
59 4
59 5
58 5
58 6
59 6
59 7
59 8
60 8
60 9
59 9
58 9
58 8
58 7
57 7
56 7
56 6
57 6
57 5
56 5
55 5
55 6
55 7
55 8
55 9
56 9
56 8
57 8
57 9
57 10
58 10
59 10
60 10
61 10
61 9
62 9
63 9
64 9
64 8
65 8
65 9
65 10
66 10
66 9
66 8
66 7
67 7
67 6
66 6
65 6
65 7
64 7
63 7
63 8
62 8
62 7
62 6
63 6
63 5
63 4
62 4
62 3
63 3
64 3
64 2
63 2
63 1
64 1
64 0
65 0
65 1
66 1
66 0
66 -1
65 -1
64 -1
63 -1
63 0
62 0
62 -1
61 -1
61 -2
62 -2
63 -2
64 -2
65 -2
66 -2
66 -3
65 -3
64 -3
64 -4
64 -5
64 -6
63 -6
63 -5
63 -4
62 -4
62 -3
61 -3
61 -4
61 -5
61 -6
62 -6
62 -7
63 -7
64 -7
65 -7
65 -6
65 -5
65 -4
66 -4
66 -5
66 -6
66 -7
67 -7
67 -8
66 -8
65 -8
64 -8
64 -9
65 -9
65 -10
65 -11
64 -11
63 -11
63 -12
64 -12
65 -12
65 -13
66 -13
66 -14
65 -14
65 -15
66 -15
66 -16
67 -16
67 -15
67 -14
68 -14
68 -15
68 -16
69 -16
70 -16
71 -16
71 -15
71 -14
72 -14
73 -14
73 -13
72 -13
71 -13
70 -13
70 -12
70 -11
69 -11
69 -10
68 -10
67 -10
66 -10
66 -9
67 -9
68 -9
68 -8
68 -7
69 -7
70 -7
70 -8
70 -9
70 -10
71 -10
71 -11
71 -12
72 -12
73 -12
73 -11
73 -10
73 -9
74 -9
75 -9
76 -9
77 -9
77 -10
77 -11
77 -12
77 -13
77 -14
76 -14
76 -13
76 -12
76 -11
75 -11
75 -12
74 -12
74 -13
74 -14
75 -14
75 -15
76 -15
76 -16
77 -16
77 -17
76 -17
75 -17
74 -17
73 -17
73 -16
73 -15
72 -15
72 -16
72 -17
71 -17
70 -17
69 -17
68 -17
67 -17
67 -18
67 -19
67 -20
67 -21
68 -21
69 -21
70 -21
70 -22
70 -23
71 -23
71 -22
72 -22
72 -21
73 -21
73 -20
73 -19
72 -19
72 -18
73 -18
74 -18
74 -19
74 -20
74 -21
75 -21
75 -20
75 -19
75 -18
76 -18
76 -19
77 -19
77 -20
77 -21
78 -21
78 -22
77 -22
77 -23
78 -23
79 -23
79 -22
80 -22
80 -23
80 -24
79 -24
78 -24
78 -25
78 -26
79 -26
79 -27
80 -27
81 -27
81 -26
82 -26
82 -27
82 -28
82 -29
81 -29
81 -28
80 -28
79 -28
79 -29
80 -29
80 -30
81 -30
82 -30
83 -30
84 -30
85 -30
86 -30
86 -31
87 -31
88 -31
89 -31
90 -31
90 -30
89 -30
88 -30
88 -29
89 -29
89 -28
88 -28
88 -27
89 -27
89 -26
88 -26
87 -26
87 -27
87 -28
87 -29
86 -29
86 -28
86 -27
85 -27
85 -28
85 -29
84 -29
83 -29
83 -28
84 -28
84 -27
83 -27
83 -26
84 -26
85 -26
86 -26
86 -25
85 -25
84 -25
83 -25
82 -25
82 -24
81 -24
81 -23
81 -22
82 -22
83 -22
83 -23
83 -24
84 -24
85 -24
85 -23
86 -23
86 -22
85 -22
84 -22
84 -21
85 -21
86 -21
87 -21
88 -21
88 -22
89 -22
89 -23
88 -23
88 -24
88 -25
89 -25
89 -24
90 -24
91 -24
92 -24
92 -25
92 -26
91 -26
91 -25
90 -25
90 -26
90 -27
90 -28
90 -29
91 -29
92 -29
93 -29
93 -30
94 -30
94 -31
93 -31
92 -31
92 -30
91 -30
91 -31
91 -32
91 -33
92 -33
92 -34
91 -34
90 -34
90 -33
90 -32
89 -32
89 -33
89 -34
88 -34
88 -35
89 -35
89 -36
90 -36
91 -36
91 -37
92 -37
93 -37
94 -37
95 -37
95 -38
96 -38
96 -37
96 -36
97 -36
97 -37
97 -38
97 -39
97 -40
96 -40
96 -39
95 -39
95 -40
94 -40
93 -40
93 -41
94 -41
95 -41
95 -42
95 -43
94 -43
93 -43
93 -44
94 -44
94 -45
94 -46
94 -47
95 -47
96 -47
96 -46
97 -46
98 -46
99 -46
100 -46
101 -46
102 -46
103 -46
103 -45
102 -45
102 -44
103 -44
104 -44
104 -43
103 -43
102 -43
101 -43
101 -44
100 -44
99 -44
99 -45
98 -45
97 -45
97 -44
98 -44
98 -43
97 -43
96 -43
96 -42
96 -41
97 -41
97 -42
98 -42
99 -42
100 -42
101 -42
101 -41
100 -41
99 -41
99 -40
100 -40
101 -40
102 -40
102 -41
102 -42
103 -42
104 -42
105 -42
105 -43
105 -44
106 -44
106 -43
106 -42
106 -41
107 -41
107 -42
107 -43
107 -44
107 -45
107 -46
107 -47
106 -47
105 -47
105 -46
106 -46
106 -45
105 -45
104 -45
104 -46
104 -47
104 -48
105 -48
105 -49
104 -49
104 -50
105 -50
105 -51
105 -52
105 -53
104 -53
104 -52
104 -51
103 -51
103 -50
103 -49
103 -48
103 -47
102 -47
101 -47
101 -48
102 -48
102 -49
101 -49
100 -49
100 -50
101 -50
101 -51
101 -52
102 -52
103 -52
103 -53
102 -53
102 -54
103 -54
103 -55
103 -56
104 -56
104 -57
105 -57
106 -57
106 -58
105 -58
104 -58
104 -59
105 -59
106 -59
107 -59
108 -59
108 -60
107 -60
107 -61
106 -61
106 -62
106 -63
105 -63
105 -62
105 -61
104 -61
103 -61
103 -62
103 -63
102 -63
102 -62
101 -62
101 -63
100 -63
99 -63
99 -64
98 -64
98 -63
98 -62
99 -62
100 -62
100 -61
99 -61
99 -60
99 -59
100 -59
100 -60
101 -60
101 -61
102 -61
102 -60
102 -59
103 -59
103 -58
103 -57
102 -57
102 -56
101 -56
101 -55
100 -55
100 -54
99 -54
98 -54
98 -53
98 -52
98 -51
97 -51
97 -52
96 -52
96 -53
97 -53
97 -54
97 -55
98 -55
99 -55
99 -56
100 -56
100 -57
101 -57
101 -58
100 -58
99 -58
98 -58
98 -59
98 -60
98 -61
97 -61
97 -62
97 -63
97 -64
96 -64
95 -64
94 -64
94 -65
93 -65
93 -64
93 -63
93 -62
92 -62
92 -61
93 -61
93 -60
93 -59
92 -59
91 -59
90 -59
90 -58
89 -58
89 -57
90 -57
91 -57
91 -56
90 -56
89 -56
89 -55
88 -55
87 -55
86 -55
86 -54
85 -54
85 -55
85 -56
86 -56
86 -57
85 -57
84 -57
83 -57
83 -56
82 -56
82 -55
83 -55
84 -55
84 -54
84 -53
83 -53
83 -54
82 -54
81 -54
81 -55
81 -56
80 -56
80 -55
80 -54
79 -54
79 -53
80 -53
80 -52
80 -51
81 -51
82 -51
83 -51
83 -52
84 -52
85 -52
86 -52
86 -51
85 -51
84 -51
84 -50
84 -49
85 -49
85 -48
85 -47
84 -47
83 -47
82 -47
82 -46
83 -46
84 -46
85 -46
85 -45
86 -45
86 -46
87 -46
88 -46
88 -45
89 -45
89 -46
89 -47
90 -47
91 -47
91 -46
90 -46
90 -45
91 -45
91 -44
91 -43
91 -42
90 -42
90 -41
90 -40
91 -40
91 -41
92 -41
92 -40
92 -39
93 -39
94 -39
94 -38
93 -38
92 -38
91 -38
91 -39
90 -39
90 -38
89 -38
89 -39
89 -40
88 -40
88 -39
87 -39
87 -38
88 -38
88 -37
88 -36
87 -36
87 -35
86 -35
86 -34
86 -33
85 -33
85 -34
85 -35
85 -36
85 -37
84 -37
84 -38
85 -38
86 -38
86 -39
85 -39
84 -39
84 -40
85 -40
86 -40
86 -41
86 -42
87 -42
87 -43
86 -43
86 -44
85 -44
84 -44
84 -43
85 -43
85 -42
85 -41
84 -41
84 -42
83 -42
83 -41
83 -40
83 -39
82 -39
82 -38
81 -38
81 -37
82 -37
82 -36
82 -35
82 -34
82 -33
83 -33
84 -33
84 -32
84 -31
83 -31
82 -31
81 -31
81 -32
81 -33
81 -34
81 -35
81 -36
80 -36
80 -35
80 -34
80 -33
80 -32
80 -31
79 -31
79 -32
79 -33
79 -34
79 -35
78 -35
78 -34
77 -34
77 -33
76 -33
75 -33
75 -32
76 -32
76 -31
76 -30
76 -29
77 -29
77 -28
77 -27
77 -26
77 -25
77 -24
76 -24
75 -24
75 -25
75 -26
76 -26
76 -27
76 -28
75 -28
75 -27
74 -27
74 -28
73 -28
73 -27
73 -26
74 -26
74 -25
73 -25
73 -24
74 -24
74 -23
74 -22
73 -22
73 -23
72 -23
72 -24
71 -24
71 -25
70 -25
70 -26
71 -26
71 -27
71 -28
70 -28
70 -27
69 -27
68 -27
68 -26
69 -26
69 -25
68 -25
67 -25
67 -24
66 -24
66 -23
67 -23
67 -22
66 -22
65 -22
65 -23
65 -24
65 -25
66 -25
66 -26
67 -26
67 -27
67 -28
68 -28
69 -28
69 -29
69 -30
69 -31
69 -32
70 -32
71 -32
72 -32
73 -32
73 -33
74 -33
74 -34
73 -34
72 -34
71 -34
71 -33
70 -33
69 -33
69 -34
68 -34
68 -33
67 -33
67 -32
66 -32
65 -32
65 -31
66 -31
67 -31
67 -30
68 -30
68 -29
67 -29
66 -29
65 -29
65 -30
64 -30
63 -30
63 -29
62 -29
61 -29
60 -29
59 -29
59 -28
58 -28
57 -28
56 -28
55 -28
54 -28
53 -28
53 -29
54 -29
55 -29
55 -30
56 -30
56 -29
57 -29
57 -30
57 -31
56 -31
55 -31
55 -32
56 -32
57 -32
57 -33
56 -33
55 -33
54 -33
53 -33
52 -33
52 -32
53 -32
54 -32
54 -31
54 -30
53 -30
53 -31
52 -31
52 -30
51 -30
51 -31
51 -32
51 -33
51 -34
52 -34
52 -35
51 -35
51 -36
51 -37
52 -37
52 -38
51 -38
51 -39
51 -40
50 -40
50 -39
50 -38
50 -37
50 -36
50 -35
50 -34
50 -33
50 -32
49 -32
49 -33
49 -34
49 -35
48 -35
48 -34
47 -34
46 -34
45 -34
45 -33
46 -33
46 -32
46 -31
45 -31
45 -32
44 -32
43 -32
43 -33
42 -33
41 -33
40 -33
39 -33
38 -33
38 -32
37 -32
36 -32
36 -33
35 -33
34 -33
34 -32
35 -32
35 -31
36 -31
37 -31
38 -31
38 -30
37 -30
36 -30
36 -29
36 -28
37 -28
38 -28
38 -27
38 -26
38 -25
39 -25
39 -24
38 -24
38 -23
38 -22
37 -22
37 -23
37 -24
37 -25
37 -26
36 -26
36 -25
36 -24
35 -24
35 -23
34 -23
33 -23
32 -23
32 -22
33 -22
34 -22
35 -22
35 -21
35 -20
36 -20
36 -21
37 -21
38 -21
38 -20
39 -20
40 -20
40 -19
39 -19
38 -19
38 -18
37 -18
37 -19
36 -19
35 -19
35 -18
36 -18
36 -17
37 -17
37 -16
36 -16
36 -15
36 -14
37 -14
37 -13
37 -12
38 -12
39 -12
39 -13
38 -13
38 -14
38 -15
39 -15
39 -14
40 -14
40 -13
40 -12
40 -11
40 -10
41 -10
41 -9
41 -8
40 -8
40 -7
41 -7
41 -6
40 -6
40 -5
40 -4
39 -4
39 -5
39 -6
39 -7
39 -8
39 -9
39 -10
39 -11
38 -11
37 -11
37 -10
37 -9
38 -9
38 -8
37 -8
36 -8
36 -9
36 -10
36 -11
36 -12
36 -13
35 -13
34 -13
33 -13
33 -12
32 -12
31 -12
30 -12
30 -11
29 -11
29 -12
29 -13
30 -13
30 -14
30 -15
31 -15
31 -14
31 -13
32 -13
32 -14
33 -14
34 -14
34 -15
35 -15
35 -16
34 -16
34 -17
34 -18
34 -19
34 -20
34 -21
33 -21
33 -20
32 -20
31 -20
31 -21
31 -22
30 -22
29 -22
29 -21
30 -21
30 -20
29 -20
28 -20
28 -21
28 -22
28 -23
28 -24
29 -24
29 -23
30 -23
31 -23
31 -24
32 -24
32 -25
33 -25
33 -24
34 -24
34 -25
35 -25
35 -26
34 -26
34 -27
34 -28
35 -28
35 -29
34 -29
33 -29
32 -29
32 -30
33 -30
33 -31
32 -31
32 -32
33 -32
33 -33
33 -34
34 -34
35 -34
36 -34
37 -34
38 -34
38 -35
38 -36
39 -36
40 -36
40 -37
39 -37
38 -37
38 -38
38 -39
39 -39
40 -39
41 -39
42 -39
43 -39
43 -40
44 -40
44 -41
43 -41
42 -41
42 -40
41 -40
40 -40
39 -40
38 -40
38 -41
39 -41
40 -41
41 -41
41 -42
40 -42
39 -42
39 -43
38 -43
38 -42
37 -42
36 -42
35 -42
34 -42
34 -41
35 -41
36 -41
37 -41
37 -40
36 -40
35 -40
34 -40
34 -39
35 -39
35 -38
34 -38
33 -38
33 -39
33 -40
32 -40
32 -39
32 -38
31 -38
30 -38
29 -38
29 -39
28 -39
28 -38
27 -38
26 -38
26 -37
25 -37
24 -37
24 -36
25 -36
26 -36
26 -35
27 -35
27 -36
28 -36
28 -35
29 -35
29 -36
29 -37
30 -37
31 -37
32 -37
32 -36
31 -36
31 -35
31 -34
30 -34
29 -34
28 -34
28 -33
29 -33
29 -32
28 -32
27 -32
27 -33
26 -33
26 -32
26 -31
27 -31
28 -31
29 -31
30 -31
30 -32
30 -33
31 -33
31 -32
31 -31
31 -30
30 -30
29 -30
29 -29
29 -28
30 -28
30 -29
31 -29
31 -28
32 -28
33 -28
33 -27
33 -26
32 -26
32 -27
31 -27
30 -27
29 -27
29 -26
30 -26
31 -26
31 -25
30 -25
29 -25
28 -25
28 -26
27 -26
27 -25
26 -25
26 -26
26 -27
25 -27
24 -27
23 -27
23 -28
24 -28
25 -28
26 -28
27 -28
27 -27
28 -27
28 -28
28 -29
27 -29
26 -29
25 -29
25 -30
25 -31
24 -31
24 -32
25 -32
25 -33
24 -33
23 -33
22 -33
21 -33
20 -33
20 -34
20 -35
20 -36
20 -37
19 -37
19 -36
18 -36
17 -36
17 -35
18 -35
19 -35
19 -34
19 -33
19 -32
18 -32
18 -33
17 -33
16 -33
16 -32
16 -31
15 -31
14 -31
14 -30
15 -30
15 -29
14 -29
14 -28
13 -28
13 -27
14 -27
14 -26
14 -25
15 -25
15 -26
15 -27
15 -28
16 -28
17 -28
18 -28
19 -28
19 -27
20 -27
20 -26
20 -25
19 -25
19 -24
18 -24
18 -25
17 -25
17 -24
16 -24
15 -24
15 -23
16 -23
17 -23
18 -23
18 -22
17 -22
16 -22
15 -22
14 -22
14 -21
13 -21
12 -21
12 -22
12 -23
13 -23
14 -23
14 -24
13 -24
12 -24
11 -24
11 -25
10 -25
10 -24
10 -23
10 -22
11 -22
11 -21
11 -20
11 -19
10 -19
10 -20
10 -21
9 -21
8 -21
8 -20
9 -20
9 -19
9 -18
8 -18
7 -18
7 -19
7 -20
6 -20
6 -21
6 -22
6 -23
7 -23
7 -22
8 -22
8 -23
9 -23
9 -24
8 -24
7 -24
7 -25
8 -25
9 -25
9 -26
9 -27
9 -28
8 -28
8 -27
8 -26
7 -26
7 -27
7 -28
7 -29
7 -30
7 -31
7 -32
8 -32
8 -31
9 -31
9 -30
8 -30
8 -29
9 -29
10 -29
10 -28
10 -27
11 -27
12 -27
12 -28
12 -29
12 -30
12 -31
12 -32
13 -32
14 -32
14 -33
15 -33
15 -34
14 -34
13 -34
13 -35
13 -36
13 -37
14 -37
14 -36
14 -35
15 -35
15 -36
16 -36
16 -37
16 -38
17 -38
17 -37
18 -37
18 -38
19 -38
19 -39
20 -39
20 -40
19 -40
18 -40
18 -39
17 -39
17 -40
17 -41
17 -42
17 -43
16 -43
16 -44
15 -44
15 -43
14 -43
14 -42
15 -42
16 -42
16 -41
15 -41
14 -41
13 -41
12 -41
12 -40
13 -40
13 -39
12 -39
11 -39
11 -40
10 -40
10 -41
11 -41
11 -42
12 -42
12 -43
13 -43
13 -44
14 -44
14 -45
13 -45
13 -46
14 -46
15 -46
15 -47
14 -47
14 -48
14 -49
14 -50
14 -51
15 -51
16 -51
16 -50
17 -50
17 -51
17 -52
18 -52
18 -51
19 -51
19 -52
19 -53
19 -54
19 -55
18 -55
17 -55
17 -54
17 -53
16 -53
16 -54
16 -55
16 -56
17 -56
18 -56
19 -56
20 -56
20 -57
20 -58
21 -58
21 -57
22 -57
22 -56
23 -56
23 -57
24 -57
24 -56
24 -55
24 -54
25 -54
25 -53
25 -52
26 -52
26 -51
26 -50
25 -50
25 -51
24 -51
24 -50
23 -50
23 -49
22 -49
22 -48
21 -48
20 -48
19 -48
19 -47
20 -47
21 -47
21 -46
20 -46
20 -45
19 -45
19 -44
20 -44
20 -43
20 -42
21 -42
21 -41
22 -41
23 -41
23 -42
22 -42
22 -43
22 -44
22 -45
23 -45
23 -44
23 -43
24 -43
24 -42
25 -42
25 -41
25 -40
26 -40
26 -41
26 -42
26 -43
27 -43
28 -43
28 -44
29 -44
29 -43
30 -43
30 -44
30 -45
30 -46
31 -46
31 -47
32 -47
33 -47
34 -47
34 -48
35 -48
36 -48
37 -48
38 -48
38 -47
38 -46
38 -45
38 -44
39 -44
40 -44
40 -43
41 -43
42 -43
42 -44
41 -44
41 -45
40 -45
39 -45
39 -46
39 -47
39 -48
40 -48
40 -49
39 -49
38 -49
38 -50
38 -51
39 -51
39 -50
40 -50
40 -51
40 -52
39 -52
39 -53
39 -54
40 -54
40 -53
41 -53
42 -53
42 -54
41 -54
41 -55
42 -55
43 -55
43 -56
44 -56
44 -55
44 -54
43 -54
43 -53
43 -52
43 -51
43 -50
42 -50
41 -50
41 -49
42 -49
42 -48
41 -48
41 -47
41 -46
42 -46
42 -47
43 -47
43 -48
44 -48
45 -48
45 -49
46 -49
46 -50
46 -51
47 -51
47 -50
47 -49
47 -48
46 -48
46 -47
45 -47
45 -46
45 -45
46 -45
47 -45
47 -44
48 -44
48 -43
47 -43
46 -43
46 -44
45 -44
44 -44
44 -43
45 -43
45 -42
46 -42
47 -42
47 -41
48 -41
48 -42
49 -42
49 -43
49 -44
49 -45
50 -45
50 -44
51 -44
51 -45
51 -46
51 -47
50 -47
49 -47
49 -46
48 -46
47 -46
47 -47
48 -47
48 -48
48 -49
48 -50
49 -50
49 -51
48 -51
48 -52
48 -53
49 -53
49 -52
50 -52
51 -52
51 -53
52 -53
53 -53
53 -54
52 -54
51 -54
51 -55
51 -56
52 -56
52 -55
53 -55
53 -56
53 -57
52 -57
52 -58
53 -58
53 -59
52 -59
52 -60
53 -60
54 -60
54 -61
54 -62
54 -63
54 -64
54 -65
53 -65
53 -64
52 -64
52 -65
52 -66
52 -67
52 -68
52 -69
51 -69
51 -68
51 -67
51 -66
51 -65
51 -64
51 -63
50 -63
50 -62
51 -62
52 -62
52 -63
53 -63
53 -62
53 -61
52 -61
51 -61
51 -60
51 -59
50 -59
49 -59
49 -60
49 -61
49 -62
48 -62
47 -62
47 -63
48 -63
48 -64
49 -64
49 -65
48 -65
47 -65
47 -64
46 -64
46 -65
45 -65
45 -64
45 -63
46 -63
46 -62
45 -62
45 -61
46 -61
46 -60
47 -60
47 -61
48 -61
48 -60
48 -59
48 -58
47 -58
47 -59
46 -59
45 -59
44 -59
43 -59
42 -59
41 -59
41 -60
41 -61
42 -61
42 -62
42 -63
41 -63
40 -63
40 -62
40 -61
39 -61
39 -62
39 -63
38 -63
38 -62
37 -62
37 -63
36 -63
35 -63
35 -64
36 -64
37 -64
38 -64
39 -64
39 -65
38 -65
37 -65
36 -65
36 -66
37 -66
38 -66
38 -67
37 -67
36 -67
35 -67
35 -68
35 -69
36 -69
36 -68
37 -68
38 -68
39 -68
39 -69
40 -69
40 -68
41 -68
42 -68
42 -69
43 -69
43 -70
43 -71
42 -71
41 -71
41 -72
41 -73
42 -73
43 -73
44 -73
44 -74
44 -75
43 -75
43 -74
42 -74
42 -75
42 -76
41 -76
41 -75
40 -75
40 -76
39 -76
38 -76
37 -76
36 -76
36 -75
35 -75
35 -74
36 -74
37 -74
37 -73
38 -73
39 -73
39 -72
38 -72
38 -71
39 -71
39 -70
38 -70
37 -70
36 -70
36 -71
37 -71
37 -72
36 -72
36 -73
35 -73
34 -73
34 -72
35 -72
35 -71
34 -71
34 -70
34 -69
34 -68
34 -67
33 -67
33 -66
34 -66
35 -66
35 -65
34 -65
33 -65
32 -65
32 -66
31 -66
31 -65
30 -65
29 -65
29 -64
28 -64
28 -65
28 -66
28 -67
29 -67
29 -68
29 -69
30 -69
30 -68
31 -68
31 -67
32 -67
32 -68
33 -68
33 -69
32 -69
32 -70
32 -71
33 -71
33 -72
32 -72
32 -73
33 -73
33 -74
34 -74
34 -75
34 -76
35 -76
35 -77
36 -77
36 -78
37 -78
38 -78
38 -77
39 -77
39 -78
40 -78
40 -79
41 -79
41 -80
41 -81
42 -81
42 -80
42 -79
43 -79
44 -79
44 -80
44 -81
43 -81
43 -82
44 -82
45 -82
45 -83
44 -83
43 -83
43 -84
42 -84
42 -83
42 -82
41 -82
40 -82
40 -81
40 -80
39 -80
39 -81
39 -82
39 -83
39 -84
38 -84
38 -85
38 -86
37 -86
37 -85
37 -84
36 -84
36 -85
35 -85
35 -84
35 -83
34 -83
34 -82
35 -82
36 -82
36 -83
37 -83
38 -83
38 -82
37 -82
37 -81
36 -81
35 -81
35 -80
36 -80
37 -80
37 -79
36 -79
35 -79
35 -78
34 -78
34 -77
33 -77
33 -76
33 -75
32 -75
32 -74
31 -74
31 -75
31 -76
32 -76
32 -77
32 -78
33 -78
33 -79
32 -79
31 -79
30 -79
30 -80
31 -80
32 -80
32 -81
31 -81
30 -81
29 -81
28 -81
27 -81
27 -82
28 -82
29 -82
30 -82
30 -83
30 -84
29 -84
29 -83
28 -83
28 -84
28 -85
29 -85
30 -85
31 -85
31 -84
32 -84
32 -85
33 -85
33 -86
32 -86
31 -86
31 -87
31 -88
32 -88
33 -88
33 -89
32 -89
31 -89
31 -90
30 -90
30 -91
31 -91
32 -91
32 -90
33 -90
34 -90
34 -91
33 -91
33 -92
32 -92
32 -93
32 -94
33 -94
33 -93
34 -93
34 -92
35 -92
35 -91
35 -90
36 -90
36 -91
37 -91
37 -92
38 -92
38 -91
38 -90
39 -90
39 -91
39 -92
40 -92
40 -93
40 -94
40 -95
40 -96
41 -96
42 -96
42 -97
43 -97
44 -97
45 -97
46 -97
46 -98
46 -99
46 -100
45 -100
45 -99
44 -99
44 -100
44 -101
43 -101
42 -101
42 -100
42 -99
41 -99
41 -100
40 -100
39 -100
38 -100
38 -101
39 -101
39 -102
38 -102
37 -102
37 -101
37 -100
37 -99
36 -99
36 -98
37 -98
37 -97
37 -96
37 -95
38 -95
39 -95
39 -94
39 -93
38 -93
38 -94
37 -94
37 -93
36 -93
35 -93
35 -94
36 -94
36 -95
35 -95
35 -96
36 -96
36 -97
35 -97
35 -98
35 -99
35 -100
36 -100
36 -101
35 -101
34 -101
34 -100
34 -99
34 -98
34 -97
34 -96
33 -96
32 -96
32 -97
31 -97
30 -97
29 -97
28 -97
28 -96
27 -96
27 -95
28 -95
29 -95
30 -95
30 -94
29 -94
28 -94
28 -93
29 -93
30 -93
30 -92
29 -92
29 -91
29 -90
28 -90
27 -90
27 -89
28 -89
28 -88
27 -88
27 -87
26 -87
26 -86
27 -86
27 -85
27 -84
27 -83
26 -83
26 -82
26 -81
26 -80
26 -79
25 -79
25 -78
26 -78
26 -77
25 -77
24 -77
24 -78
24 -79
24 -80
23 -80
22 -80
22 -81
23 -81
24 -81
24 -82
25 -82
25 -83
24 -83
24 -84
25 -84
26 -84
26 -85
25 -85
25 -86
24 -86
23 -86
23 -87
24 -87
25 -87
25 -88
26 -88
26 -89
25 -89
24 -89
24 -88
23 -88
23 -89
23 -90
22 -90
21 -90
21 -89
21 -88
21 -87
22 -87
22 -86
22 -85
22 -84
22 -83
23 -83
23 -82
22 -82
21 -82
21 -83
21 -84
21 -85
21 -86
20 -86
20 -85
20 -84
20 -83
20 -82
20 -81
21 -81
21 -80
20 -80
19 -80
19 -81
19 -82
18 -82
18 -83
19 -83
19 -84
18 -84
18 -85
18 -86
19 -86
19 -87
20 -87
20 -88
20 -89
20 -90
19 -90
19 -91
20 -91
21 -91
21 -92
20 -92
19 -92
19 -93
20 -93
20 -94
20 -95
20 -96
20 -97
20 -98
19 -98
19 -97
18 -97
18 -98
18 -99
19 -99
19 -100
18 -100
18 -101
17 -101
17 -100
17 -99
17 -98
17 -97
17 -96
18 -96
18 -95
17 -95
16 -95
16 -94
17 -94
18 -94
18 -93
17 -93
16 -93
15 -93
14 -93
14 -92
15 -92
16 -92
17 -92
18 -92
18 -91
17 -91
16 -91
16 -90
17 -90
18 -90
18 -89
19 -89
19 -88
18 -88
18 -87
17 -87
17 -86
17 -85
16 -85
16 -84
16 -83
16 -82
15 -82
15 -83
14 -83
13 -83
13 -82
14 -82
14 -81
14 -80
14 -79
15 -79
15 -78
16 -78
16 -77
16 -76
16 -75
16 -74
16 -73
16 -72
17 -72
17 -71
16 -71
15 -71
15 -72
15 -73
14 -73
14 -74
15 -74
15 -75
14 -75
14 -76
15 -76
15 -77
14 -77
13 -77
13 -76
13 -75
12 -75
12 -74
12 -73
13 -73
13 -72
13 -71
14 -71
14 -70
14 -69
15 -69
15 -70
16 -70
16 -69
17 -69
17 -70
18 -70
18 -71
18 -72
18 -73
18 -74
18 -75
18 -76
18 -77
17 -77
17 -78
18 -78
19 -78
19 -77
19 -76
19 -75
20 -75
20 -76
21 -76
22 -76
22 -75
23 -75
24 -75
25 -75
25 -74
24 -74
24 -73
23 -73
23 -74
22 -74
22 -73
22 -72
23 -72
24 -72
24 -71
23 -71
22 -71
22 -70
22 -69
23 -69
23 -68
23 -67
23 -66
22 -66
21 -66
21 -67
22 -67
22 -68
21 -68
21 -69
21 -70
21 -71
21 -72
21 -73
21 -74
20 -74
19 -74
19 -73
19 -72
19 -71
20 -71
20 -70
19 -70
19 -69
20 -69
20 -68
19 -68
19 -67
20 -67
20 -66
20 -65
20 -64
21 -64
21 -65
22 -65
23 -65
24 -65
24 -66
24 -67
24 -68
25 -68
25 -67
26 -67
27 -67
27 -66
26 -66
25 -66
25 -65
25 -64
24 -64
23 -64
22 -64
22 -63
22 -62
21 -62
20 -62
20 -61
19 -61
19 -62
18 -62
18 -61
17 -61
16 -61
16 -62
17 -62
17 -63
16 -63
16 -64
15 -64
15 -63
14 -63
14 -64
13 -64
12 -64
12 -65
12 -66
13 -66
13 -67
12 -67
12 -68
13 -68
13 -69
13 -70
12 -70
12 -71
12 -72
11 -72
10 -72
9 -72
8 -72
7 -72
7 -71
8 -71
9 -71
10 -71
11 -71
11 -70
10 -70
9 -70
8 -70
7 -70
7 -69
7 -68
6 -68
5 -68
5 -69
6 -69
6 -70
6 -71
5 -71
5 -70
4 -70
4 -71
3 -71
2 -71
2 -72
3 -72
4 -72
5 -72
6 -72
6 -73
7 -73
7 -74
8 -74
8 -75
7 -75
7 -76
8 -76
9 -76
9 -75
9 -74
9 -73
10 -73
11 -73
11 -74
11 -75
10 -75
10 -76
11 -76
12 -76
12 -77
11 -77
10 -77
10 -78
9 -78
9 -77
8 -77
7 -77
6 -77
6 -78
5 -78
5 -79
5 -80
4 -80
4 -81
5 -81
6 -81
6 -82
7 -82
8 -82
8 -81
7 -81
7 -80
7 -79
7 -78
8 -78
8 -79
9 -79
9 -80
9 -81
10 -81
10 -82
9 -82
9 -83
9 -84
10 -84
10 -85
10 -86
9 -86
9 -85
8 -85
8 -84
7 -84
7 -85
7 -86
6 -86
6 -87
5 -87
5 -86
4 -86
3 -86
3 -85
4 -85
5 -85
5 -84
5 -83
4 -83
3 -83
2 -83
1 -83
1 -82
0 -82
-1 -82
-2 -82
-2 -81
-3 -81
-3 -82
-3 -83
-2 -83
-2 -84
-3 -84
-3 -85
-2 -85
-2 -86
-3 -86
-4 -86
-5 -86
-6 -86
-7 -86
-7 -87
-7 -88
-8 -88
-9 -88
-9 -87
-8 -87
-8 -86
-8 -85
-9 -85
-9 -86
-10 -86
-11 -86
-12 -86
-12 -85
-12 -84
-12 -83
-11 -83
-11 -82
-12 -82
-12 -81
-12 -80
-13 -80
-13 -79
-13 -78
-13 -77
-14 -77
-14 -78
-14 -79
-14 -80
-15 -80
-15 -79
-15 -78
-16 -78
-16 -77
-15 -77
-15 -76
-14 -76
-13 -76
-12 -76
-12 -77
-11 -77
-11 -78
-10 -78
-10 -77
-10 -76
-9 -76
-9 -77
-8 -77
-8 -76
-7 -76
-7 -75
-8 -75
-9 -75
-10 -75
-10 -74
-9 -74
-9 -73
-8 -73
-8 -74
-7 -74
-6 -74
-6 -73
-7 -73
-7 -72
-8 -72
-9 -72
-10 -72
-10 -73
-11 -73
-11 -74
-11 -75
-12 -75
-12 -74
-13 -74
-13 -73
-12 -73
-12 -72
-12 -71
-13 -71
-13 -72
-14 -72
-14 -71
-15 -71
-15 -72
-15 -73
-14 -73
-14 -74
-15 -74
-16 -74
-16 -73
-17 -73
-17 -72
-17 -71
-17 -70
-16 -70
-15 -70
-15 -69
-14 -69
-14 -70
-13 -70
-12 -70
-11 -70
-11 -71
-10 -71
-9 -71
-9 -70
-10 -70
-10 -69
-10 -68
-11 -68
-11 -67
-12 -67
-13 -67
-14 -67
-14 -68
-15 -68
-15 -67
-16 -67
-16 -68
-16 -69
-17 -69
-17 -68
-18 -68
-18 -67
-17 -67
-17 -66
-17 -65
-17 -64
-16 -64
-15 -64
-15 -65
-15 -66
-14 -66
-13 -66
-13 -65
-14 -65
-14 -64
-13 -64
-13 -63
-14 -63
-15 -63
-16 -63
-16 -62
-16 -61
-16 -60
-15 -60
-14 -60
-14 -59
-15 -59
-16 -59
-17 -59
-17 -60
-17 -61
-18 -61
-18 -60
-18 -59
-18 -58
-18 -57
-17 -57
-17 -58
-16 -58
-15 -58
-14 -58
-14 -57
-13 -57
-12 -57
-11 -57
-11 -58
-11 -59
-10 -59
-9 -59
-9 -60
-10 -60
-11 -60
-11 -61
-10 -61
-10 -62
-9 -62
-9 -61
-8 -61
-8 -60
-7 -60
-7 -61
-7 -62
-8 -62
-8 -63
-8 -64
-9 -64
-9 -63
-10 -63
-11 -63
-11 -62
-12 -62
-12 -63
-12 -64
-11 -64
-10 -64
-10 -65
-10 -66
-9 -66
-9 -65
-8 -65
-8 -66
-8 -67
-8 -68
-7 -68
-6 -68
-6 -69
-6 -70
-5 -70
-5 -69
-5 -68
-4 -68
-3 -68
-3 -69
-3 -70
-2 -70
-1 -70
-1 -71
-1 -72
-1 -73
-2 -73
-2 -74
-3 -74
-3 -73
-4 -73
-4 -72
-3 -72
-3 -71
-4 -71
-5 -71
-6 -71
-6 -72
-5 -72
-5 -73
-5 -74
-5 -75
-5 -76
-6 -76
-6 -77
-7 -77
-7 -78
-7 -79
-7 -80
-7 -81
-7 -82
-7 -83
-8 -83
-9 -83
-9 -84
-8 -84
-7 -84
-7 -85
-6 -85
-6 -84
-6 -83
-6 -82
-6 -81
-6 -80
-6 -79
-5 -79
-5 -80
-5 -81
-4 -81
-4 -80
-3 -80
-2 -80
-2 -79
-2 -78
-3 -78
-3 -79
-4 -79
-4 -78
-4 -77
-4 -76
-4 -75
-3 -75
-2 -75
-2 -76
-3 -76
-3 -77
-2 -77
-1 -77
-1 -76
0 -76
0 -77
1 -77
2 -77
3 -77
4 -77
5 -77
5 -76
5 -75
5 -74
5 -73
4 -73
3 -73
2 -73
2 -74
3 -74
4 -74
4 -75
4 -76
3 -76
3 -75
2 -75
2 -76
1 -76
1 -75
0 -75
-1 -75
-1 -74
0 -74
1 -74
1 -73
0 -73
0 -72
1 -72
1 -71
0 -71
0 -70
0 -69
1 -69
1 -68
2 -68
3 -68
3 -67
2 -67
2 -66
3 -66
3 -65
2 -65
1 -65
1 -64
1 -63
2 -63
2 -62
2 -61
3 -61
4 -61
4 -60
3 -60
3 -59
4 -59
5 -59
5 -60
5 -61
5 -62
6 -62
6 -61
7 -61
7 -60
7 -59
7 -58
7 -57
8 -57
9 -57
9 -56
10 -56
10 -55
10 -54
11 -54
11 -53
11 -52
11 -51
11 -50
12 -50
12 -51
13 -51
13 -50
13 -49
13 -48
12 -48
12 -49
11 -49
10 -49
10 -50
9 -50
8 -50
7 -50
7 -51
6 -51
6 -50
6 -49
6 -48
7 -48
7 -47
6 -47
6 -46
5 -46
5 -47
4 -47
4 -48
3 -48
3 -49
3 -50
3 -51
2 -51
2 -50
2 -49
1 -49
1 -50
0 -50
0 -49
0 -48
-1 -48
-2 -48
-2 -49
-1 -49
-1 -50
-2 -50
-2 -51
-2 -52
-1 -52
-1 -51
0 -51
0 -52
1 -52
2 -52
2 -53
1 -53
0 -53
-1 -53
-2 -53
-2 -54
-3 -54
-3 -55
-3 -56
-3 -57
-2 -57
-2 -56
-2 -55
-1 -55
-1 -56
0 -56
1 -56
1 -57
1 -58
0 -58
-1 -58
-1 -59
0 -59
1 -59
2 -59
2 -60
1 -60
0 -60
0 -61
0 -62
0 -63
0 -64
-1 -64
-1 -65
-1 -66
-1 -67
0 -67
0 -68
-1 -68
-1 -69
-2 -69
-2 -68
-2 -67
-3 -67
-3 -66
-3 -65
-3 -64
-2 -64
-2 -63
-2 -62
-2 -61
-1 -61
-1 -60
-2 -60
-3 -60
-3 -61
-4 -61
-5 -61
-5 -62
-4 -62
-3 -62
-3 -63
-4 -63
-4 -64
-5 -64
-5 -63
-6 -63
-6 -62
-6 -61
-6 -60
-5 -60
-4 -60
-4 -59
-4 -58
-4 -57
-5 -57
-6 -57
-6 -58
-5 -58
-5 -59
-6 -59
-7 -59
-8 -59
-8 -58
-7 -58
-7 -57
-7 -56
-8 -56
-8 -57
-9 -57
-9 -58
-10 -58
-10 -57
-10 -56
-11 -56
-12 -56
-12 -55
-12 -54
-13 -54
-14 -54
-14 -55
-13 -55
-13 -56
-14 -56
-15 -56
-15 -55
-15 -54
-15 -53
-15 -52
-14 -52
-14 -53
-13 -53
-13 -52
-12 -52
-11 -52
-11 -51
-12 -51
-12 -50
-12 -49
-12 -48
-11 -48
-10 -48
-10 -47
-11 -47
-12 -47
-12 -46
-11 -46
-11 -45
-11 -44
-11 -43
-10 -43
-9 -43
-9 -44
-8 -44
-7 -44
-6 -44
-6 -45
-7 -45
-8 -45
-9 -45
-10 -45
-10 -46
-9 -46
-8 -46
-8 -47
-8 -48
-9 -48
-9 -49
-8 -49
-8 -50
-9 -50
-9 -51
-8 -51
-8 -52
-8 -53
-8 -54
-9 -54
-9 -55
-8 -55
-7 -55
-6 -55
-6 -54
-7 -54
-7 -53
-6 -53
-6 -52
-7 -52
-7 -51
-7 -50
-7 -49
-7 -48
-7 -47
-7 -46
-6 -46
-6 -47
-5 -47
-5 -46
-5 -45
-4 -45
-3 -45
-3 -46
-3 -47
-2 -47
-2 -46
-1 -46
-1 -47
0 -47
1 -47
1 -46
0 -46
0 -45
1 -45
1 -44
2 -44
2 -45
2 -46
2 -47
3 -47
3 -46
3 -45
3 -44
4 -44
5 -44
5 -43
6 -43
7 -43
8 -43
9 -43
9 -42
8 -42
7 -42
7 -41
7 -40
6 -40
6 -41
5 -41
4 -41
3 -41
3 -42
3 -43
2 -43
2 -42
2 -41
1 -41
0 -41
-1 -41
-1 -40
-2 -40
-3 -40
-3 -39
-2 -39
-1 -39
-1 -38
0 -38
0 -39
1 -39
1 -38
1 -37
0 -37
-1 -37
-2 -37
-2 -36
-2 -35
-1 -35
-1 -34
-1 -33
0 -33
1 -33
1 -32
0 -32
-1 -32
-2 -32
-2 -31
-3 -31
-3 -32
-3 -33
-2 -33
-2 -34
-3 -34
-3 -35
-4 -35
-4 -34
-5 -34
-5 -33
-4 -33
-4 -32
-5 -32
-5 -31
-4 -31
-4 -30
-5 -30
-5 -29
-4 -29
-4 -28
-5 -28
-6 -28
-6 -29
-6 -30
-7 -30
-7 -29
-7 -28
-7 -27
-7 -26
-7 -25
-7 -24
-6 -24
-5 -24
-5 -25
-6 -25
-6 -26
-5 -26
-4 -26
-3 -26
-3 -27
-3 -28
-2 -28
-1 -28
-1 -27
-2 -27
-2 -26
-1 -26
-1 -25
0 -25
0 -26
0 -27
1 -27
2 -27
2 -28
1 -28
0 -28
0 -29
1 -29
2 -29
2 -30
3 -30
4 -30
5 -30
6 -30
6 -29
5 -29
5 -28
4 -28
4 -29
3 -29
3 -28
3 -27
3 -26
3 -25
3 -24
3 -23
2 -23
2 -24
2 -25
2 -26
1 -26
1 -25
1 -24
0 -24
0 -23
0 -22
-1 -22
-1 -21
-2 -21
-2 -22
-2 -23
-1 -23
-1 -24
-2 -24
-2 -25
-3 -25
-4 -25
-4 -24
-3 -24
-3 -23
-4 -23
-4 -22
-4 -21
-4 -20
-3 -20
-3 -19
-3 -18
-4 -18
-4 -19
-5 -19
-6 -19
-7 -19
-7 -18
-6 -18
-5 -18
-5 -17
-6 -17
-6 -16
-7 -16
-7 -17
-8 -17
-8 -18
-8 -19
-8 -20
-7 -20
-7 -21
-6 -21
-6 -20
-5 -20
-5 -21
-5 -22
-5 -23
-6 -23
-7 -23
-8 -23
-8 -24
-8 -25
-9 -25
-9 -24
-9 -23
-9 -22
-8 -22
-8 -21
-9 -21
-10 -21
-11 -21
-11 -22
-10 -22
-10 -23
-10 -24
-10 -25
-10 -26
-9 -26
-8 -26
-8 -27
-8 -28
-9 -28
-9 -29
-9 -30
-10 -30
-11 -30
-12 -30
-12 -29
-11 -29
-11 -28
-12 -28
-12 -27
-12 -26
-13 -26
-13 -27
-13 -28
-14 -28
-15 -28
-15 -27
-14 -27
-14 -26
-14 -25
-15 -25
-16 -25
-16 -24
-16 -23
-15 -23
-15 -24
-14 -24
-13 -24
-13 -25
-12 -25
-11 -25
-11 -24
-11 -23
-12 -23
-13 -23
-14 -23
-14 -22
-15 -22
-16 -22
-17 -22
-17 -21
-17 -20
-17 -19
-18 -19
-18 -18
-19 -18
-19 -17
-19 -16
-19 -15
-20 -15
-20 -16
-20 -17
-20 -18
-20 -19
-21 -19
-21 -18
-22 -18
-23 -18
-24 -18
-24 -17
-24 -16
-25 -16
-25 -17
-26 -17
-26 -18
-27 -18
-28 -18
-28 -17
-28 -16
-27 -16
-27 -15
-26 -15
-25 -15
-25 -14
-26 -14
-26 -13
-25 -13
-25 -12
-26 -12
-26 -11
-25 -11
-24 -11
-23 -11
-23 -10
-22 -10
-21 -10
-21 -9
-21 -8
-21 -7
-21 -6
-21 -5
-20 -5
-20 -6
-20 -7
-19 -7
-18 -7
-18 -6
-17 -6
-16 -6
-16 -5
-17 -5
-17 -4
-18 -4
-18 -3
-17 -3
-16 -3
-15 -3
-15 -2
-15 -1
-16 -1
-17 -1
-18 -1
-18 0
-17 0
-17 1
-16 1
-15 1
-14 1
-14 2
-14 3
-14 4
-15 4
-15 3
-15 2
-16 2
-16 3
-16 4
-16 5
-15 5
-14 5
-13 5
-13 4
-12 4
-12 5
-11 5
-11 6
-10 6
-9 6
-9 7
-10 7
-11 7
-12 7
-13 7
-13 6
-14 6
-15 6
-16 6
-17 6
-17 7
-16 7
-15 7
-15 8
-14 8
-13 8
-13 9
-14 9
-15 9
-15 10
-15 11
-15 12
-15 13
-15 14
-16 14
-16 15
-15 15
-14 15
-13 15
-12 15
-12 16
-11 16
-11 17
-11 18
-10 18
-10 19
-9 19
-8 19
-8 20
-7 20
-6 20
-6 21
-5 21
-5 20
-4 20
-4 19
-5 19
-5 18
-6 18
-6 19
-7 19
-7 18
-8 18
-9 18
-9 17
-8 17
-8 16
-7 16
-6 16
-6 17
-5 17
-5 16
-5 15
-6 15
-7 15
-8 15
-8 14
-7 14
-6 14
-5 14
-5 13
-4 13
-4 14
-4 15
-3 15
-2 15
-2 16
-3 16
-4 16
-4 17
-3 17
-3 18
-3 19
-2 19
-2 18
-2 17
-1 17
0 17
0 16
0 15
0 14
-1 14
-1 13
-2 13
-3 13
-3 12
-4 12
-4 11
-3 11
-2 11
-2 12
-1 12
-1 11
0 11
0 10
0 9
1 9
1 10
2 10
2 9
2 8
1 8
1 7
0 7
-1 7
-1 8
-1 9
-2 9
-2 8
-2 7
-3 7
-3 8
-3 9
-3 10
-4 10
-5 10
-6 10
-7 10
-7 9
-6 9
-6 8
-6 7
-6 6
-6 5
-5 5
-5 4
-4 4
-3 4
-3 3
-3 2
-4 2
-4 3
-5 3
-5 2
-5 1
-6 1
-6 2
-7 2
-8 2
-9 2
-10 2
-10 3
-10 4
-11 4
-11 3
-12 3
-12 2
-11 2
-11 1
-12 1
-13 1
-13 0
-14 0
-14 -1
-14 -2
-14 -3
-14 -4
-15 -4
-15 -5
-15 -6
-15 -7
-16 -7
-16 -8
-17 -8
-18 -8
-19 -8
-20 -8
-20 -9
-19 -9
-18 -9
-18 -10
-17 -10
-17 -11
-18 -11
-18 -12
-18 -13
-19 -13
-19 -12
-20 -12
-20 -13
-21 -13
-22 -13
-22 -14
-21 -14
-20 -14
-19 -14
-18 -14
-18 -15
-18 -16
-18 -17
