0 -1
-1 -1
-1 -2
0 -2
1 -2
1 -1
1 0
1 1
1 2
0 2
0 1
-1 1
-1 2
-1 3
0 3
1 3
2 3
2 2
3 2
4 2
4 1
4 0
3 0
3 1
2 1
2 0
2 -1
3 -1
4 -1
5 -1
5 -2
5 -3
6 -3
6 -2
6 -1
6 0
5 0
5 1
6 1
6 2
7 2
8 2
9 2
9 3
10 3
10 2
10 1
10 0
9 0
9 1
8 1
7 1
7 0
8 0
8 -1
7 -1
7 -2
7 -3
8 -3
8 -2
9 -2
9 -1
10 -1
11 -1
11 0
11 1
11 2
12 2
12 3
11 3
11 4
11 5
11 6
12 6
13 6
13 5
12 5
12 4
13 4
13 3
13 2
13 1
12 1
12 0
12 -1
12 -2
11 -2
11 -3
10 -3
9 -3
9 -4
9 -5
8 -5
7 -5
6 -5
6 -6
7 -6
7 -7
8 -7
8 -6
9 -6
9 -7
10 -7
10 -6
11 -6
11 -5
10 -5
10 -4
11 -4
12 -4
12 -5
13 -5
13 -6
12 -6
12 -7
13 -7
14 -7
14 -6
14 -5
14 -4
14 -3
15 -3
15 -4
16 -4
16 -3
16 -2
15 -2
14 -2
14 -1
15 -1
15 0
14 0
14 1
15 1
16 1
17 1
17 2
16 2
15 2
14 2
14 3
14 4
15 4
15 3
16 3
17 3
17 4
17 5
17 6
16 6
16 5
15 5
14 5
14 6
14 7
13 7
12 7
11 7
11 8
11 9
11 10
11 11
12 11
12 10
12 9
13 9
13 10
13 11
14 11
15 11
15 12
14 12
13 12
13 13
13 14
14 14
14 15
14 16
13 16
12 16
12 15
11 15
11 16
10 16
9 16
9 17
8 17
7 17
7 18
7 19
7 20
7 21
8 21
8 22
7 22
7 23
7 24
6 24
5 24
5 23
4 23
4 24
4 25
5 25
6 25
6 26
6 27
5 27
5 26
4 26
4 27
4 28
5 28
6 28
7 28
7 27
8 27
9 27
9 26
9 25
9 24
8 24
8 23
9 23
10 23
10 24
11 24
11 23
11 22
10 22
9 22
9 21
10 21
10 20
10 19
11 19
12 19
12 18
13 18
13 19
14 19
14 18
15 18
15 17
15 16
15 15
16 15
16 14
16 13
16 12
16 11
17 11
17 12
17 13
17 14
17 15
17 16
16 16
16 17
17 17
17 18
16 18
16 19
15 19
15 20
15 21
14 21
14 22
13 22
12 22
12 23
12 24
12 25
13 25
13 24
13 23
14 23
15 23
15 24
14 24
14 25
14 26
13 26
13 27
13 28
13 29
13 30
13 31
12 31
12 30
11 30
11 29
12 29
12 28
12 27
12 26
11 26
11 25
10 25
10 26
10 27
11 27
11 28
10 28
10 29
10 30
10 31
11 31
11 32
12 32
12 33
11 33
11 34
12 34
13 34
13 35
12 35
12 36
11 36
11 37
10 37
9 37
9 38
8 38
8 37
8 36
9 36
10 36
10 35
10 34
10 33
9 33
9 34
9 35
8 35
7 35
6 35
6 36
5 36
4 36
4 35
3 35
3 34
4 34
4 33
3 33
2 33
2 32
3 32
3 31
4 31
4 32
5 32
5 33
6 33
7 33
8 33
8 32
7 32
6 32
6 31
7 31
7 30
8 30
8 29
7 29
6 29
5 29
5 30
4 30
4 29
3 29
3 30
2 30
2 29
1 29
1 30
0 30
0 29
-1 29
-2 29
-2 28
-3 28
-3 27
-2 27
-2 26
-2 25
-3 25
-3 24
-2 24
-2 23
-1 23
-1 22
-1 21
-2 21
-2 20
-2 19
-2 18
-3 18
-3 17
-2 17
-1 17
-1 18
-1 19
-1 20
0 20
0 21
0 22
0 23
1 23
1 22
1 21
1 20
2 20
2 21
2 22
2 23
2 24
3 24
3 23
3 22
4 22
5 22
5 21
4 21
3 21
3 20
4 20
5 20
6 20
6 19
5 19
4 19
3 19
3 18
4 18
5 18
5 17
4 17
4 16
4 15
3 15
2 15
2 16
2 17
2 18
1 18
1 19
0 19
0 18
0 17
1 17
1 16
0 16
-1 16
-1 15
-1 14
0 14
0 15
1 15
1 14
2 14
3 14
3 13
3 12
3 11
3 10
3 9
2 9
2 8
3 8
4 8
4 9
5 9
5 10
5 11
6 11
7 11
7 12
6 12
6 13
5 13
5 14
6 14
6 15
7 15
7 16
8 16
8 15
8 14
9 14
9 15
10 15
10 14
10 13
11 13
11 12
10 12
9 12
9 13
8 13
8 12
8 11
9 11
10 11
10 10
9 10
8 10
7 10
6 10
6 9
6 8
5 8
5 7
4 7
3 7
3 6
4 6
5 6
5 5
6 5
7 5
8 5
8 6
7 6
6 6
6 7
7 7
8 7
8 8
8 9
9 9
9 8
10 8
10 7
9 7
9 6
9 5
10 5
10 4
9 4
8 4
7 4
7 3
6 3
6 4
5 4
5 3
4 3
4 4
4 5
3 5
3 4
2 4
1 4
0 4
0 5
1 5
1 6
2 6
2 7
1 7
1 8
0 8
0 7
0 6
-1 6
-1 5
-2 5
-3 5
-3 4
-4 4
-4 3
-5 3
-6 3
-7 3
-8 3
-8 4
-9 4
-10 4
-10 3
-10 2
-9 2
-8 2
-8 1
-7 1
-7 2
-6 2
-6 1
-5 1
-5 2
-4 2
-3 2
-2 2
-2 1
-3 1
-3 0
-2 0
-2 -1
-3 -1
-3 -2
-4 -2
-4 -1
-4 0
-5 0
-6 0
-7 0
-7 -1
-6 -1
-5 -1
-5 -2
-6 -2
-6 -3
-5 -3
-4 -3
-3 -3
-3 -4
-4 -4
-4 -5
-3 -5
-3 -6
-4 -6
-5 -6
-5 -5
-6 -5
-6 -4
-7 -4
-8 -4
-8 -3
-7 -3
-7 -2
-8 -2
-8 -1
-9 -1
-9 -2
-10 -2
-10 -3
-11 -3
-11 -4
-12 -4
-12 -5
-13 -5
-13 -6
-12 -6
-11 -6
-11 -7
-12 -7
-12 -8
-13 -8
-13 -9
-12 -9
-11 -9
-11 -8
-10 -8
-9 -8
-8 -8
-8 -9
-7 -9
-7 -10
-6 -10
-5 -10
-5 -9
-5 -8
-5 -7
-4 -7
-3 -7
-2 -7
-1 -7
-1 -8
-1 -9
-1 -10
0 -10
1 -10
1 -9
1 -8
0 -8
0 -7
1 -7
2 -7
3 -7
4 -7
4 -8
3 -8
2 -8
2 -9
3 -9
3 -10
2 -10
2 -11
1 -11
0 -11
0 -12
-1 -12
-1 -11
-2 -11
-3 -11
-3 -12
-4 -12
-5 -12
-5 -11
-6 -11
-7 -11
-7 -12
-6 -12
-6 -13
-5 -13
-5 -14
-6 -14
-6 -15
-6 -16
-5 -16
-5 -17
-6 -17
-7 -17
-8 -17
-9 -17
-9 -18
-8 -18
-8 -19
-8 -20
-8 -21
-7 -21
-7 -20
-6 -20
-6 -19
-5 -19
-5 -18
-4 -18
-4 -19
-4 -20
-5 -20
-5 -21
-6 -21
-6 -22
-5 -22
-4 -22
-4 -21
-3 -21
-2 -21
-2 -20
-1 -20
-1 -19
0 -19
0 -18
1 -18
1 -19
1 -20
0 -20
0 -21
1 -21
2 -21
2 -20
2 -19
3 -19
3 -20
4 -20
5 -20
6 -20
6 -19
6 -18
5 -18
5 -17
5 -16
6 -16
6 -15
7 -15
8 -15
8 -16
8 -17
8 -18
7 -18
7 -19
7 -20
7 -21
8 -21
8 -20
8 -19
9 -19
9 -18
9 -17
9 -16
9 -15
10 -15
10 -16
10 -17
10 -18
10 -19
11 -19
11 -18
12 -18
12 -17
13 -17
13 -18
13 -19
13 -20
12 -20
12 -21
12 -22
12 -23
13 -23
13 -22
14 -22
14 -23
14 -24
15 -24
15 -25
15 -26
16 -26
16 -27
15 -27
14 -27
14 -28
13 -28
13 -27
12 -27
11 -27
10 -27
10 -26
9 -26
8 -26
8 -27
7 -27
7 -26
7 -25
8 -25
9 -25
10 -25
10 -24
11 -24
11 -23
11 -22
11 -21
10 -21
10 -20
9 -20
9 -21
9 -22
10 -22
10 -23
9 -23
8 -23
8 -22
7 -22
7 -23
6 -23
6 -24
6 -25
6 -26
5 -26
4 -26
3 -26
3 -27
2 -27
2 -28
3 -28
3 -29
2 -29
2 -30
3 -30
4 -30
4 -29
4 -28
4 -27
5 -27
6 -27
6 -28
7 -28
7 -29
6 -29
6 -30
5 -30
5 -31
6 -31
6 -32
5 -32
4 -32
4 -31
3 -31
3 -32
3 -33
4 -33
5 -33
6 -33
6 -34
6 -35
6 -36
7 -36
7 -35
8 -35
8 -34
8 -33
7 -33
7 -32
7 -31
8 -31
9 -31
10 -31
10 -32
9 -32
9 -33
9 -34
9 -35
10 -35
10 -36
10 -37
9 -37
9 -38
10 -38
10 -39
9 -39
8 -39
8 -38
8 -37
7 -37
7 -38
7 -39
6 -39
6 -38
6 -37
5 -37
4 -37
3 -37
3 -38
4 -38
4 -39
5 -39
5 -40
5 -41
6 -41
7 -41
8 -41
8 -40
9 -40
9 -41
9 -42
8 -42
7 -42
6 -42
6 -43
6 -44
5 -44
5 -43
4 -43
4 -42
3 -42
3 -43
3 -44
3 -45
2 -45
2 -44
2 -43
2 -42
1 -42
1 -41
2 -41
3 -41
4 -41
4 -40
3 -40
3 -39
2 -39
1 -39
0 -39
-1 -39
-1 -40
-1 -41
0 -41
0 -42
-1 -42
-2 -42
-3 -42
-3 -43
-2 -43
-2 -44
-1 -44
0 -44
0 -43
1 -43
1 -44
1 -45
0 -45
0 -46
1 -46
2 -46
3 -46
4 -46
5 -46
5 -45
6 -45
7 -45
7 -46
7 -47
7 -48
6 -48
6 -47
5 -47
4 -47
4 -48
3 -48
2 -48
2 -47
1 -47
1 -48
1 -49
1 -50
0 -50
0 -49
0 -48
-1 -48
-2 -48
-3 -48
-3 -49
-2 -49
-1 -49
-1 -50
-2 -50
-2 -51
-2 -52
-3 -52
-3 -51
-3 -50
-4 -50
-5 -50
-5 -51
-6 -51
-6 -52
-5 -52
-4 -52
-4 -53
-4 -54
-5 -54
-5 -53
-6 -53
-7 -53
-7 -54
-6 -54
-6 -55
-5 -55
-4 -55
-4 -56
-5 -56
-5 -57
-4 -57
-4 -58
-5 -58
-5 -59
-6 -59
-6 -60
-5 -60
-5 -61
-4 -61
-3 -61
-3 -62
-2 -62
-2 -61
-2 -60
-1 -60
0 -60
1 -60
1 -59
0 -59
0 -58
1 -58
2 -58
2 -59
2 -60
2 -61
2 -62
2 -63
1 -63
1 -62
1 -61
0 -61
-1 -61
-1 -62
-1 -63
0 -63
0 -64
1 -64
2 -64
3 -64
3 -63
3 -62
3 -61
3 -60
3 -59
3 -58
3 -57
2 -57
1 -57
1 -56
1 -55
0 -55
0 -56
0 -57
-1 -57
-1 -58
-2 -58
-2 -57
-2 -56
-2 -55
-3 -55
-3 -54
-2 -54
-1 -54
-1 -53
0 -53
0 -52
0 -51
1 -51
1 -52
2 -52
3 -52
4 -52
4 -53
5 -53
6 -53
6 -54
6 -55
7 -55
8 -55
8 -56
9 -56
10 -56
10 -57
9 -57
8 -57
8 -58
9 -58
9 -59
8 -59
7 -59
7 -58
6 -58
5 -58
4 -58
4 -59
5 -59
6 -59
6 -60
7 -60
8 -60
9 -60
9 -61
8 -61
8 -62
7 -62
7 -63
8 -63
8 -64
7 -64
6 -64
6 -63
5 -63
5 -64
5 -65
6 -65
7 -65
8 -65
9 -65
9 -66
8 -66
7 -66
7 -67
7 -68
6 -68
6 -69
7 -69
8 -69
8 -70
7 -70
6 -70
5 -70
4 -70
4 -69
5 -69
5 -68
4 -68
3 -68
3 -69
3 -70
3 -71
2 -71
2 -70
1 -70
0 -70
0 -71
-1 -71
-1 -70
-2 -70
-2 -71
-3 -71
-3 -70
-4 -70
-4 -71
-4 -72
-5 -72
-5 -71
-5 -70
-5 -69
-4 -69
-3 -69
-2 -69
-1 -69
0 -69
1 -69
1 -68
2 -68
2 -67
1 -67
1 -66
0 -66
-1 -66
-1 -65
-1 -64
-2 -64
-2 -65
-2 -66
-3 -66
-3 -65
-4 -65
-4 -66
-4 -67
-3 -67
-3 -68
-4 -68
-5 -68
-5 -67
-5 -66
-6 -66
-6 -65
-7 -65
-7 -64
-7 -63
-7 -62
-8 -62
-8 -63
-9 -63
-9 -64
-9 -65
-10 -65
-10 -64
-10 -63
-10 -62
-9 -62
-9 -61
-8 -61
-7 -61
-7 -60
-7 -59
-7 -58
-6 -58
-6 -57
-7 -57
-7 -56
-7 -55
-8 -55
-8 -54
-8 -53
-8 -52
-9 -52
-9 -53
-9 -54
-10 -54
-10 -55
-9 -55
-9 -56
-10 -56
-10 -57
-10 -58
-10 -59
-11 -59
-11 -58
-11 -57
-11 -56
-12 -56
-12 -55
-11 -55
-11 -54
-12 -54
-12 -53
-11 -53
-10 -53
-10 -52
-11 -52
-12 -52
-12 -51
-13 -51
-13 -50
-12 -50
-12 -49
-11 -49
-11 -50
-11 -51
-10 -51
-10 -50
-9 -50
-9 -51
-8 -51
-8 -50
-7 -50
-6 -50
-6 -49
-6 -48
-6 -47
-5 -47
-5 -46
-6 -46
-7 -46
-8 -46
-9 -46
-9 -47
-9 -48
-8 -48
-8 -47
-7 -47
-7 -48
-7 -49
-8 -49
-9 -49
-10 -49
-10 -48
-10 -47
-10 -46
-11 -46
-11 -45
-10 -45
-9 -45
-9 -44
-9 -43
-8 -43
-8 -44
-7 -44
-7 -43
-7 -42
-7 -41
-6 -41
-6 -40
-6 -39
-5 -39
-5 -40
-4 -40
-4 -41
-3 -41
-2 -41
-2 -40
-3 -40
-3 -39
-4 -39
-4 -38
-4 -37
-3 -37
-3 -38
-2 -38
-1 -38
-1 -37
-2 -37
-2 -36
-1 -36
-1 -35
-2 -35
-2 -34
-2 -33
-2 -32
-1 -32
-1 -33
0 -33
1 -33
2 -33
2 -32
2 -31
1 -31
1 -32
0 -32
0 -31
0 -30
-1 -30
-1 -29
-2 -29
-3 -29
-3 -28
-2 -28
-2 -27
-3 -27
-4 -27
-4 -26
-3 -26
-2 -26
-1 -26
-1 -25
0 -25
1 -25
1 -24
1 -23
2 -23
2 -22
1 -22
0 -22
0 -23
0 -24
-1 -24
-1 -23
-1 -22
-2 -22
-2 -23
-3 -23
-3 -24
-2 -24
-2 -25
-3 -25
-4 -25
-5 -25
-6 -25
-7 -25
-7 -24
-6 -24
-5 -24
-4 -24
-4 -23
-5 -23
-6 -23
-7 -23
-8 -23
-9 -23
-10 -23
-10 -22
-11 -22
-12 -22
-12 -23
-12 -24
-13 -24
-13 -23
-13 -22
-14 -22
-14 -23
-14 -24
-15 -24
-16 -24
-17 -24
-17 -23
-18 -23
-18 -22
-17 -22
-16 -22
-16 -23
-15 -23
-15 -22
-15 -21
-16 -21
-17 -21
-17 -20
-16 -20
-15 -20
-14 -20
-13 -20
-13 -21
-12 -21
-12 -20
-11 -20
-10 -20
-9 -20
-9 -19
-10 -19
-10 -18
-11 -18
-11 -19
-12 -19
-12 -18
-13 -18
-13 -19
-14 -19
-15 -19
-16 -19
-17 -19
-17 -18
-16 -18
-15 -18
-14 -18
-14 -17
-15 -17
-15 -16
-15 -15
-14 -15
-14 -16
-13 -16
-12 -16
-11 -16
-11 -17
-10 -17
-10 -16
-9 -16
-9 -15
-9 -14
-8 -14
-8 -15
-8 -16
-7 -16
-7 -15
-7 -14
-7 -13
-8 -13
-8 -12
-9 -12
-10 -12
-10 -13
-10 -14
-10 -15
-11 -15
-11 -14
-11 -13
-12 -13
-12 -14
-12 -15
-13 -15
-13 -14
-13 -13
-14 -13
-14 -14
-15 -14
-15 -13
-16 -13
-16 -12
-16 -11
-17 -11
-17 -12
-18 -12
-18 -13
-19 -13
-19 -12
-19 -11
-20 -11
-20 -10
-21 -10
-22 -10
-22 -9
-21 -9
-20 -9
-19 -9
-19 -8
-19 -7
-20 -7
-20 -8
-21 -8
-22 -8
-22 -7
-23 -7
-23 -8
-24 -8
-24 -7
-25 -7
-25 -6
-24 -6
-24 -5
-24 -4
-24 -3
-24 -2
-24 -1
-24 0
-25 0
-26 0
-27 0
-28 0
-28 -1
-27 -1
-27 -2
-28 -2
-28 -3
-27 -3
-26 -3
-26 -2
-26 -1
-25 -1
-25 -2
-25 -3
-25 -4
-25 -5
-26 -5
-26 -4
-27 -4
-28 -4
-29 -4
-29 -3
-29 -2
-30 -2
-30 -1
-29 -1
-29 0
-30 0
-30 1
-29 1
-29 2
-30 2
-31 2
-31 3
-30 3
-30 4
-29 4
-29 5
-29 6
-29 7
-28 7
-28 6
-28 5
-28 4
-28 3
-28 2
-27 2
-27 3
-27 4
-26 4
-26 3
-26 2
-25 2
-24 2
-24 1
-23 1
-23 0
-22 0
-22 1
-22 2
-22 3
-22 4
-21 4
-21 3
-20 3
-20 2
-19 2
-19 3
-19 4
-20 4
-20 5
-19 5
-18 5
-17 5
-17 6
-18 6
-19 6
-20 6
-21 6
-21 7
-21 8
-22 8
-23 8
-23 7
-22 7
-22 6
-22 5
-23 5
-23 4
-23 3
-24 3
-25 3
-25 4
-24 4
-24 5
-25 5
-26 5
-27 5
-27 6
-27 7
-27 8
-28 8
-28 9
-27 9
-27 10
-28 10
-28 11
-28 12
-27 12
-27 13
-26 13
-26 14
-27 14
-27 15
-27 16
-27 17
-28 17
-28 16
-29 16
-29 15
-28 15
-28 14
-29 14
-29 13
-29 12
-29 11
-29 10
-30 10
-30 9
-29 9
-29 8
-30 8
-30 7
-31 7
-31 8
-32 8
-33 8
-33 9
-34 9
-34 8
-35 8
-35 9
-35 10
-34 10
-34 11
-33 11
-33 10
-32 10
-32 9
-31 9
-31 10
-31 11
-30 11
-30 12
-30 13
-30 14
-31 14
-31 13
-32 13
-32 14
-33 14
-33 15
-32 15
-32 16
-32 17
-31 17
-31 16
-31 15
-30 15
-30 16
-30 17
-29 17
-29 18
-29 19
-29 20
-28 20
-27 20
-27 19
-28 19
-28 18
-27 18
-26 18
-25 18
-25 19
-26 19
-26 20
-25 20
-25 21
-24 21
-24 20
-24 19
-23 19
-23 18
-24 18
-24 17
-24 16
-25 16
-25 15
-25 14
-24 14
-24 15
-23 15
-23 14
-22 14
-21 14
-20 14
-20 15
-21 15
-21 16
-20 16
-19 16
-18 16
-18 17
-19 17
-20 17
-21 17
-22 17
-22 18
-21 18
-21 19
-21 20
-22 20
-23 20
-23 21
-22 21
-21 21
-20 21
-19 21
-19 22
-19 23
-18 23
-18 24
-18 25
-18 26
-18 27
-19 27
-19 26
-20 26
-20 25
-19 25
-19 24
-20 24
-20 23
-20 22
-21 22
-21 23
-22 23
-22 22
-23 22
-23 23
-24 23
-25 23
-25 24
-24 24
-23 24
-22 24
-21 24
-21 25
-22 25
-23 25
-24 25
-25 25
-26 25
-26 24
-27 24
-28 24
-28 25
-29 25
-29 24
-30 24
-31 24
-31 25
-30 25
-30 26
-31 26
-32 26
-33 26
-33 25
-33 24
-32 24
-32 23
-31 23
-30 23
-30 22
-29 22
-28 22
-28 23
-27 23
-26 23
-26 22
-26 21
-27 21
-28 21
-29 21
-30 21
-31 21
-31 22
-32 22
-33 22
-33 23
-34 23
-34 22
-35 22
-35 23
-35 24
-36 24
-36 23
-37 23
-37 22
-38 22
-38 23
-39 23
-40 23
-40 24
-40 25
-39 25
-39 24
-38 24
-38 25
-37 25
-36 25
-35 25
-35 26
-34 26
-34 27
-35 27
-36 27
-36 26
-37 26
-38 26
-38 27
-37 27
-37 28
-38 28
-38 29
-37 29
-36 29
-36 28
-35 28
-34 28
-33 28
-33 29
-34 29
-35 29
-35 30
-36 30
-36 31
-35 31
-34 31
-33 31
-32 31
-32 30
-32 29
-31 29
-30 29
-29 29
-29 30
-30 30
-31 30
-31 31
-31 32
-30 32
-30 31
-29 31
-29 32
-28 32
-28 33
-27 33
-27 34
-27 35
-28 35
-29 35
-29 36
-29 37
-29 38
-28 38
-28 37
-28 36
-27 36
-26 36
-25 36
-25 35
-26 35
-26 34
-25 34
-25 33
-24 33
-23 33
-23 32
-24 32
-25 32
-26 32
-27 32
-27 31
-26 31
-25 31
-24 31
-24 30
-23 30
-23 29
-23 28
-24 28
-25 28
-25 29
-25 30
-26 30
-26 29
-26 28
-27 28
-27 29
-27 30
-28 30
-28 29
-28 28
-28 27
-27 27
-26 27
-25 27
-24 27
-23 27
-23 26
-22 26
-21 26
-21 27
-22 27
-22 28
-21 28
-21 29
-21 30
-20 30
-20 31
-19 31
-18 31
-18 32
-19 32
-20 32
-21 32
-21 33
-21 34
-20 34
-20 35
-20 36
-19 36
-18 36
-17 36
-16 36
-16 35
-17 35
-18 35
-19 35
-19 34
-18 34
-17 34
-17 33
-16 33
-15 33
-14 33
-14 34
-15 34
-15 35
-14 35
-14 36
-14 37
-13 37
-12 37
-12 36
-13 36
-13 35
-12 35
-12 34
-13 34
-13 33
-13 32
-14 32
-15 32
-15 31
-16 31
-16 32
-17 32
-17 31
-17 30
-18 30
-19 30
-19 29
-20 29
-20 28
-19 28
-18 28
-18 29
-17 29
-16 29
-15 29
-15 30
-14 30
-13 30
-12 30
-11 30
-11 29
-11 28
-11 27
-12 27
-12 28
-13 28
-13 27
-13 26
-12 26
-12 25
-13 25
-13 24
-14 24
-14 25
-14 26
-14 27
-15 27
-16 27
-16 26
-15 26
-15 25
-15 24
-15 23
-15 22
-16 22
-16 23
-16 24
-16 25
-17 25
-17 24
-17 23
-17 22
-18 22
-18 21
-18 20
-17 20
-17 19
-18 19
-19 19
-19 20
-20 20
-20 19
-20 18
-19 18
-18 18
-17 18
-17 17
-16 17
-16 18
-16 19
-16 20
-15 20
-14 20
-13 20
-13 21
-13 22
-13 23
-12 23
-12 24
-11 24
-11 25
-10 25
-10 26
-9 26
-9 27
-9 28
-8 28
-7 28
-7 27
-6 27
-6 28
-5 28
-4 28
-4 29
-4 30
-3 30
-2 30
-1 30
-1 31
-2 31
-3 31
-3 32
-2 32
-1 32
-1 33
0 33
0 34
1 34
1 35
0 35
-1 35
-1 36
-2 36
-2 35
-2 34
-3 34
-4 34
-4 35
-5 35
-5 34
-6 34
-7 34
-7 33
-6 33
-5 33
-5 32
-4 32
-4 31
-5 31
-6 31
-7 31
-7 30
-7 29
-8 29
-9 29
-10 29
-10 30
-10 31
-9 31
-9 30
-8 30
-8 31
-8 32
-8 33
-8 34
-9 34
-9 35
-9 36
-9 37
-8 37
-7 37
-6 37
-5 37
-5 38
-4 38
-4 37
-3 37
-3 38
-2 38
-1 38
-1 39
0 39
1 39
1 40
0 40
-1 40
-1 41
-2 41
-3 41
-4 41
-4 40
-4 39
-5 39
-5 40
-6 40
-6 39
-7 39
-7 40
-8 40
-8 39
-8 38
-9 38
-9 39
-9 40
-9 41
-8 41
-8 42
-7 42
-7 43
-7 44
-6 44
-6 45
-6 46
-5 46
-4 46
-3 46
-2 46
-2 45
-3 45
-3 44
-3 43
-3 42
-2 42
-1 42
-1 43
0 43
0 42
1 42
1 43
1 44
1 45
0 45
-1 45
-1 46
-1 47
-2 47
-2 48
-2 49
-1 49
-1 48
0 48
0 49
0 50
1 50
1 51
1 52
0 52
0 51
-1 51
-1 50
-2 50
-2 51
-2 52
-2 53
-1 53
-1 54
-1 55
-1 56
-2 56
-2 57
-1 57
-1 58
0 58
0 59
1 59
1 58
2 58
2 59
3 59
3 60
3 61
2 61
2 62
1 62
1 63
2 63
2 64
3 64
3 63
3 62
4 62
4 61
4 60
4 59
4 58
5 58
5 57
4 57
4 56
4 55
3 55
2 55
2 56
3 56
3 57
2 57
1 57
0 57
0 56
1 56
1 55
0 55
0 54
0 53
1 53
1 54
2 54
3 54
4 54
4 53
3 53
3 52
3 51
3 50
4 50
4 51
4 52
5 52
5 53
5 54
5 55
5 56
6 56
7 56
8 56
9 56
9 57
9 58
9 59
10 59
10 58
10 57
11 57
12 57
12 58
11 58
11 59
12 59
13 59
13 60
12 60
11 60
11 61
11 62
10 62
10 63
10 64
11 64
11 65
12 65
12 64
12 63
12 62
13 62
14 62
15 62
16 62
16 61
15 61
14 61
14 60
15 60
16 60
17 60
17 59
16 59
16 58
15 58
15 59
14 59
14 58
13 58
13 57
14 57
15 57
16 57
17 57
17 58
18 58
18 59
18 60
18 61
18 62
18 63
18 64
18 65
18 66
17 66
16 66
16 65
16 64
16 63
15 63
14 63
13 63
13 64
13 65
14 65
14 64
15 64
15 65
15 66
14 66
14 67
14 68
14 69
15 69
15 68
15 67
16 67
16 68
17 68
18 68
18 69
17 69
17 70
18 70
19 70
20 70
20 71
20 72
20 73
20 74
20 75
20 76
20 77
20 78
20 79
19 79
18 79
17 79
17 80
16 80
16 79
16 78
15 78
15 79
14 79
14 80
13 80
13 79
13 78
13 77
13 76
12 76
12 75
12 74
11 74
11 75
11 76
10 76
10 75
9 75
9 74
8 74
8 75
7 75
7 74
7 73
6 73
6 74
5 74
4 74
4 73
5 73
5 72
6 72
6 71
6 70
7 70
7 71
7 72
8 72
8 71
8 70
9 70
9 69
10 69
11 69
11 68
12 68
12 67
12 66
11 66
10 66
10 67
9 67
8 67
8 66
8 65
9 65
9 64
9 63
9 62
9 61
10 61
10 60
9 60
8 60
8 59
7 59
7 58
8 58
8 57
7 57
6 57
6 58
6 59
5 59
5 60
6 60
6 61
7 61
7 62
8 62
8 63
8 64
7 64
7 65
7 66
7 67
6 67
5 67
5 68
4 68
4 67
3 67
3 66
2 66
2 67
1 67
0 67
-1 67
-2 67
-2 68
-1 68
-1 69
-2 69
-3 69
-3 68
-4 68
-4 67
-4 66
-4 65
-5 65
-5 66
-6 66
-6 65
-6 64
-6 63
-5 63
-5 62
-6 62
-7 62
-8 62
-8 63
-7 63
-7 64
-7 65
-7 66
-7 67
-7 68
-6 68
-6 67
-5 67
-5 68
-5 69
-4 69
-4 70
-3 70
-3 71
-2 71
-1 71
-1 72
0 72
1 72
2 72
2 71
1 71
1 70
2 70
2 69
1 69
1 68
2 68
3 68
3 69
4 69
4 70
3 70
3 71
4 71
4 72
3 72
3 73
3 74
2 74
1 74
0 74
0 73
-1 73
-1 74
-1 75
-2 75
-2 74
-3 74
-3 75
-4 75
-5 75
-5 76
-6 76
-6 75
-6 74
-7 74
-7 75
-7 76
-8 76
-8 77
-7 77
-6 77
-6 78
-5 78
-5 77
-4 77
-4 76
-3 76
-3 77
-2 77
-2 76
-1 76
-1 77
0 77
1 77
2 77
3 77
3 78
3 79
4 79
4 78
5 78
5 79
6 79
6 78
6 77
5 77
4 77
4 76
3 76
2 76
1 76
0 76
0 75
1 75
2 75
3 75
4 75
5 75
6 75
6 76
7 76
8 76
9 76
9 77
8 77
7 77
7 78
8 78
9 78
9 79
8 79
8 80
8 81
7 81
7 80
6 80
5 80
5 81
6 81
6 82
5 82
5 83
6 83
7 83
7 82
8 82
8 83
8 84
8 85
9 85
10 85
10 86
9 86
8 86
7 86
6 86
5 86
5 87
5 88
4 88
4 87
3 87
3 88
3 89
4 89
4 90
4 91
5 91
5 92
4 92
4 93
5 93
5 94
4 94
4 95
5 95
6 95
6 96
5 96
4 96
3 96
2 96
2 95
3 95
3 94
3 93
3 92
3 91
2 91
1 91
1 90
1 89
1 88
2 88
2 87
1 87
0 87
-1 87
-1 86
-1 85
-1 84
0 84
0 85
1 85
1 84
2 84
2 83
3 83
3 84
4 84
4 83
4 82
4 81
4 80
3 80
3 81
3 82
2 82
2 81
2 80
1 80
1 81
1 82
1 83
0 83
0 82
-1 82
-1 81
-1 80
-1 79
0 79
1 79
2 79
2 78
1 78
0 78
-1 78
-2 78
-2 79
-3 79
-3 80
-2 80
-2 81
-2 82
-2 83
-2 84
-3 84
-3 83
-3 82
-3 81
-4 81
-4 80
-4 79
-5 79
-5 80
-6 80
-6 81
-5 81
-5 82
-6 82
-7 82
-7 81
-7 80
-8 80
-8 79
-9 79
-9 78
-10 78
-10 79
-10 80
-9 80
-9 81
-8 81
-8 82
-9 82
-9 83
-10 83
-10 84
-10 85
-9 85
-8 85
-8 84
-8 83
-7 83
-7 84
-7 85
-6 85
-6 84
-6 83
-5 83
-4 83
-4 84
-4 85
-3 85
-2 85
-2 86
-2 87
-3 87
-4 87
-5 87
-5 88
-6 88
-6 89
-5 89
-5 90
-6 90
-6 91
-5 91
-4 91
-4 90
-4 89
-3 89
-2 89
-2 90
-2 91
-1 91
-1 90
0 90
0 91
0 92
1 92
2 92
2 93
2 94
1 94
1 93
0 93
0 94
0 95
-1 95
-1 96
-2 96
-2 97
-3 97
-3 96
-3 95
-4 95
-4 96
-5 96
-5 95
-5 94
-5 93
-4 93
-4 94
-3 94
-3 93
-2 93
-1 93
-1 92
-2 92
-3 92
-4 92
-5 92
-6 92
-7 92
-7 91
-7 90
-8 90
-8 89
-8 88
-7 88
-7 87
-7 86
-8 86
-8 87
-9 87
-9 88
-10 88
-10 87
-10 86
-11 86
-12 86
-12 87
-11 87
-11 88
-11 89
-11 90
-12 90
-12 91
-11 91
-11 92
-11 93
-12 93
-12 92
-13 92
-13 93
-13 94
-13 95
-12 95
-12 94
-11 94
-11 95
-10 95
-10 94
-9 94
-9 95
-9 96
-8 96
-8 95
-8 94
-8 93
-7 93
-7 94
-6 94
-6 95
-7 95
-7 96
-7 97
-6 97
-6 98
-6 99
-5 99
-5 98
-5 97
-4 97
-4 98
-3 98
-3 99
-3 100
-3 101
-3 102
-3 103
-2 103
-2 102
-2 101
-1 101
-1 102
0 102
1 102
2 102
2 103
1 103
1 104
0 104
-1 104
-2 104
-3 104
-3 105
-4 105
-4 106
-5 106
-5 105
-5 104
-6 104
-6 103
-7 103
-7 102
-8 102
-9 102
-9 101
-8 101
-8 100
-9 100
-10 100
-10 101
-11 101
-11 100
-11 99
-12 99
-13 99
-14 99
-14 100
-14 101
-15 101
-15 100
-16 100
-16 99
-15 99
-15 98
-15 97
-16 97
-16 98
-17 98
-17 97
-18 97
-18 96
-19 96
-19 97
-19 98
-18 98
-18 99
-19 99
-20 99
-20 98
-20 97
-21 97
-22 97
-22 96
-22 95
-21 95
-21 96
-20 96
-20 95
-19 95
-18 95
-17 95
-16 95
-16 94
-17 94
-17 93
-17 92
-18 92
-18 93
-18 94
-19 94
-19 93
-20 93
-20 92
-21 92
-22 92
-22 91
-21 91
-20 91
-19 91
-18 91
-17 91
-16 91
-15 91
-15 92
-16 92
-16 93
-15 93
-15 94
-15 95
-14 95
-14 94
-14 93
-14 92
-14 91
-13 91
-13 90
-14 90
-14 89
-14 88
-13 88
-13 87
-13 86
-13 85
-12 85
-11 85
-11 84
-12 84
-13 84
-14 84
-14 83
-15 83
-16 83
-16 82
-16 81
-17 81
-17 80
-18 80
-18 79
-18 78
-17 78
-17 79
-16 79
-15 79
-15 80
-15 81
-14 81
-14 80
-14 79
-14 78
-14 77
-15 77
-15 78
-16 78
-16 77
-16 76
-17 76
-17 75
-16 75
-15 75
-14 75
-14 74
-15 74
-16 74
-17 74
-17 73
-17 72
-18 72
-18 73
-18 74
-19 74
-20 74
-20 75
-21 75
-21 74
-21 73
-22 73
-22 74
-23 74
-23 73
-24 73
-25 73
-25 74
-24 74
-24 75
-25 75
-25 76
-24 76
-23 76
-22 76
-22 77
-23 77
-23 78
-22 78
-21 78
-21 77
-20 77
-20 78
-20 79
-20 80
-20 81
-21 81
-22 81
-22 82
-21 82
-20 82
-19 82
-19 83
-19 84
-20 84
-20 83
-21 83
-22 83
-22 84
-22 85
-23 85
-23 86
-23 87
-23 88
-23 89
-24 89
-24 90
-23 90
-23 91
-23 92
-23 93
-22 93
-22 94
-23 94
-24 94
-24 93
-25 93
-25 94
-26 94
-27 94
-28 94
-28 95
-28 96
-27 96
-26 96
-25 96
-25 97
-24 97
-24 98
-23 98
-22 98
-21 98
-21 99
-21 100
-22 100
-22 99
-23 99
-24 99
-25 99
-26 99
-26 98
-26 97
-27 97
-28 97
-29 97
-29 96
-30 96
-30 97
-31 97
-31 96
-31 95
-30 95
-30 94
-30 93
-29 93
-28 93
-27 93
-27 92
-28 92
-28 91
-28 90
-29 90
-29 91
-29 92
-30 92
-31 92
-32 92
-32 93
-31 93
-31 94
-32 94
-32 95
-33 95
-33 94
-34 94
-34 95
-35 95
-35 96
-35 97
-35 98
-34 98
-34 97
-33 97
-33 98
-33 99
-32 99
-32 98
-31 98
-31 99
-31 100
-31 101
-30 101
-29 101
-29 100
-30 100
-30 99
-29 99
-28 99
-27 99
-27 100
-26 100
-25 100
-24 100
-24 101
-23 101
-22 101
-21 101
-21 102
-22 102
-23 102
-23 103
-23 104
-22 104
-22 103
-21 103
-20 103
-19 103
-19 104
-20 104
-21 104
-21 105
-22 105
-22 106
-21 106
-21 107
-22 107
-23 107
-24 107
-24 106
-23 106
-23 105
-24 105
-24 104
-24 103
-24 102
-25 102
-25 101
-26 101
-27 101
-28 101
-28 102
-27 102
-26 102
-26 103
-27 103
-28 103
-29 103
-29 104
-28 104
-28 105
-28 106
-27 106
-26 106
-26 105
-26 104
-25 104
-25 105
-25 106
-25 107
-25 108
-24 108
-23 108
-22 108
-21 108
-20 108
-20 107
-20 106
-20 105
-19 105
-18 105
-18 106
-19 106
-19 107
-18 107
-18 108
-18 109
-18 110
-17 110
-17 109
-16 109
-16 110
-15 110
-14 110
-13 110
-13 111
-14 111
-14 112
-13 112
-12 112
-12 111
-12 110
-11 110
-11 111
-10 111
-10 110
-10 109
-11 109
-11 108
-11 107
-12 107
-12 106
-11 106
-11 105
-12 105
-12 104
-11 104
-10 104
-10 105
-10 106
-10 107
-10 108
-9 108
-8 108
-7 108
-7 109
-6 109
-6 108
-6 107
-5 107
-4 107
-4 108
-5 108
-5 109
-4 109
-3 109
-3 110
-2 110
-2 109
-2 108
-1 108
0 108
0 107
1 107
1 106
1 105
2 105
2 106
2 107
2 108
1 108
1 109
0 109
-1 109
-1 110
-1 111
0 111
0 110
1 110
2 110
2 109
3 109
3 108
3 107
3 106
4 106
4 107
4 108
5 108
6 108
6 107
6 106
7 106
7 105
7 104
6 104
5 104
5 105
4 105
3 105
3 104
4 104
4 103
3 103
3 102
3 101
2 101
2 100
3 100
3 99
4 99
5 99
5 100
4 100
4 101
4 102
5 102
5 103
6 103
7 103
8 103
8 104
9 104
9 105
10 105
11 105
11 104
11 103
10 103
9 103
9 102
9 101
9 100
10 100
10 101
10 102
11 102
12 102
13 102
14 102
15 102
15 101
14 101
14 100
13 100
13 101
12 101
11 101
11 100
11 99
10 99
9 99
9 98
8 98
8 99
7 99
7 98
6 98
5 98
4 98
4 97
5 97
6 97
7 97
8 97
8 96
7 96
7 95
8 95
9 95
9 96
10 96
10 95
11 95
11 94
10 94
9 94
9 93
8 93
8 92
7 92
7 91
8 91
9 91
9 92
10 92
10 93
11 93
11 92
11 91
10 91
10 90
11 90
11 89
10 89
10 88
10 87
11 87
12 87
13 87
13 86
13 85
12 85
11 85
11 84
12 84
13 84
13 83
12 83
11 83
11 82
11 81
10 81
10 82
9 82
9 81
9 80
10 80
11 80
11 79
12 79
12 80
12 81
12 82
13 82
13 81
14 81
14 82
14 83
14 84
14 85
14 86
15 86
16 86
16 87
15 87
14 87
14 88
13 88
13 89
12 89
12 90
13 90
13 91
12 91
12 92
12 93
13 93
13 92
14 92
14 91
14 90
14 89
15 89
15 90
15 91
16 91
16 92
17 92
18 92
19 92
19 93
20 93
20 92
21 92
21 93
21 94
20 94
19 94
18 94
18 95
19 95
20 95
21 95
21 96
21 97
20 97
20 98
19 98
18 98
18 99
19 99
19 100
19 101
19 102
19 103
19 104
19 105
19 106
18 106
17 106
16 106
15 106
15 107
16 107
17 107
17 108
17 109
17 110
18 110
18 109
18 108
18 107
19 107
19 108
19 109
19 110
20 110
20 111
21 111
22 111
23 111
23 112
22 112
21 112
20 112
19 112
19 113
20 113
20 114
21 114
21 113
22 113
22 114
23 114
24 114
24 113
24 112
25 112
26 112
26 111
25 111
25 110
25 109
24 109
24 108
23 108
23 109
22 109
22 110
21 110
21 109
20 109
20 108
20 107
21 107
21 106
20 106
20 105
20 104
20 103
20 102
21 102
22 102
22 101
22 100
21 100
21 99
22 99
22 98
22 97
22 96
22 95
23 95
23 94
24 94
24 95
25 95
25 94
26 94
26 95
26 96
26 97
27 97
28 97
28 96
29 96
30 96
30 97
31 97
31 96
32 96
33 96
34 96
34 95
35 95
35 96
35 97
34 97
34 98
35 98
35 99
34 99
34 100
33 100
32 100
32 101
32 102
31 102
31 101
31 100
31 99
32 99
32 98
31 98
30 98
30 99
30 100
30 101
30 102
29 102
28 102
27 102
26 102
25 102
25 103
24 103
24 104
25 104
26 104
26 103
27 103
27 104
27 105
28 105
28 104
28 103
29 103
29 104
30 104
30 103
31 103
31 104
31 105
32 105
32 104
33 104
34 104
34 103
33 103
33 102
34 102
34 101
35 101
35 100
36 100
36 101
36 102
36 103
36 104
36 105
37 105
37 106
36 106
35 106
35 105
34 105
33 105
33 106
32 106
32 107
33 107
33 108
32 108
32 109
31 109
30 109
30 108
29 108
29 109
28 109
27 109
27 110
27 111
28 111
28 110
29 110
30 110
30 111
29 111
29 112
30 112
31 112
31 113
30 113
29 113
28 113
27 113
26 113
25 113
25 114
26 114
26 115
26 116
27 116
27 115
27 114
28 114
29 114
30 114
30 115
29 115
29 116
29 117
29 118
29 119
28 119
28 120
28 121
29 121
29 122
30 122
31 122
31 123
32 123
33 123
33 124
34 124
35 124
36 124
36 125
36 126
36 127
35 127
35 126
34 126
33 126
32 126
31 126
31 127
30 127
30 128
31 128
31 129
32 129
32 128
33 128
34 128
35 128
35 129
36 129
37 129
37 128
37 127
38 127
38 126
38 125
39 125
39 124
40 124
40 123
41 123
41 122
41 121
41 120
42 120
42 121
43 121
44 121
44 122
45 122
46 122
47 122
47 123
48 123
48 122
49 122
49 123
49 124
48 124
47 124
46 124
46 123
45 123
44 123
43 123
42 123
42 124
43 124
44 124
45 124
45 125
45 126
44 126
44 125
43 125
43 126
42 126
42 127
42 128
42 129
43 129
43 128
43 127
44 127
44 128
44 129
45 129
45 130
46 130
46 129
47 129
48 129
48 130
48 131
47 131
47 132
46 132
46 133
47 133
47 134
46 134
46 135
47 135
47 136
46 136
45 136
45 137
44 137
44 136
44 135
43 135
43 136
42 136
41 136
41 137
40 137
40 138
40 139
41 139
42 139
43 139
44 139
44 140
43 140
43 141
44 141
44 142
43 142
42 142
41 142
41 141
42 141
42 140
41 140
40 140
39 140
38 140
38 139
38 138
37 138
37 139
37 140
36 140
36 139
36 138
36 137
36 136
36 135
35 135
35 134
36 134
36 133
35 133
34 133
34 132
35 132
35 131
36 131
36 132
37 132
37 131
38 131
38 130
37 130
36 130
35 130
34 130
33 130
32 130
32 131
32 132
32 133
33 133
33 134
34 134
34 135
33 135
32 135
32 134
31 134
30 134
29 134
29 135
29 136
30 136
31 136
32 136
32 137
31 137
30 137
29 137
28 137
28 138
27 138
27 139
26 139
26 138
25 138
25 139
25 140
24 140
23 140
23 141
24 141
25 141
26 141
26 140
27 140
28 140
28 141
27 141
27 142
28 142
29 142
29 143
28 143
27 143
27 144
26 144
26 143
26 142
25 142
24 142
24 143
25 143
25 144
24 144
23 144
22 144
22 143
23 143
23 142
22 142
21 142
20 142
20 143
21 143
21 144
21 145
22 145
23 145
23 146
22 146
22 147
22 148
22 149
22 150
23 150
23 149
24 149
24 148
24 147
25 147
25 148
26 148
26 147
26 146
25 146
24 146
24 145
25 145
26 145
27 145
28 145
28 146
29 146
29 145
30 145
30 146
30 147
30 148
29 148
29 147
28 147
27 147
27 148
27 149
28 149
28 150
27 150
26 150
26 151
27 151
27 152
27 153
28 153
28 154
29 154
29 153
29 152
28 152
28 151
29 151
29 150
30 150
30 149
31 149
31 148
32 148
32 147
31 147
31 146
31 145
32 145
32 146
33 146
33 145
34 145
35 145
36 145
37 145
37 146
38 146
38 145
38 144
38 143
37 143
36 143
35 143
34 143
34 142
35 142
35 141
36 141
36 142
37 142
37 141
38 141
38 142
39 142
39 141
40 141
40 142
40 143
39 143
39 144
39 145
39 146
40 146
41 146
41 145
40 145
40 144
41 144
41 143
42 143
42 144
42 145
43 145
43 146
43 147
44 147
44 148
43 148
43 149
42 149
41 149
40 149
39 149
38 149
38 148
38 147
37 147
36 147
35 147
35 148
36 148
36 149
36 150
35 150
35 151
34 151
33 151
33 152
32 152
31 152
31 151
30 151
30 152
30 153
31 153
31 154
30 154
30 155
30 156
31 156
31 155
32 155
32 156
33 156
33 155
34 155
35 155
35 154
35 153
36 153
36 154
36 155
36 156
35 156
34 156
34 157
33 157
32 157
31 157
31 158
32 158
32 159
33 159
34 159
34 160
33 160
33 161
33 162
32 162
32 161
32 160
31 160
31 159
30 159
30 160
30 161
29 161
29 162
29 163
28 163
28 162
27 162
27 163
27 164
28 164
29 164
29 165
30 165
31 165
31 166
31 167
31 168
31 169
32 169
32 170
31 170
30 170
30 169
29 169
29 170
28 170
28 169
28 168
28 167
28 166
28 165
27 165
26 165
26 164
26 163
26 162
25 162
25 163
25 164
25 165
25 166
26 166
27 166
27 167
27 168
27 169
27 170
26 170
26 169
25 169
25 168
25 167
24 167
24 168
24 169
24 170
25 170
25 171
24 171
24 172
24 173
23 173
23 172
23 171
22 171
22 170
22 169
21 169
21 170
20 170
19 170
19 171
20 171
21 171
21 172
20 172
20 173
19 173
18 173
17 173
17 172
18 172
18 171
17 171
17 170
18 170
18 169
19 169
19 168
19 167
20 167
20 168
21 168
22 168
22 167
23 167
23 166
24 166
24 165
24 164
23 164
23 163
24 163
24 162
24 161
24 160
25 160
26 160
27 160
27 161
28 161
28 160
28 159
28 158
28 157
29 157
29 156
29 155
28 155
27 155
26 155
26 156
27 156
27 157
27 158
27 159
26 159
25 159
24 159
23 159
22 159
22 158
22 157
23 157
23 156
22 156
21 156
21 157
20 157
20 156
19 156
19 157
18 157
17 157
17 158
18 158
19 158
19 159
18 159
18 160
17 160
17 161
17 162
17 163
17 164
17 165
16 165
16 164
15 164
14 164
14 163
14 162
13 162
13 161
14 161
14 160
15 160
15 161
16 161
16 160
16 159
16 158
16 157
16 156
17 156
17 155
18 155
19 155
19 154
20 154
20 155
21 155
22 155
23 155
24 155
24 156
25 156
25 155
25 154
25 153
26 153
26 152
25 152
25 151
25 150
24 150
24 151
23 151
23 152
24 152
24 153
23 153
22 153
21 153
21 152
22 152
22 151
21 151
20 151
20 152
20 153
19 153
19 152
19 151
19 150
20 150
20 149
21 149
21 148
21 147
21 146
20 146
20 145
20 144
19 144
18 144
17 144
17 145
18 145
19 145
19 146
19 147
20 147
20 148
19 148
18 148
18 147
17 147
17 146
16 146
15 146
15 145
16 145
16 144
15 144
15 143
15 142
15 141
16 141
16 140
17 140
17 141
17 142
16 142
16 143
17 143
18 143
19 143
19 142
18 142
18 141
18 140
19 140
19 141
20 141
21 141
22 141
22 140
22 139
22 138
21 138
21 139
21 140
20 140
20 139
19 139
19 138
18 138
18 139
17 139
16 139
15 139
14 139
14 140
13 140
13 141
14 141
14 142
14 143
14 144
14 145
14 146
13 146
13 145
12 145
12 144
11 144
11 143
12 143
13 143
13 142
12 142
12 141
11 141
11 142
10 142
10 143
10 144
9 144
9 145
8 145
8 144
7 144
7 143
7 142
7 141
6 141
5 141
4 141
4 142
3 142
3 141
3 140
2 140
1 140
1 141
1 142
0 142
0 141
0 140
0 139
1 139
2 139
3 139
4 139
4 140
5 140
6 140
7 140
8 140
8 141
8 142
8 143
9 143
9 142
9 141
9 140
10 140
10 139
10 138
9 138
9 137
8 137
7 137
6 137
5 137
4 137
4 136
4 135
5 135
5 134
4 134
4 133
5 133
5 132
4 132
3 132
3 133
3 134
2 134
2 133
1 133
1 132
1 131
0 131
-1 131
-1 132
-1 133
-1 134
-2 134
-3 134
-4 134
-5 134
-5 135
-4 135
-4 136
-5 136
-5 137
-6 137
-7 137
-7 138
-6 138
-6 139
-5 139
-5 140
-5 141
-4 141
-4 140
-3 140
-3 141
-3 142
-4 142
-5 142
-6 142
-7 142
-7 141
-7 140
-8 140
-9 140
-9 139
-10 139
-10 140
-10 141
-10 142
-11 142
-11 141
-11 140
-11 139
-11 138
-11 137
-10 137
-10 138
-9 138
-9 137
-8 137
-8 136
-9 136
-9 135
-9 134
-10 134
-10 133
-11 133
-12 133
-12 134
-12 135
-11 135
-10 135
-10 136
-11 136
-12 136
-12 137
-12 138
-13 138
-14 138
-14 137
-13 137
-13 136
-13 135
-14 135
-14 136
-15 136
-16 136
-16 135
-15 135
-15 134
-14 134
-14 133
-15 133
-15 132
-14 132
-13 132
-13 131
-14 131
-14 130
-14 129
-14 128
-15 128
-15 129
-15 130
-15 131
-16 131
-17 131
-18 131
-19 131
-19 132
-18 132
-17 132
-16 132
-16 133
-17 133
-18 133
-18 134
-18 135
-19 135
-20 135
-21 135
-22 135
-22 136
-23 136
-23 137
-23 138
-22 138
-22 139
-23 139
-24 139
-24 138
-25 138
-25 137
-25 136
-26 136
-26 137
-26 138
-27 138
-27 137
-28 137
-28 138
-28 139
-28 140
-27 140
-26 140
-26 141
-25 141
-25 142
-26 142
-26 143
-27 143
-27 142
-27 141
-28 141
-29 141
-29 140
-30 140
-31 140
-32 140
-33 140
-34 140
-34 139
-35 139
-36 139
-36 140
-37 140
-37 141
-38 141
-38 140
-39 140
-40 140
-41 140
-42 140
-43 140
-44 140
-44 141
-44 142
-44 143
-45 143
-46 143
-46 144
-46 145
-45 145
-45 146
-46 146
-47 146
-47 145
-47 144
-47 143
-47 142
-47 141
-47 140
-46 140
-46 139
-45 139
-44 139
-43 139
-42 139
-41 139
-41 138
-41 137
-42 137
-42 136
-42 135
-41 135
-40 135
-40 136
-40 137
-39 137
-39 138
-40 138
-40 139
-39 139
-38 139
-37 139
-37 138
-38 138
-38 137
-37 137
-37 136
-38 136
-39 136
-39 135
-39 134
-38 134
-38 135
-37 135
-36 135
-36 134
-37 134
-37 133
-38 133
-39 133
-40 133
-40 132
-40 131
-40 130
-41 130
-41 129
-41 128
-41 127
-41 126
-40 126
-40 125
-39 125
-39 126
-39 127
-40 127
