0 -1
1 -1
2 -1
2 -2
3 -2
3 -3
2 -3
2 -4
3 -4
4 -4
5 -4
5 -5
4 -5
3 -5
3 -6
4 -6
5 -6
5 -7
5 -8
6 -8
6 -9
6 -10
7 -10
7 -9
8 -9
8 -10
9 -10
9 -11
8 -11
7 -11
6 -11
6 -12
5 -12
4 -12
4 -11
5 -11
5 -10
4 -10
3 -10
2 -10
2 -9
2 -8
2 -7
2 -6
1 -6
1 -7
0 -7
0 -8
0 -9
1 -9
1 -10
1 -11
1 -12
2 -12
2 -11
3 -11
3 -12
3 -13
2 -13
1 -13
1 -14
0 -14
0 -15
1 -15
2 -15
2 -14
3 -14
4 -14
4 -13
5 -13
6 -13
6 -14
5 -14
5 -15
6 -15
6 -16
7 -16
7 -15
8 -15
8 -16
8 -17
9 -17
9 -16
9 -15
10 -15
10 -16
11 -16
11 -15
11 -14
11 -13
10 -13
10 -12
10 -11
11 -11
11 -12
12 -12
13 -12
13 -11
14 -11
15 -11
16 -11
16 -12
16 -13
17 -13
17 -12
18 -12
18 -13
18 -14
18 -15
18 -16
18 -17
18 -18
17 -18
17 -17
17 -16
17 -15
17 -14
16 -14
15 -14
15 -13
15 -12
14 -12
14 -13
14 -14
14 -15
13 -15
13 -14
12 -14
12 -15
12 -16
13 -16
14 -16
15 -16
15 -15
16 -15
16 -16
16 -17
15 -17
14 -17
13 -17
12 -17
12 -18
12 -19
11 -19
11 -18
11 -17
10 -17
10 -18
9 -18
9 -19
10 -19
10 -20
9 -20
9 -21
8 -21
8 -22
7 -22
7 -23
7 -24
6 -24
5 -24
5 -23
6 -23
6 -22
5 -22
4 -22
4 -23
3 -23
3 -22
2 -22
2 -23
2 -24
2 -25
2 -26
2 -27
1 -27
1 -28
0 -28
0 -27
0 -26
0 -25
1 -25
1 -24
0 -24
-1 -24
-1 -25
-1 -26
-2 -26
-3 -26
-4 -26
-4 -25
-4 -24
-4 -23
-3 -23
-3 -24
-3 -25
-2 -25
-2 -24
-2 -23
-2 -22
-3 -22
-4 -22
-4 -21
-3 -21
-2 -21
-1 -21
-1 -22
0 -22
1 -22
1 -21
0 -21
0 -20
-1 -20
-2 -20
-3 -20
-3 -19
-4 -19
-4 -20
-5 -20
-5 -21
-5 -22
-5 -23
-5 -24
-6 -24
-6 -23
-6 -22
-7 -22
-7 -21
-6 -21
-6 -20
-6 -19
-5 -19
-5 -18
-5 -17
-5 -16
-6 -16
-6 -17
-6 -18
-7 -18
-7 -19
-7 -20
-8 -20
-8 -19
-9 -19
-9 -20
-10 -20
-10 -19
-11 -19
-11 -20
-11 -21
-12 -21
-12 -22
-12 -23
-13 -23
-13 -22
-13 -21
-13 -20
-12 -20
-12 -19
-12 -18
-12 -17
-11 -17
-11 -18
-10 -18
-9 -18
-9 -17
-10 -17
-10 -16
-11 -16
-12 -16
-13 -16
-14 -16
-14 -17
-14 -18
-13 -18
-13 -19
-14 -19
-14 -20
-14 -21
-15 -21
-16 -21
-16 -20
-17 -20
-18 -20
-18 -19
-18 -18
-19 -18
-19 -19
-19 -20
-19 -21
-19 -22
-20 -22
-20 -23
-20 -24
-20 -25
-19 -25
-19 -24
-18 -24
-18 -25
-17 -25
-17 -24
-17 -23
-18 -23
-18 -22
-17 -22
-16 -22
-15 -22
-14 -22
-14 -23
-14 -24
-14 -25
-15 -25
-15 -24
-15 -23
-16 -23
-16 -24
-16 -25
-16 -26
-17 -26
-17 -27
-18 -27
-18 -26
-19 -26
-19 -27
-19 -28
-18 -28
-17 -28
-16 -28
-16 -29
-16 -30
-17 -30
-17 -29
-18 -29
-19 -29
-20 -29
-20 -30
-19 -30
-18 -30
-18 -31
-17 -31
-16 -31
-16 -32
-16 -33
-17 -33
-17 -32
-18 -32
-18 -33
-19 -33
-19 -32
-20 -32
-20 -31
-21 -31
-22 -31
-23 -31
-23 -32
-24 -32
-24 -31
-25 -31
-26 -31
-27 -31
-28 -31
-28 -30
-27 -30
-27 -29
-27 -28
-28 -28
-28 -27
-28 -26
-27 -26
-27 -25
-28 -25
-29 -25
-30 -25
-31 -25
-31 -26
-30 -26
-29 -26
-29 -27
-30 -27
-30 -28
-30 -29
-30 -30
-30 -31
-30 -32
-29 -32
-28 -32
-27 -32
-27 -33
-27 -34
-27 -35
-26 -35
-25 -35
-25 -34
-24 -34
-24 -35
-23 -35
-23 -34
-23 -33
-22 -33
-22 -32
-21 -32
-21 -33
-20 -33
-20 -34
-20 -35
-19 -35
-19 -34
-18 -34
-17 -34
-16 -34
-16 -35
-17 -35
-18 -35
-18 -36
-19 -36
-19 -37
-18 -37
-18 -38
-17 -38
-17 -37
-17 -36
-16 -36
-16 -37
-16 -38
-15 -38
-15 -39
-14 -39
-14 -38
-13 -38
-13 -37
-12 -37
-12 -38
-11 -38
-10 -38
-10 -37
-11 -37
-11 -36
-10 -36
-9 -36
-8 -36
-8 -35
-7 -35
-7 -36
-7 -37
-8 -37
-9 -37
-9 -38
-9 -39
-8 -39
-8 -40
-9 -40
-9 -41
-10 -41
-10 -40
-11 -40
-11 -41
-11 -42
-11 -43
-12 -43
-12 -42
-13 -42
-13 -41
-12 -41
-12 -40
-12 -39
-13 -39
-13 -40
-14 -40
-14 -41
-14 -42
-14 -43
-14 -44
-15 -44
-15 -43
-15 -42
-15 -41
-15 -40
-16 -40
-17 -40
-17 -39
-18 -39
-18 -40
-19 -40
-19 -41
-19 -42
-18 -42
-18 -41
-17 -41
-16 -41
-16 -42
-16 -43
-16 -44
-17 -44
-18 -44
-18 -43
-19 -43
-20 -43
-20 -42
-20 -41
-20 -40
-21 -40
-21 -39
-21 -38
-21 -37
-20 -37
-20 -36
-21 -36
-21 -35
-21 -34
-22 -34
-22 -35
-22 -36
-22 -37
-22 -38
-23 -38
-24 -38
-24 -37
-23 -37
-23 -36
-24 -36
-25 -36
-26 -36
-26 -37
-26 -38
-25 -38
-25 -39
-25 -40
-26 -40
-26 -41
-26 -42
-25 -42
-25 -41
-24 -41
-24 -42
-23 -42
-23 -43
-24 -43
-25 -43
-26 -43
-27 -43
-27 -44
-26 -44
-25 -44
-24 -44
-24 -45
-23 -45
-22 -45
-21 -45
-21 -46
-22 -46
-23 -46
-24 -46
-25 -46
-26 -46
-26 -45
-27 -45
-28 -45
-28 -46
-27 -46
-27 -47
-26 -47
-26 -48
-25 -48
-25 -49
-26 -49
-27 -49
-27 -50
-27 -51
-27 -52
-27 -53
-28 -53
-28 -52
-28 -51
-28 -50
-29 -50
-29 -51
-30 -51
-30 -50
-30 -49
-29 -49
-29 -48
-29 -47
-29 -46
-30 -46
-30 -45
-30 -44
-31 -44
-31 -43
-32 -43
-33 -43
-33 -42
-32 -42
-32 -41
-32 -40
-33 -40
-33 -41
-34 -41
-34 -40
-35 -40
-36 -40
-36 -39
-37 -39
-37 -40
-38 -40
-38 -41
-38 -42
-37 -42
-36 -42
-36 -41
-35 -41
-35 -42
-34 -42
-34 -43
-35 -43
-36 -43
-36 -44
-36 -45
-37 -45
-37 -46
-36 -46
-36 -47
-35 -47
-35 -46
-34 -46
-34 -45
-33 -45
-32 -45
-32 -46
-32 -47
-33 -47
-34 -47
-34 -48
-34 -49
-35 -49
-35 -48
-36 -48
-37 -48
-37 -49
-37 -50
-36 -50
-35 -50
-34 -50
-34 -51
-34 -52
-34 -53
-35 -53
-35 -52
-35 -51
-36 -51
-36 -52
-37 -52
-37 -51
-38 -51
-39 -51
-40 -51
-40 -52
-40 -53
-40 -54
-40 -55
-39 -55
-38 -55
-38 -54
-39 -54
-39 -53
-39 -52
-38 -52
-38 -53
-37 -53
-37 -54
-36 -54
-35 -54
-35 -55
-36 -55
-37 -55
-37 -56
-38 -56
-39 -56
-40 -56
-41 -56
-42 -56
-42 -57
-43 -57
-44 -57
-44 -56
-43 -56
-43 -55
-44 -55
-45 -55
-45 -56
-46 -56
-46 -55
-46 -54
-46 -53
-47 -53
-47 -54
-47 -55
-47 -56
-47 -57
-47 -58
-48 -58
-48 -57
-49 -57
-49 -58
-50 -58
-51 -58
-51 -57
-50 -57
-50 -56
-50 -55
-49 -55
-49 -54
-50 -54
-50 -53
-51 -53
-51 -52
-51 -51
-50 -51
-50 -52
-49 -52
-48 -52
-47 -52
-46 -52
-45 -52
-45 -53
-45 -54
-44 -54
-44 -53
-44 -52
-43 -52
-43 -51
-42 -51
-41 -51
-41 -50
-42 -50
-43 -50
-44 -50
-44 -49
-43 -49
-42 -49
-41 -49
-40 -49
-39 -49
-39 -50
-38 -50
-38 -49
-38 -48
-38 -47
-39 -47
-39 -48
-40 -48
-40 -47
-41 -47
-41 -48
-42 -48
-43 -48
-44 -48
-44 -47
-45 -47
-46 -47
-46 -48
-45 -48
-45 -49
-46 -49
-47 -49
-47 -50
-46 -50
-45 -50
-45 -51
-46 -51
-47 -51
-48 -51
-48 -50
-49 -50
-50 -50
-51 -50
-52 -50
-52 -49
-51 -49
-51 -48
-51 -47
-50 -47
-50 -46
-49 -46
-49 -45
-50 -45
-51 -45
-51 -46
-52 -46
-53 -46
-54 -46
-55 -46
-56 -46
-56 -47
-55 -47
-55 -48
-55 -49
-55 -50
-55 -51
-55 -52
-55 -53
-54 -53
-54 -52
-54 -51
-54 -50
-53 -50
-53 -51
-52 -51
-52 -52
-52 -53
-52 -54
-51 -54
-51 -55
-51 -56
-52 -56
-52 -55
-53 -55
-53 -56
-54 -56
-55 -56
-56 -56
-56 -57
-57 -57
-57 -56
-58 -56
-59 -56
-59 -55
-58 -55
-58 -54
-57 -54
-57 -55
-56 -55
-55 -55
-54 -55
-54 -54
-55 -54
-56 -54
-56 -53
-56 -52
-56 -51
-56 -50
-56 -49
-57 -49
-58 -49
-58 -50
-57 -50
-57 -51
-57 -52
-58 -52
-58 -51
-59 -51
-59 -50
-59 -49
-60 -49
-61 -49
-62 -49
-62 -50
-61 -50
-60 -50
-60 -51
-61 -51
-61 -52
-60 -52
-60 -53
-59 -53
-59 -54
-60 -54
-60 -55
-61 -55
-61 -56
-62 -56
-63 -56
-63 -57
-63 -58
-63 -59
-62 -59
-61 -59
-61 -58
-60 -58
-60 -57
-59 -57
-58 -57
-58 -58
-59 -58
-59 -59
-58 -59
-57 -59
-57 -58
-56 -58
-55 -58
-55 -57
-54 -57
-54 -58
-54 -59
-55 -59
-56 -59
-56 -60
-57 -60
-57 -61
-57 -62
-57 -63
-56 -63
-56 -64
-57 -64
-57 -65
-58 -65
-58 -64
-59 -64
-59 -63
-60 -63
-60 -64
-60 -65
-59 -65
-59 -66
-60 -66
-60 -67
-59 -67
-59 -68
-58 -68
-58 -69
-57 -69
-57 -68
-57 -67
-56 -67
-56 -66
-55 -66
-55 -67
-55 -68
-55 -69
-54 -69
-54 -68
-53 -68
-53 -67
-54 -67
-54 -66
-53 -66
-52 -66
-52 -67
-52 -68
-51 -68
-51 -69
-52 -69
-53 -69
-53 -70
-54 -70
-55 -70
-55 -71
-56 -71
-56 -70
-57 -70
-58 -70
-58 -71
-59 -71
-59 -72
-58 -72
-58 -73
-59 -73
-60 -73
-60 -74
-61 -74
-61 -73
-61 -72
-60 -72
-60 -71
-61 -71
-62 -71
-63 -71
-64 -71
-65 -71
-65 -70
-65 -69
-64 -69
-64 -70
-63 -70
-62 -70
-61 -70
-60 -70
-59 -70
-59 -69
-60 -69
-61 -69
-62 -69
-62 -68
-62 -67
-63 -67
-63 -66
-63 -65
-64 -65
-64 -66
-65 -66
-65 -65
-66 -65
-66 -66
-67 -66
-67 -67
-67 -68
-67 -69
-66 -69
-66 -70
-66 -71
-66 -72
-66 -73
-67 -73
-67 -72
-67 -71
-67 -70
-68 -70
-68 -69
-69 -69
-69 -70
-70 -70
-70 -69
-70 -68
-69 -68
-68 -68
-68 -67
-68 -66
-68 -65
-67 -65
-67 -64
-66 -64
-66 -63
-66 -62
-66 -61
-67 -61
-67 -60
-67 -59
-67 -58
-66 -58
-66 -57
-66 -56
-65 -56
-65 -57
-65 -58
-65 -59
-66 -59
-66 -60
-65 -60
-64 -60
-64 -59
-64 -58
-64 -57
-64 -56
-64 -55
-64 -54
-64 -53
-65 -53
-65 -54
-66 -54
-66 -53
-66 -52
-67 -52
-67 -51
-68 -51
-68 -50
-67 -50
-66 -50
-66 -49
-65 -49
-64 -49
-64 -50
-64 -51
-65 -51
-65 -52
-64 -52
-63 -52
-63 -53
-62 -53
-62 -52
-62 -51
-63 -51
-63 -50
-63 -49
-63 -48
-62 -48
-61 -48
-61 -47
-61 -46
-62 -46
-63 -46
-64 -46
-65 -46
-65 -45
-64 -45
-63 -45
-63 -44
-63 -43
-62 -43
-62 -44
-62 -45
-61 -45
-60 -45
-60 -46
-59 -46
-59 -45
-58 -45
-57 -45
-56 -45
-55 -45
-54 -45
-53 -45
-52 -45
-52 -44
-53 -44
-53 -43
-52 -43
-52 -42
-51 -42
-51 -43
-51 -44
-50 -44
-50 -43
-50 -42
-49 -42
-49 -41
-50 -41
-51 -41
-51 -40
-52 -40
-52 -39
-52 -38
-51 -38
-51 -39
-50 -39
-50 -40
-49 -40
-49 -39
-49 -38
-50 -38
-50 -37
-49 -37
-49 -36
-48 -36
-47 -36
-47 -35
-47 -34
-47 -33
-48 -33
-48 -32
-47 -32
-46 -32
-46 -33
-46 -34
-45 -34
-45 -35
-44 -35
-44 -34
-44 -33
-45 -33
-45 -32
-44 -32
-43 -32
-43 -33
-43 -34
-42 -34
-41 -34
-41 -35
-40 -35
-39 -35
-39 -36
-39 -37
-40 -37
-40 -38
-40 -39
-41 -39
-41 -38
-42 -38
-42 -39
-43 -39
-44 -39
-44 -40
-43 -40
-42 -40
-42 -41
-43 -41
-44 -41
-45 -41
-45 -42
-44 -42
-43 -42
-43 -43
-43 -44
-44 -44
-45 -44
-45 -43
-46 -43
-46 -42
-46 -41
-47 -41
-47 -42
-47 -43
-48 -43
-48 -44
-48 -45
-48 -46
-48 -47
-48 -48
-47 -48
-47 -47
-47 -46
-47 -45
-47 -44
-46 -44
-46 -45
-46 -46
-45 -46
-45 -45
-44 -45
-44 -46
-43 -46
-43 -47
-42 -47
-42 -46
-41 -46
-40 -46
-39 -46
-38 -46
-38 -45
-38 -44
-39 -44
-39 -45
-40 -45
-40 -44
-41 -44
-41 -45
-42 -45
-42 -44
-42 -43
-42 -42
-41 -42
-41 -41
-40 -41
-39 -41
-39 -40
-39 -39
-38 -39
-38 -38
-37 -38
-36 -38
-35 -38
-35 -39
-34 -39
-34 -38
-33 -38
-33 -39
-32 -39
-32 -38
-32 -37
-31 -37
-31 -36
-32 -36
-32 -35
-31 -35
-30 -35
-30 -36
-30 -37
-30 -38
-30 -39
-31 -39
-31 -40
-30 -40
-30 -41
-29 -41
-29 -42
-30 -42
-30 -43
-29 -43
-29 -44
-28 -44
-28 -43
-28 -42
-28 -41
-28 -40
-27 -40
-27 -39
-27 -38
-27 -37
-27 -36
-28 -36
-28 -37
-28 -38
-29 -38
-29 -37
-29 -36
-29 -35
-28 -35
-28 -34
-28 -33
-29 -33
-30 -33
-30 -34
-31 -34
-31 -33
-32 -33
-32 -32
-33 -32
-33 -33
-33 -34
-33 -35
-33 -36
-33 -37
-34 -37
-34 -36
-35 -36
-35 -37
-36 -37
-36 -36
-37 -36
-38 -36
-38 -35
-37 -35
-36 -35
-35 -35
-34 -35
-34 -34
-34 -33
-35 -33
-36 -33
-36 -34
-37 -34
-38 -34
-39 -34
-39 -33
-38 -33
-37 -33
-37 -32
-37 -31
-37 -30
-37 -29
-37 -28
-37 -27
-37 -26
-36 -26
-35 -26
-34 -26
-33 -26
-33 -27
-32 -27
-32 -26
-32 -25
-32 -24
-31 -24
-31 -23
-32 -23
-33 -23
-34 -23
-34 -22
-34 -21
-34 -20
-33 -20
-33 -19
-32 -19
-32 -18
-33 -18
-34 -18
-34 -17
-33 -17
-33 -16
-32 -16
-31 -16
-30 -16
-29 -16
-29 -15
-28 -15
-27 -15
-26 -15
-26 -16
-27 -16
-27 -17
-26 -17
-25 -17
-25 -18
-26 -18
-27 -18
-28 -18
-28 -17
-29 -17
-29 -18
-29 -19
-30 -19
-31 -19
-31 -20
-32 -20
-32 -21
-33 -21
-33 -22
-32 -22
-31 -22
-30 -22
-30 -21
-29 -21
-29 -22
-28 -22
-28 -23
-27 -23
-27 -22
-27 -21
-28 -21
-28 -20
-27 -20
-27 -19
-26 -19
-25 -19
-24 -19
-24 -20
-24 -21
-25 -21
-25 -22
-26 -22
-26 -23
-26 -24
-25 -24
-24 -24
-24 -25
-23 -25
-23 -24
-22 -24
-22 -25
-21 -25
-21 -24
-21 -23
-21 -22
-21 -21
-20 -21
-20 -20
-21 -20
-22 -20
-23 -20
-23 -19
-22 -19
-21 -19
-20 -19
-20 -18
-20 -17
-21 -17
-21 -18
-22 -18
-22 -17
-23 -17
-23 -16
-22 -16
-21 -16
-21 -15
-22 -15
-22 -14
-21 -14
-21 -13
-20 -13
-20 -14
-19 -14
-19 -15
-20 -15
-20 -16
-19 -16
-18 -16
-17 -16
-17 -15
-18 -15
-18 -14
-18 -13
-19 -13
-19 -12
-20 -12
-21 -12
-21 -11
-21 -10
-20 -10
-20 -9
-21 -9
-21 -8
-20 -8
-19 -8
-19 -9
-19 -10
-18 -10
-17 -10
-16 -10
-16 -9
-16 -8
-15 -8
-15 -7
-16 -7
-16 -6
-17 -6
-17 -7
-17 -8
-17 -9
-18 -9
-18 -8
-18 -7
-19 -7
-19 -6
-19 -5
-19 -4
-20 -4
-21 -4
-22 -4
-23 -4
-24 -4
-25 -4
-26 -4
-26 -5
-27 -5
-27 -4
-27 -3
-27 -2
-28 -2
-28 -1
-28 0
-27 0
-27 1
-28 1
-28 2
-29 2
-29 1
-29 0
-29 -1
-29 -2
-29 -3
-30 -3
-30 -4
-29 -4
-28 -4
-28 -5
-28 -6
-29 -6
-29 -5
-30 -5
-31 -5
-32 -5
-32 -6
-33 -6
-33 -7
-34 -7
-35 -7
-36 -7
-37 -7
-37 -8
-38 -8
-39 -8
-39 -7
-38 -7
-38 -6
-38 -5
-39 -5
-39 -6
-40 -6
-41 -6
-41 -7
-40 -7
-40 -8
-40 -9
-39 -9
-39 -10
-39 -11
-39 -12
-38 -12
-38 -13
-39 -13
-39 -14
-38 -14
-37 -14
-37 -13
-37 -12
-37 -11
-38 -11
-38 -10
-38 -9
-37 -9
-36 -9
-36 -10
-36 -11
-36 -12
-35 -12
-35 -13
-34 -13
-33 -13
-33 -14
-34 -14
-34 -15
-34 -16
-35 -16
-36 -16
-37 -16
-37 -15
-38 -15
-39 -15
-40 -15
-40 -14
-41 -14
-42 -14
-42 -13
-42 -12
-41 -12
-41 -11
-40 -11
-40 -10
-41 -10
-41 -9
-42 -9
-42 -8
-42 -7
-43 -7
-43 -6
-44 -6
-44 -7
-45 -7
-46 -7
-46 -6
-45 -6
-45 -5
-44 -5
-43 -5
-42 -5
-42 -4
-42 -3
-43 -3
-44 -3
-44 -2
-44 -1
-43 -1
-43 0
-44 0
-44 1
-44 2
-44 3
-43 3
-43 2
-42 2
-42 1
-42 0
-41 0
-41 -1
-42 -1
-42 -2
-41 -2
-41 -3
-41 -4
-41 -5
-40 -5
-40 -4
-40 -3
-39 -3
-39 -4
-38 -4
-37 -4
-36 -4
-35 -4
-35 -5
-36 -5
-37 -5
-37 -6
-36 -6
-35 -6
-34 -6
-34 -5
-33 -5
-33 -4
-32 -4
-31 -4
-31 -3
-31 -2
-30 -2
-30 -1
-31 -1
-31 0
-30 0
-30 1
-30 2
-30 3
-30 4
-29 4
-29 5
-30 5
-31 5
-31 4
-31 3
-31 2
-32 2
-32 3
-33 3
-34 3
-34 4
-33 4
-32 4
-32 5
-32 6
-32 7
-31 7
-31 8
-32 8
-33 8
-34 8
-34 9
-33 9
-32 9
-32 10
-32 11
-33 11
-33 10
-34 10
-35 10
-35 9
-36 9
-36 8
-37 8
-38 8
-38 7
-38 6
-38 5
-39 5
-39 6
-40 6
-40 5
-40 4
-41 4
-41 5
-41 6
-42 6
-42 7
-43 7
-43 6
-43 5
-42 5
-42 4
-43 4
-44 4
-45 4
-45 3
-46 3
-46 4
-47 4
-48 4
-49 4
-49 5
-48 5
-47 5
-47 6
-47 7
-47 8
-47 9
-47 10
-47 11
-48 11
-48 10
-49 10
-49 11
-50 11
-50 10
-50 9
-51 9
-52 9
-52 8
-51 8
-51 7
-50 7
-49 7
-49 8
-49 9
-48 9
-48 8
-48 7
-48 6
-49 6
-50 6
-51 6
-52 6
-52 5
-51 5
-50 5
-50 4
-51 4
-52 4
-52 3
-53 3
-53 4
-54 4
-54 5
-55 5
-55 4
-55 3
-54 3
-54 2
-55 2
-56 2
-56 1
-57 1
-58 1
-58 0
-59 0
-59 -1
-59 -2
-60 -2
-60 -1
-61 -1
-61 0
-60 0
-60 1
-61 1
-62 1
-62 0
-62 -1
-62 -2
-61 -2
-61 -3
-61 -4
-62 -4
-62 -5
-63 -5
-63 -4
-63 -3
-63 -2
-63 -1
-63 0
-64 0
-65 0
-66 0
-66 1
-65 1
-65 2
-66 2
-67 2
-68 2
-69 2
-70 2
-71 2
-72 2
-73 2
-74 2
-74 3
-75 3
-76 3
-76 2
-76 1
-76 0
-77 0
-78 0
-78 1
-79 1
-79 0
-80 0
-80 1
-81 1
-81 2
-80 2
-79 2
-79 3
-78 3
-77 3
-77 4
-76 4
-76 5
-77 5
-77 6
-76 6
-76 7
-76 8
-75 8
-75 9
-74 9
-74 10
-73 10
-73 9
-73 8
-74 8
-74 7
-75 7
-75 6
-75 5
-75 4
-74 4
-73 4
-72 4
-72 3
-71 3
-70 3
-69 3
-69 4
-70 4
-70 5
-69 5
-68 5
-67 5
-67 4
-68 4
-68 3
-67 3
-66 3
-65 3
-64 3
-64 4
-65 4
-66 4
-66 5
-66 6
-66 7
-66 8
-66 9
-66 10
-66 11
-67 11
-68 11
-69 11
-69 10
-70 10
-70 11
-71 11
-72 11
-73 11
-74 11
-74 12
-73 12
-73 13
-73 14
-74 14
-74 15
-75 15
-75 16
-74 16
-73 16
-72 16
-72 17
-73 17
-73 18
-74 18
-74 17
-75 17
-75 18
-75 19
-75 20
-74 20
-74 21
-75 21
-75 22
-76 22
-76 23
-77 23
-78 23
-79 23
-79 22
-78 22
-77 22
-77 21
-78 21
-79 21
-80 21
-80 22
-80 23
-80 24
-79 24
-79 25
-79 26
-80 26
-80 27
-80 28
-80 29
-80 30
-80 31
-80 32
-80 33
-79 33
-78 33
-77 33
-76 33
-76 32
-77 32
-77 31
-76 31
-75 31
-74 31
-74 32
-74 33
-73 33
-72 33
-72 34
-72 35
-71 35
-70 35
-70 34
-71 34
-71 33
-71 32
-70 32
-70 33
-69 33
-69 32
-68 32
-68 31
-69 31
-70 31
-71 31
-71 30
-70 30
-70 29
-71 29
-71 28
-70 28
-70 27
-70 26
-70 25
-69 25
-69 26
-69 27
-69 28
-69 29
-69 30
-68 30
-67 30
-67 29
-67 28
-66 28
-66 27
-66 26
-66 25
-66 24
-66 23
-65 23
-65 24
-64 24
-63 24
-63 25
-64 25
-65 25
-65 26
-64 26
-63 26
-63 27
-62 27
-61 27
-60 27
-60 26
-59 26
-58 26
-57 26
-57 25
-58 25
-59 25
-59 24
-58 24
-57 24
-57 23
-57 22
-56 22
-56 21
-55 21
-54 21
-54 20
-54 19
-54 18
-55 18
-55 17
-56 17
-56 16
-56 15
-56 14
-55 14
-55 13
-54 13
-53 13
-52 13
-51 13
-51 14
-51 15
-52 15
-52 14
-53 14
-54 14
-54 15
-53 15
-53 16
-52 16
-52 17
-51 17
-51 18
-52 18
-53 18
-53 19
-53 20
-53 21
-52 21
-51 21
-51 20
-51 19
-50 19
-50 18
-49 18
-49 17
-48 17
-48 16
-47 16
-46 16
-46 17
-45 17
-45 18
-44 18
-44 19
-43 19
-42 19
-42 18
-42 17
-43 17
-44 17
-44 16
-45 16
-45 15
-45 14
-45 13
-46 13
-46 14
-46 15
-47 15
-47 14
-47 13
-47 12
-46 12
-45 12
-45 11
-46 11
-46 10
-45 10
-45 9
-46 9
-46 8
-46 7
-46 6
-46 5
-45 5
-44 5
-44 6
-44 7
-45 7
-45 8
-44 8
-43 8
-42 8
-41 8
-41 7
-40 7
-40 8
-40 9
-39 9
-39 10
-38 10
-38 9
-37 9
-37 10
-36 10
-36 11
-35 11
-34 11
-34 12
-34 13
-33 13
-32 13
-31 13
-30 13
-29 13
-28 13
-27 13
-26 13
-26 12
-27 12
-27 11
-28 11
-28 12
-29 12
-29 11
-30 11
-30 10
-29 10
-28 10
-27 10
-27 9
-28 9
-28 8
-28 7
-27 7
-27 6
-26 6
-25 6
-25 5
-25 4
-25 3
-26 3
-27 3
-27 2
-26 2
-26 1
-26 0
-25 0
-24 0
-23 0
-22 0
-22 -1
-21 -1
-21 -2
-22 -2
-23 -2
-24 -2
-24 -1
-25 -1
-25 -2
-26 -2
-26 -3
-25 -3
-24 -3
-23 -3
-22 -3
-21 -3
-20 -3
-20 -2
-19 -2
-18 -2
-18 -1
-18 0
-19 0
-19 -1
-20 -1
-20 0
-21 0
-21 1
-20 1
-19 1
-18 1
-18 2
-19 2
-20 2
-20 3
-21 3
-21 2
-22 2
-22 3
-23 3
-23 2
-23 1
-24 1
-25 1
-25 2
-24 2
-24 3
-24 4
-23 4
-23 5
-24 5
-24 6
-23 6
-22 6
-22 5
-22 4
-21 4
-21 5
-21 6
-21 7
-22 7
-22 8
-21 8
-20 8
-20 9
-19 9
-19 10
-20 10
-21 10
-21 9
-22 9
-23 9
-23 8
-23 7
-24 7
-25 7
-26 7
-26 8
-25 8
-25 9
-26 9
-26 10
-26 11
-25 11
-25 10
-24 10
-24 11
-23 11
-23 10
-22 10
-22 11
-22 12
-22 13
-21 13
-21 12
-21 11
-20 11
-19 11
-18 11
-18 10
-17 10
-17 11
-17 12
-18 12
-19 12
-20 12
-20 13
-20 14
-21 14
-21 15
-22 15
-23 15
-23 14
-24 14
-24 13
-23 13
-23 12
-24 12
-25 12
-25 13
-25 14
-26 14
-27 14
-28 14
-28 15
-27 15
-26 15
-26 16
-25 16
-25 15
-24 15
-24 16
-24 17
-25 17
-25 18
-24 18
-23 18
-23 17
-22 17
-22 18
-21 18
-21 17
-21 16
-20 16
-20 15
-19 15
-19 16
-19 17
-20 17
-20 18
-20 19
-19 19
-18 19
-17 19
-17 18
-16 18
-16 19
-15 19
-15 18
-15 17
-16 17
-16 16
-16 15
-16 14
-16 13
-15 13
-14 13
-14 12
-15 12
-15 11
-16 11
-16 10
-16 9
-17 9
-18 9
-18 8
-19 8
-19 7
-19 6
-20 6
-20 5
-19 5
-19 4
-19 3
-18 3
-18 4
-17 4
-17 3
-16 3
-16 4
-15 4
-14 4
-13 4
-13 3
-12 3
-12 4
-11 4
-11 3
-10 3
-9 3
-9 2
-9 1
-8 1
-7 1
-7 0
-8 0
-9 0
-9 -1
-8 -1
-8 -2
-9 -2
-9 -3
-10 -3
-10 -4
-10 -5
-11 -5
-11 -4
-11 -3
-11 -2
-10 -2
-10 -1
-10 0
-10 1
-10 2
-11 2
-11 1
-11 0
-11 -1
-12 -1
-12 0
-13 0
-13 -1
-13 -2
-13 -3
-12 -3
-12 -4
-13 -4
-13 -5
-13 -6
-14 -6
-14 -7
-13 -7
-13 -8
-12 -8
-11 -8
-11 -7
-11 -6
-10 -6
-10 -7
-10 -8
-9 -8
-8 -8
-7 -8
-7 -9
-7 -10
-6 -10
-6 -9
-6 -8
-5 -8
-5 -9
-5 -10
-4 -10
-3 -10
-2 -10
-2 -9
-3 -9
-3 -8
-4 -8
-4 -7
-3 -7
-2 -7
-1 -7
-1 -8
-1 -9
-1 -10
0 -10
0 -11
0 -12
0 -13
-1 -13
-1 -12
-1 -11
-2 -11
-3 -11
-4 -11
-5 -11
-5 -12
-5 -13
-6 -13
-6 -12
-7 -12
-7 -13
-7 -14
-8 -14
-8 -13
-8 -12
-9 -12
-10 -12
-10 -11
-9 -11
-9 -10
-9 -9
-8 -9
-8 -10
-8 -11
-7 -11
-6 -11
