0 1
0 2
-1 2
-1 1
-2 1
-3 1
-3 2
-4 2
-4 1
-5 1
-5 0
-4 0
-4 -1
-4 -2
-4 -3
-4 -4
-4 -5
-5 -5
-5 -6
-4 -6
-3 -6
-3 -5
-3 -4
-3 -3
-3 -2
-2 -2
-2 -3
-2 -4
-2 -5
-2 -6
-2 -7
-1 -7
-1 -8
0 -8
0 -9
-1 -9
-2 -9
-2 -10
-1 -10
-1 -11
-2 -11
-3 -11
-3 -12
-3 -13
-4 -13
-4 -12
-4 -11
-4 -10
-4 -9
-4 -8
-3 -8
-3 -7
-4 -7
-5 -7
-5 -8
-6 -8
-6 -7
-7 -7
-8 -7
-8 -6
-7 -6
-6 -6
-6 -5
-6 -4
-6 -3
-5 -3
-5 -2
-5 -1
-6 -1
-7 -1
-8 -1
-8 -2
-7 -2
-7 -3
-8 -3
-8 -4
-8 -5
-9 -5
-9 -4
-10 -4
-10 -3
-9 -3
-9 -2
-10 -2
-11 -2
-11 -1
-12 -1
-12 -2
-12 -3
-12 -4
-11 -4
-11 -5
-12 -5
-13 -5
-14 -5
-14 -6
-14 -7
-13 -7
-13 -8
-13 -9
-13 -10
-14 -10
-15 -10
-15 -9
-14 -9
-14 -8
-15 -8
-16 -8
-16 -9
-16 -10
-17 -10
-17 -11
-16 -11
-16 -12
-17 -12
-18 -12
-18 -13
-19 -13
-19 -12
-19 -11
-20 -11
-20 -12
-20 -13
-20 -14
-19 -14
-18 -14
-17 -14
-17 -13
-16 -13
-15 -13
-15 -12
-15 -11
-14 -11
-13 -11
-12 -11
-12 -12
-13 -12
-13 -13
-12 -13
-12 -14
-11 -14
-10 -14
-10 -13
-10 -12
-11 -12
-11 -11
-10 -11
-9 -11
-9 -12
-8 -12
-8 -13
-8 -14
-8 -15
-8 -16
-9 -16
-10 -16
-10 -15
-11 -15
-12 -15
-12 -16
-13 -16
-14 -16
-14 -17
-15 -17
-16 -17
-17 -17
-18 -17
-19 -17
-20 -17
-20 -16
-20 -15
-21 -15
-21 -16
-21 -17
-22 -17
-22 -16
-23 -16
-23 -17
-23 -18
-22 -18
-21 -18
-21 -19
-20 -19
-20 -20
-21 -20
-22 -20
-23 -20
-23 -21
-22 -21
-22 -22
-22 -23
-22 -24
-21 -24
-21 -23
-21 -22
-21 -21
-20 -21
-20 -22
-20 -23
-19 -23
-18 -23
-18 -22
-19 -22
-19 -21
-18 -21
-18 -20
-19 -20
-19 -19
-18 -19
-17 -19
-17 -20
-17 -21
-16 -21
-16 -22
-17 -22
-17 -23
-16 -23
-15 -23
-14 -23
-13 -23
-12 -23
-11 -23
-11 -22
-11 -21
-10 -21
-9 -21
-8 -21
-7 -21
-6 -21
-5 -21
-4 -21
-3 -21
-2 -21
-2 -20
-2 -19
-1 -19
-1 -18
-1 -17
0 -17
1 -17
1 -16
0 -16
-1 -16
-2 -16
-2 -17
-2 -18
-3 -18
-3 -17
-4 -17
-5 -17
-5 -16
-5 -15
-6 -15
-6 -16
-7 -16
-7 -15
-7 -14
-6 -14
-5 -14
-4 -14
-3 -14
-2 -14
-1 -14
-1 -13
-1 -12
0 -12
0 -13
1 -13
1 -14
0 -14
0 -15
1 -15
2 -15
2 -14
2 -13
2 -12
1 -12
1 -11
0 -11
0 -10
1 -10
2 -10
2 -9
1 -9
1 -8
1 -7
2 -7
3 -7
4 -7
4 -8
3 -8
3 -9
3 -10
3 -11
4 -11
4 -10
4 -9
5 -9
5 -8
6 -8
6 -7
7 -7
7 -8
8 -8
8 -9
7 -9
6 -9
6 -10
5 -10
5 -11
6 -11
7 -11
7 -10
8 -10
8 -11
9 -11
9 -12
8 -12
7 -12
6 -12
5 -12
4 -12
4 -13
3 -13
3 -14
4 -14
5 -14
5 -15
4 -15
3 -15
3 -16
4 -16
4 -17
4 -18
3 -18
3 -17
2 -17
2 -18
1 -18
0 -18
0 -19
1 -19
1 -20
2 -20
2 -19
3 -19
3 -20
3 -21
2 -21
1 -21
0 -21
0 -20
-1 -20
-1 -21
-1 -22
-2 -22
-3 -22
-3 -23
-3 -24
-2 -24
-2 -25
-3 -25
-4 -25
-4 -24
-4 -23
-4 -22
-5 -22
-5 -23
-5 -24
-5 -25
-6 -25
-7 -25
-7 -26
-8 -26
-9 -26
-9 -27
-10 -27
-10 -26
-10 -25
-11 -25
-12 -25
-12 -24
-13 -24
-14 -24
-15 -24
-16 -24
-16 -25
-16 -26
-17 -26
-17 -25
-17 -24
-18 -24
-19 -24
-19 -25
-20 -25
-20 -26
-21 -26
-22 -26
-23 -26
-23 -27
-24 -27
-24 -26
-25 -26
-25 -25
-25 -24
-24 -24
-24 -25
-23 -25
-23 -24
-23 -23
-24 -23
-25 -23
-26 -23
-26 -24
-26 -25
-26 -26
-27 -26
-27 -27
-28 -27
-28 -26
-29 -26
-29 -27
-30 -27
-30 -28
-30 -29
-29 -29
-28 -29
-28 -28
-27 -28
-26 -28
-26 -27
-25 -27
-25 -28
-25 -29
-26 -29
-26 -30
-26 -31
-27 -31
-28 -31
-29 -31
-30 -31
-30 -32
-29 -32
-28 -32
-27 -32
-26 -32
-26 -33
-25 -33
-25 -32
-24 -32
-24 -31
-23 -31
-23 -32
-23 -33
-24 -33
-24 -34
-25 -34
-26 -34
-27 -34
-27 -33
-28 -33
-29 -33
-29 -34
-29 -35
-30 -35
-30 -36
-31 -36
-32 -36
-32 -35
-33 -35
-34 -35
-34 -36
-35 -36
-36 -36
-36 -37
-35 -37
-35 -38
-35 -39
-36 -39
-37 -39
-37 -40
-38 -40
-39 -40
-39 -41
-38 -41
-38 -42
-39 -42
-40 -42
-40 -41
-41 -41
-41 -42
-41 -43
-40 -43
-40 -44
-39 -44
-38 -44
-38 -45
-38 -46
-37 -46
-36 -46
-35 -46
-35 -45
-35 -44
-35 -43
-34 -43
-34 -44
-34 -45
-34 -46
-34 -47
-33 -47
-33 -48
-32 -48
-32 -47
-31 -47
-31 -48
-31 -49
-30 -49
-29 -49
-29 -50
-30 -50
-31 -50
-32 -50
-32 -49
-33 -49
-33 -50
-33 -51
-32 -51
-31 -51
-31 -52
-30 -52
-30 -51
-29 -51
-29 -52
-28 -52
-27 -52
-27 -53
-27 -54
-27 -55
-26 -55
-26 -56
-26 -57
-26 -58
-26 -59
-26 -60
-25 -60
-25 -59
-24 -59
-24 -60
-23 -60
-22 -60
-22 -61
-23 -61
-24 -61
-24 -62
-24 -63
-23 -63
-23 -64
-24 -64
-24 -65
-23 -65
-23 -66
-23 -67
-23 -68
-24 -68
-24 -67
-24 -66
-25 -66
-26 -66
-26 -67
-25 -67
-25 -68
-26 -68
-26 -69
-26 -70
-25 -70
-25 -69
-24 -69
-24 -70
-23 -70
-22 -70
-22 -69
-22 -68
-22 -67
-22 -66
-21 -66
-21 -67
-21 -68
-20 -68
-20 -67
-19 -67
-19 -66
-18 -66
-18 -67
-17 -67
-17 -66
-17 -65
-16 -65
-16 -66
-15 -66
-15 -67
-15 -68
-16 -68
-16 -69
-16 -70
-17 -70
-17 -69
-17 -68
-18 -68
-19 -68
-19 -69
-18 -69
-18 -70
-19 -70
-19 -71
-19 -72
-18 -72
-18 -71
-17 -71
-17 -72
-17 -73
-18 -73
-18 -74
-17 -74
-16 -74
-16 -73
-15 -73
-14 -73
-13 -73
-13 -72
-14 -72
-15 -72
-16 -72
-16 -71
-15 -71
-14 -71
-13 -71
-13 -70
-14 -70
-15 -70
-15 -69
-14 -69
-13 -69
-12 -69
-12 -68
-11 -68
-11 -67
-12 -67
-13 -67
-13 -68
-14 -68
-14 -67
-14 -66
-13 -66
-13 -65
-14 -65
-14 -64
-13 -64
-13 -63
-14 -63
-15 -63
-15 -62
-15 -61
-14 -61
-13 -61
-13 -62
-12 -62
-12 -61
-12 -60
-11 -60
-11 -61
-11 -62
-10 -62
-10 -61
-9 -61
-9 -62
-8 -62
-8 -61
-8 -60
-9 -60
-9 -59
-10 -59
-11 -59
-11 -58
-10 -58
-9 -58
-8 -58
-7 -58
-7 -59
-7 -60
-7 -61
-6 -61
-6 -62
-6 -63
-6 -64
-5 -64
-5 -63
-5 -62
-4 -62
-3 -62
-3 -61
-4 -61
-5 -61
-5 -60
-6 -60
-6 -59
-5 -59
-4 -59
-4 -60
-3 -60
-3 -59
-3 -58
-4 -58
-4 -57
-5 -57
-5 -58
-6 -58
-6 -57
-7 -57
-8 -57
-9 -57
-9 -56
-9 -55
-8 -55
-8 -56
-7 -56
-6 -56
-6 -55
-6 -54
-5 -54
-5 -53
-5 -52
-5 -51
-5 -50
-6 -50
-6 -49
-5 -49
-5 -48
-6 -48
-6 -47
-5 -47
-4 -47
-4 -46
-4 -45
-4 -44
-5 -44
-6 -44
-6 -45
-7 -45
-7 -44
-7 -43
-8 -43
-8 -42
-8 -41
-8 -40
-8 -39
-8 -38
-9 -38
-9 -39
-9 -40
-9 -41
-9 -42
-9 -43
-9 -44
-9 -45
-10 -45
-10 -44
-11 -44
-11 -43
-12 -43
-13 -43
-13 -42
-12 -42
-11 -42
-10 -42
-10 -41
-11 -41
-11 -40
-10 -40
-10 -39
-10 -38
-10 -37
-11 -37
-11 -38
-11 -39
-12 -39
-12 -38
-13 -38
-13 -37
-12 -37
-12 -36
-11 -36
-10 -36
-10 -35
-11 -35
-12 -35
-12 -34
-13 -34
-14 -34
-14 -33
-15 -33
-15 -32
-14 -32
-14 -31
-14 -30
-13 -30
-12 -30
-11 -30
-10 -30
-10 -31
-11 -31
-11 -32
-11 -33
-10 -33
-10 -32
-9 -32
-8 -32
-8 -33
-8 -34
-8 -35
-9 -35
-9 -36
-9 -37
-8 -37
-8 -36
-7 -36
-7 -37
-6 -37
-6 -36
-5 -36
-5 -37
-5 -38
-4 -38
-4 -39
-3 -39
-3 -40
-2 -40
-2 -39
-2 -38
-3 -38
-3 -37
-4 -37
-4 -36
-3 -36
-3 -35
-4 -35
-4 -34
-4 -33
-4 -32
-5 -32
-5 -33
-6 -33
-6 -34
-7 -34
-7 -33
-7 -32
-6 -32
-6 -31
-5 -31
-4 -31
-4 -30
-4 -29
-3 -29
-2 -29
-2 -30
-1 -30
-1 -29
-1 -28
-1 -27
-2 -27
-2 -28
-3 -28
-4 -28
-4 -27
-5 -27
-6 -27
-6 -26
-5 -26
-4 -26
-3 -26
-2 -26
-1 -26
0 -26
0 -27
1 -27
1 -26
1 -25
2 -25
3 -25
3 -24
4 -24
5 -24
5 -23
4 -23
3 -23
3 -22
4 -22
5 -22
6 -22
6 -21
6 -20
5 -20
5 -21
4 -21
4 -20
4 -19
5 -19
6 -19
7 -19
8 -19
9 -19
9 -18
8 -18
7 -18
7 -17
6 -17
5 -17
5 -16
6 -16
6 -15
6 -14
6 -13
7 -13
8 -13
9 -13
9 -14
8 -14
7 -14
7 -15
8 -15
9 -15
9 -16
9 -17
10 -17
10 -18
10 -19
11 -19
11 -20
10 -20
9 -20
9 -21
10 -21
10 -22
10 -23
10 -24
10 -25
9 -25
9 -24
8 -24
7 -24
6 -24
6 -25
6 -26
7 -26
7 -25
8 -25
8 -26
8 -27
7 -27
6 -27
6 -28
6 -29
7 -29
7 -30
8 -30
8 -29
9 -29
9 -30
10 -30
11 -30
11 -31
11 -32
10 -32
10 -31
9 -31
8 -31
8 -32
9 -32
9 -33
9 -34
9 -35
8 -35
7 -35
7 -34
7 -33
7 -32
6 -32
6 -33
6 -34
6 -35
5 -35
5 -36
4 -36
4 -35
4 -34
4 -33
3 -33
3 -34
2 -34
2 -33
2 -32
3 -32
4 -32
5 -32
5 -31
6 -31
6 -30
5 -30
4 -30
4 -31
3 -31
2 -31
2 -30
3 -30
3 -29
4 -29
5 -29
5 -28
5 -27
5 -26
5 -25
4 -25
4 -26
3 -26
2 -26
2 -27
3 -27
4 -27
4 -28
3 -28
2 -28
1 -28
1 -29
1 -30
1 -31
1 -32
0 -32
0 -33
0 -34
-1 -34
-1 -33
-1 -32
-2 -32
-3 -32
-3 -33
-2 -33
-2 -34
-2 -35
-2 -36
-2 -37
-1 -37
0 -37
0 -38
-1 -38
-1 -39
-1 -40
0 -40
0 -41
-1 -41
-1 -42
-2 -42
-2 -43
-1 -43
0 -43
0 -42
1 -42
1 -43
2 -43
2 -42
2 -41
1 -41
1 -40
2 -40
3 -40
3 -41
4 -41
5 -41
6 -41
6 -42
5 -42
4 -42
4 -43
4 -44
5 -44
5 -43
6 -43
6 -44
6 -45
7 -45
7 -46
6 -46
5 -46
5 -47
4 -47
3 -47
2 -47
1 -47
0 -47
0 -46
-1 -46
-1 -45
0 -45
1 -45
1 -44
0 -44
-1 -44
-2 -44
-3 -44
-3 -45
-2 -45
-2 -46
-3 -46
-3 -47
-2 -47
-2 -48
-3 -48
-3 -49
-2 -49
-2 -50
-3 -50
-3 -51
-3 -52
-2 -52
-2 -53
-3 -53
-4 -53
-4 -54
-3 -54
-2 -54
-1 -54
-1 -53
-1 -52
-1 -51
-1 -50
-1 -49
-1 -48
0 -48
0 -49
0 -50
1 -50
1 -51
1 -52
0 -52
0 -53
0 -54
1 -54
1 -53
2 -53
2 -54
3 -54
3 -55
3 -56
2 -56
2 -57
1 -57
1 -56
1 -55
0 -55
-1 -55
-1 -56
-2 -56
-2 -55
-3 -55
-4 -55
-5 -55
-5 -56
-4 -56
-3 -56
-3 -57
-2 -57
-1 -57
0 -57
0 -58
0 -59
-1 -59
-1 -58
-2 -58
-2 -59
-2 -60
-1 -60
0 -60
1 -60
2 -60
2 -61
2 -62
3 -62
4 -62
4 -61
5 -61
6 -61
6 -60
7 -60
8 -60
8 -61
7 -61
7 -62
8 -62
8 -63
7 -63
6 -63
6 -62
5 -62
5 -63
4 -63
4 -64
5 -64
5 -65
4 -65
4 -66
5 -66
6 -66
6 -65
7 -65
7 -64
8 -64
8 -65
8 -66
7 -66
7 -67
6 -67
5 -67
4 -67
3 -67
3 -68
4 -68
4 -69
3 -69
3 -70
3 -71
2 -71
2 -70
2 -69
1 -69
0 -69
0 -68
1 -68
2 -68
2 -67
2 -66
2 -65
3 -65
3 -64
3 -63
2 -63
1 -63
1 -62
1 -61
0 -61
0 -62
-1 -62
-2 -62
-2 -63
-3 -63
-4 -63
-4 -64
-3 -64
-3 -65
-4 -65
-5 -65
-5 -66
-6 -66
-6 -65
-7 -65
-7 -66
-8 -66
-9 -66
-9 -67
-9 -68
-9 -69
-9 -70
-9 -71
-10 -71
-10 -70
-10 -69
-11 -69
-11 -70
-12 -70
-12 -71
-11 -71
-11 -72
-10 -72
-9 -72
-9 -73
-8 -73
-8 -74
-7 -74
-7 -73
-6 -73
-5 -73
-5 -72
-4 -72
-3 -72
-3 -71
-2 -71
-1 -71
0 -71
1 -71
1 -72
0 -72
0 -73
0 -74
1 -74
1 -75
2 -75
2 -74
3 -74
4 -74
4 -73
3 -73
3 -72
4 -72
5 -72
6 -72
7 -72
7 -71
6 -71
6 -70
6 -69
5 -69
5 -68
6 -68
7 -68
8 -68
8 -67
9 -67
9 -68
10 -68
11 -68
12 -68
13 -68
13 -67
13 -66
13 -65
14 -65
15 -65
16 -65
16 -66
17 -66
17 -65
18 -65
18 -64
18 -63
17 -63
17 -64
16 -64
15 -64
14 -64
13 -64
12 -64
11 -64
11 -65
11 -66
12 -66
12 -67
11 -67
10 -67
10 -66
10 -65
10 -64
9 -64
9 -63
9 -62
9 -61
10 -61
10 -62
10 -63
11 -63
11 -62
12 -62
12 -63
13 -63
14 -63
14 -62
15 -62
15 -63
16 -63
16 -62
17 -62
17 -61
16 -61
16 -60
16 -59
16 -58
17 -58
17 -59
18 -59
19 -59
19 -58
20 -58
21 -58
21 -59
20 -59
20 -60
19 -60
18 -60
18 -61
18 -62
19 -62
19 -63
20 -63
21 -63
21 -62
20 -62
20 -61
21 -61
21 -60
22 -60
23 -60
23 -61
24 -61
25 -61
25 -60
24 -60
24 -59
23 -59
23 -58
23 -57
24 -57
24 -58
25 -58
26 -58
26 -57
25 -57
25 -56
26 -56
26 -55
25 -55
24 -55
24 -56
23 -56
23 -55
23 -54
22 -54
22 -55
21 -55
21 -56
22 -56
22 -57
21 -57
20 -57
20 -56
20 -55
20 -54
21 -54
21 -53
22 -53
22 -52
21 -52
21 -51
20 -51
20 -50
21 -50
21 -49
20 -49
20 -48
20 -47
21 -47
21 -48
22 -48
22 -49
23 -49
24 -49
25 -49
25 -48
26 -48
26 -47
25 -47
24 -47
24 -48
23 -48
23 -47
23 -46
24 -46
25 -46
25 -45
25 -44
24 -44
24 -45
23 -45
23 -44
23 -43
24 -43
25 -43
26 -43
26 -44
26 -45
26 -46
27 -46
28 -46
28 -45
27 -45
27 -44
28 -44
29 -44
29 -43
29 -42
29 -41
29 -40
30 -40
31 -40
31 -39
32 -39
32 -40
32 -41
32 -42
31 -42
31 -41
30 -41
30 -42
30 -43
31 -43
31 -44
32 -44
32 -43
33 -43
33 -44
33 -45
32 -45
32 -46
33 -46
34 -46
34 -47
33 -47
33 -48
32 -48
32 -47
31 -47
31 -48
31 -49
32 -49
33 -49
34 -49
34 -50
33 -50
32 -50
31 -50
31 -51
32 -51
33 -51
34 -51
35 -51
35 -50
36 -50
36 -51
36 -52
36 -53
36 -54
36 -55
37 -55
37 -54
38 -54
39 -54
39 -55
40 -55
40 -56
41 -56
41 -55
41 -54
41 -53
42 -53
42 -54
43 -54
43 -53
43 -52
43 -51
43 -50
44 -50
44 -51
44 -52
44 -53
44 -54
44 -55
45 -55
45 -54
46 -54
47 -54
47 -55
46 -55
46 -56
45 -56
44 -56
43 -56
43 -57
43 -58
43 -59
44 -59
45 -59
45 -58
44 -58
44 -57
45 -57
46 -57
47 -57
47 -58
46 -58
46 -59
46 -60
47 -60
48 -60
49 -60
50 -60
50 -59
51 -59
51 -60
51 -61
52 -61
52 -60
53 -60
54 -60
54 -61
54 -62
55 -62
55 -61
56 -61
57 -61
57 -62
56 -62
56 -63
55 -63
54 -63
54 -64
53 -64
53 -63
53 -62
52 -62
52 -63
52 -64
51 -64
51 -63
51 -62
50 -62
50 -61
49 -61
48 -61
48 -62
47 -62
47 -63
47 -64
46 -64
46 -63
46 -62
45 -62
45 -61
45 -60
44 -60
43 -60
42 -60
42 -59
42 -58
41 -58
41 -57
40 -57
40 -58
39 -58
39 -57
39 -56
38 -56
38 -57
38 -58
38 -59
37 -59
37 -58
36 -58
36 -59
36 -60
36 -61
37 -61
37 -60
38 -60
39 -60
39 -61
39 -62
40 -62
40 -61
41 -61
41 -62
42 -62
42 -63
41 -63
41 -64
40 -64
40 -63
39 -63
38 -63
38 -62
37 -62
36 -62
35 -62
35 -61
35 -60
35 -59
35 -58
35 -57
34 -57
33 -57
32 -57
32 -58
32 -59
31 -59
31 -60
32 -60
33 -60
33 -59
33 -58
34 -58
34 -59
34 -60
34 -61
34 -62
34 -63
34 -64
34 -65
33 -65
32 -65
32 -66
33 -66
33 -67
32 -67
31 -67
31 -66
30 -66
30 -67
30 -68
29 -68
29 -67
29 -66
29 -65
28 -65
28 -66
28 -67
27 -67
26 -67
26 -66
27 -66
27 -65
26 -65
25 -65
25 -66
25 -67
25 -68
25 -69
24 -69
24 -68
24 -67
24 -66
24 -65
23 -65
23 -66
22 -66
21 -66
21 -67
21 -68
20 -68
20 -67
19 -67
19 -68
18 -68
18 -67
17 -67
16 -67
15 -67
15 -66
14 -66
14 -67
14 -68
14 -69
13 -69
12 -69
12 -70
13 -70
14 -70
15 -70
15 -69
15 -68
16 -68
16 -69
16 -70
17 -70
18 -70
19 -70
19 -69
20 -69
20 -70
21 -70
21 -69
22 -69
23 -69
23 -70
22 -70
22 -71
23 -71
24 -71
24 -70
25 -70
26 -70
26 -69
27 -69
27 -68
28 -68
28 -69
29 -69
29 -70
28 -70
27 -70
27 -71
28 -71
28 -72
28 -73
27 -73
26 -73
26 -74
25 -74
24 -74
24 -73
23 -73
22 -73
22 -72
21 -72
20 -72
19 -72
19 -73
20 -73
21 -73
21 -74
21 -75
22 -75
22 -74
23 -74
23 -75
24 -75
25 -75
25 -76
24 -76
23 -76
22 -76
21 -76
21 -77
22 -77
22 -78
21 -78
20 -78
19 -78
18 -78
18 -77
17 -77
17 -78
16 -78
16 -77
16 -76
17 -76
17 -75
16 -75
16 -74
15 -74
15 -75
15 -76
15 -77
14 -77
14 -76
14 -75
14 -74
13 -74
13 -73
13 -72
14 -72
14 -73
15 -73
15 -72
15 -71
14 -71
13 -71
12 -71
11 -71
11 -72
12 -72
12 -73
12 -74
12 -75
11 -75
11 -74
11 -73
10 -73
9 -73
9 -74
10 -74
10 -75
9 -75
9 -76
10 -76
11 -76
11 -77
11 -78
11 -79
12 -79
12 -78
12 -77
12 -76
13 -76
13 -77
13 -78
14 -78
15 -78
15 -79
14 -79
13 -79
13 -80
14 -80
15 -80
15 -81
14 -81
13 -81
12 -81
12 -82
12 -83
13 -83
13 -84
13 -85
13 -86
12 -86
12 -87
13 -87
13 -88
13 -89
13 -90
13 -91
12 -91
12 -90
11 -90
11 -91
11 -92
10 -92
10 -93
10 -94
11 -94
11 -95
10 -95
9 -95
8 -95
7 -95
7 -96
6 -96
6 -95
6 -94
6 -93
7 -93
7 -92
6 -92
5 -92
4 -92
4 -93
5 -93
5 -94
5 -95
5 -96
4 -96
4 -95
4 -94
3 -94
2 -94
2 -93
2 -92
3 -92
3 -91
3 -90
2 -90
1 -90
1 -89
2 -89
3 -89
3 -88
2 -88
2 -87
1 -87
0 -87
-1 -87
-1 -86
-2 -86
-3 -86
-4 -86
-5 -86
-6 -86
-7 -86
-7 -85
-7 -84
-8 -84
-8 -83
-8 -82
-8 -81
-7 -81
-7 -80
-6 -80
-5 -80
-5 -79
-4 -79
-4 -78
-4 -77
-4 -76
-5 -76
-5 -75
-5 -74
-6 -74
-6 -75
-7 -75
-7 -76
-7 -77
-6 -77
-5 -77
-5 -78
-6 -78
-6 -79
-7 -79
-7 -78
-8 -78
-8 -79
-8 -80
-9 -80
-10 -80
-11 -80
-11 -79
-11 -78
-11 -77
-12 -77
-12 -78
-13 -78
-14 -78
-14 -77
-13 -77
-13 -76
-14 -76
-14 -75
-14 -74
-15 -74
-15 -75
-16 -75
-17 -75
-18 -75
-18 -76
-19 -76
-19 -75
-19 -74
-19 -73
-20 -73
-20 -72
-21 -72
-21 -71
-22 -71
-23 -71
-24 -71
-24 -72
-24 -73
-25 -73
-26 -73
-26 -72
-27 -72
-28 -72
-28 -73
-27 -73
-27 -74
-26 -74
-26 -75
-26 -76
-26 -77
-25 -77
-25 -78
-24 -78
-23 -78
-22 -78
-21 -78
-21 -77
-21 -76
-22 -76
-22 -77
-23 -77
-23 -76
-23 -75
-23 -74
-23 -73
-23 -72
-22 -72
-22 -73
-22 -74
-22 -75
-21 -75
-20 -75
-20 -76
-20 -77
-19 -77
-18 -77
-18 -78
-19 -78
-19 -79
-18 -79
-18 -80
-19 -80
-20 -80
-20 -79
-21 -79
-21 -80
-22 -80
-22 -79
-23 -79
-23 -80
-24 -80
-24 -81
-25 -81
-25 -80
-26 -80
-26 -81
-26 -82
-26 -83
-26 -84
-26 -85
-26 -86
-26 -87
-26 -88
-27 -88
-27 -87
-28 -87
-28 -88
-28 -89
-27 -89
-26 -89
-25 -89
-24 -89
-24 -90
-24 -91
-25 -91
-25 -90
-26 -90
-27 -90
-28 -90
-28 -91
-27 -91
-27 -92
-28 -92
-29 -92
-29 -91
-29 -90
-29 -89
-29 -88
-30 -88
-30 -87
-31 -87
-32 -87
-33 -87
-33 -88
-32 -88
-31 -88
-31 -89
-31 -90
-30 -90
-30 -91
-31 -91
-32 -91
-32 -92
-32 -93
-33 -93
-33 -92
-34 -92
-35 -92
-35 -93
-36 -93
-36 -92
-37 -92
-37 -93
-37 -94
-36 -94
-35 -94
-34 -94
-33 -94
-33 -95
-33 -96
-34 -96
-35 -96
-35 -97
-34 -97
-34 -98
-34 -99
-35 -99
-35 -98
-36 -98
-36 -99
-36 -100
-35 -100
-34 -100
-34 -101
-33 -101
-33 -100
-32 -100
-32 -99
-33 -99
-33 -98
-33 -97
-32 -97
-32 -96
-31 -96
-30 -96
-30 -97
-30 -98
-29 -98
-29 -97
-28 -97
-27 -97
-27 -96
-28 -96
-29 -96
-29 -95
-30 -95
-30 -94
-30 -93
-29 -93
-28 -93
-27 -93
-26 -93
-25 -93
-25 -92
-24 -92
-23 -92
-22 -92
-22 -91
-23 -91
-23 -90
-22 -90
-21 -90
-21 -89
-20 -89
-20 -90
-20 -91
-20 -92
-20 -93
-19 -93
-19 -94
-19 -95
-18 -95
-18 -94
-18 -93
-18 -92
-17 -92
-17 -93
-17 -94
-16 -94
-15 -94
-14 -94
-13 -94
-12 -94
-12 -93
-13 -93
-14 -93
-15 -93
-16 -93
-16 -92
-15 -92
-15 -91
-16 -91
-17 -91
-17 -90
-17 -89
-16 -89
-16 -90
-15 -90
-15 -89
-14 -89
-14 -88
-13 -88
-12 -88
-12 -89
-13 -89
-13 -90
-14 -90
-14 -91
-14 -92
-13 -92
-12 -92
-12 -91
-12 -90
-11 -90
-11 -89
-11 -88
-10 -88
-10 -87
-10 -86
-9 -86
-9 -87
-8 -87
-8 -88
-9 -88
-9 -89
-9 -90
-8 -90
-8 -89
-7 -89
-7 -88
-7 -87
-6 -87
-6 -88
-6 -89
-5 -89
-5 -90
-5 -91
-4 -91
-3 -91
-3 -90
-3 -89
-3 -88
-4 -88
-4 -87
-3 -87
-2 -87
-2 -88
-2 -89
-2 -90
-2 -91
-1 -91
0 -91
0 -92
-1 -92
-2 -92
-3 -92
-3 -93
-3 -94
-3 -95
-4 -95
-5 -95
-5 -94
-4 -94
-4 -93
-4 -92
-5 -92
-5 -93
-6 -93
-6 -92
-6 -91
-6 -90
-7 -90
-7 -91
-8 -91
-9 -91
-9 -92
-10 -92
-11 -92
-11 -93
-10 -93
-9 -93
-8 -93
-7 -93
-7 -94
-6 -94
-6 -95
-7 -95
-8 -95
-8 -96
-8 -97
-9 -97
-10 -97
-10 -96
-9 -96
-9 -95
-10 -95
-11 -95
-11 -96
-12 -96
-12 -97
-11 -97
-11 -98
-10 -98
-9 -98
-8 -98
-7 -98
-6 -98
-6 -99
-5 -99
-5 -98
-4 -98
-4 -99
-3 -99
-3 -100
-3 -101
-3 -102
-4 -102
-4 -101
-4 -100
-5 -100
-5 -101
-5 -102
-6 -102
-7 -102
-7 -101
-6 -101
-6 -100
-7 -100
-7 -99
-8 -99
-8 -100
-9 -100
-9 -99
-10 -99
-11 -99
-12 -99
-12 -98
-13 -98
-13 -99
-14 -99
-15 -99
-16 -99
-16 -100
-17 -100
-18 -100
-18 -99
-19 -99
-19 -100
-20 -100
-20 -101
-20 -102
-19 -102
-19 -101
-18 -101
-17 -101
-16 -101
-15 -101
-15 -100
-14 -100
-14 -101
-14 -102
-13 -102
-12 -102
-12 -103
-13 -103
-13 -104
-14 -104
-14 -103
-15 -103
-15 -102
-16 -102
-17 -102
-18 -102
-18 -103
-17 -103
-17 -104
-16 -104
-15 -104
-15 -105
-14 -105
-14 -106
-15 -106
-16 -106
-16 -105
-17 -105
-18 -105
-18 -104
-19 -104
-19 -103
-20 -103
-21 -103
-21 -104
-20 -104
-20 -105
-21 -105
-21 -106
-20 -106
-20 -107
-20 -108
-20 -109
-19 -109
-19 -110
-19 -111
-20 -111
-21 -111
-21 -110
-21 -109
-22 -109
-22 -110
-23 -110
-23 -109
-24 -109
-24 -108
-23 -108
-22 -108
-22 -107
-22 -106
-23 -106
-23 -105
-22 -105
-22 -104
-22 -103
-22 -102
-22 -101
-23 -101
-23 -102
-24 -102
-25 -102
-25 -101
-26 -101
-26 -100
-26 -99
-26 -98
-27 -98
-28 -98
-28 -99
-27 -99
-27 -100
