-1 0
-1 1
-1 2
0 2
0 3
-1 3
-1 4
-1 5
0 5
0 4
1 4
2 4
2 5
1 5
1 6
2 6
3 6
3 5
4 5
4 4
4 3
5 3
5 4
5 5
5 6
4 6
4 7
4 8
3 8
3 7
2 7
1 7
0 7
0 8
1 8
2 8
2 9
3 9
3 10
2 10
1 10
0 10
0 11
1 11
2 11
3 11
4 11
5 11
5 12
4 12
3 12
2 12
1 12
1 13
2 13
3 13
3 14
3 15
4 15
4 14
4 13
5 13
6 13
6 12
7 12
7 13
7 14
7 15
6 15
6 16
7 16
8 16
8 15
9 15
10 15
10 16
9 16
9 17
10 17
11 17
11 16
11 15
12 15
12 16
13 16
13 17
14 17
14 18
14 19
13 19
13 18
12 18
12 19
11 19
11 18
10 18
10 19
10 20
10 21
10 22
11 22
11 21
12 21
13 21
14 21
15 21
15 20
15 19
16 19
16 20
17 20
17 21
16 21
16 22
17 22
17 23
16 23
15 23
15 22
14 22
13 22
12 22
12 23
13 23
14 23
14 24
13 24
12 24
12 25
12 26
13 26
13 27
14 27
14 26
14 25
15 25
15 24
16 24
16 25
16 26
17 26
18 26
18 25
17 25
17 24
18 24
19 24
20 24
21 24
22 24
22 25
23 25
24 25
24 24
25 24
26 24
27 24
28 24
28 23
28 22
29 22
29 23
30 23
30 22
31 22
31 21
32 21
32 22
32 23
33 23
33 22
34 22
35 22
36 22
37 22
38 22
38 21
37 21
36 21
36 20
37 20
38 20
38 19
38 18
38 17
38 16
39 16
40 16
41 16
41 15
40 15
39 15
38 15
37 15
37 14
37 13
38 13
38 12
39 12
39 11
38 11
37 11
37 12
36 12
36 11
35 11
34 11
34 12
33 12
33 13
33 14
34 14
35 14
36 14
36 15
36 16
35 16
35 15
34 15
33 15
32 15
31 15
30 15
30 16
31 16
32 16
32 17
32 18
33 18
33 19
33 20
32 20
32 19
31 19
31 18
31 17
30 17
30 18
30 19
29 19
28 19
28 18
29 18
29 17
29 16
29 15
28 15
27 15
27 16
28 16
28 17
27 17
27 18
27 19
26 19
25 19
24 19
24 18
23 18
23 17
24 17
25 17
25 18
26 18
26 17
26 16
25 16
24 16
23 16
22 16
22 17
21 17
21 16
20 16
19 16
18 16
18 17
19 17
20 17
20 18
21 18
21 19
21 20
21 21
21 22
22 22
22 23
21 23
20 23
19 23
18 23
18 22
18 21
18 20
18 19
17 19
17 18
16 18
16 17
17 17
17 16
16 16
15 16
15 15
15 14
16 14
17 14
17 15
18 15
18 14
19 14
19 15
20 15
21 15
22 15
23 15
23 14
23 13
22 13
22 14
21 14
21 13
20 13
19 13
19 12
20 12
21 12
21 11
20 11
20 10
19 10
18 10
17 10
17 11
18 11
18 12
18 13
17 13
16 13
15 13
14 13
14 12
14 11
15 11
15 10
14 10
13 10
12 10
12 11
13 11
13 12
13 13
12 13
11 13
11 12
11 11
10 11
10 12
10 13
9 13
9 14
8 14
8 13
8 12
9 12
9 11
9 10
10 10
11 10
11 9
12 9
12 8
13 8
13 9
14 9
15 9
16 9
16 8
17 8
17 7
16 7
15 7
15 8
14 8
14 7
14 6
13 6
13 7
12 7
12 6
12 5
11 5
11 4
12 4
13 4
13 3
12 3
11 3
11 2
10 2
10 3
9 3
9 2
9 1
10 1
11 1
12 1
12 2
13 2
13 1
13 0
12 0
11 0
10 0
9 0
9 -1
8 -1
8 0
7 0
7 -1
7 -2
8 -2
8 -3
7 -3
6 -3
5 -3
4 -3
3 -3
2 -3
1 -3
0 -3
0 -2
1 -2
2 -2
3 -2
3 -1
4 -1
4 -2
5 -2
5 -1
5 0
4 0
3 0
3 1
4 1
5 1
5 2
4 2
3 2
2 2
2 3
1 3
1 2
1 1
1 0
2 0
2 -1
1 -1
0 -1
-1 -1
-1 -2
-2 -2
-2 -3
-1 -3
-1 -4
-2 -4
-3 -4
-4 -4
-5 -4
-5 -5
-6 -5
-7 -5
-7 -4
-6 -4
-6 -3
-5 -3
-4 -3
-3 -3
-3 -2
-4 -2
-5 -2
-5 -1
-5 0
-6 0
-6 1
-5 1
-4 1
-4 2
-3 2
-3 1
-3 0
-4 0
-4 -1
-3 -1
-2 -1
-2 0
-2 1
-2 2
-2 3
-3 3
-4 3
-5 3
-5 2
-6 2
-7 2
-7 1
-7 0
-8 0
-8 1
-9 1
-9 2
-8 2
-8 3
-9 3
-9 4
-8 4
-8 5
-9 5
-10 5
-10 4
-10 3
-10 2
-11 2
-11 1
-11 0
-10 0
-10 -1
-9 -1
-8 -1
-7 -1
-6 -1
-6 -2
-7 -2
-8 -2
-8 -3
-9 -3
-9 -2
-10 -2
-10 -3
-11 -3
-11 -4
-12 -4
-12 -5
-11 -5
-10 -5
-9 -5
-8 -5
-8 -6
-7 -6
-7 -7
-6 -7
-6 -6
-5 -6
-4 -6
-4 -5
-3 -5
-2 -5
-1 -5
0 -5
0 -4
1 -4
1 -5
1 -6
2 -6
2 -7
2 -8
1 -8
1 -7
0 -7
-1 -7
-2 -7
-2 -6
-3 -6
-3 -7
-4 -7
-5 -7
-5 -8
-4 -8
-3 -8
-3 -9
-3 -10
-2 -10
-1 -10
0 -10
0 -11
-1 -11
-2 -11
-3 -11
-4 -11
-4 -10
-5 -10
-5 -11
-5 -12
-4 -12
-4 -13
-5 -13
-5 -14
-5 -15
-4 -15
-3 -15
-3 -16
-3 -17
-4 -17
-4 -16
-5 -16
-5 -17
-5 -18
-6 -18
-6 -17
-6 -16
-7 -16
-7 -17
-7 -18
-7 -19
-6 -19
-5 -19
-4 -19
-4 -18
-3 -18
-3 -19
-2 -19
-2 -20
-3 -20
-3 -21
-3 -22
-2 -22
-2 -23
-2 -24
-2 -25
-2 -26
-2 -27
-1 -27
-1 -28
-2 -28
-2 -29
-1 -29
0 -29
1 -29
2 -29
3 -29
4 -29
4 -30
3 -30
2 -30
1 -30
0 -30
0 -31
0 -32
-1 -32
-2 -32
-2 -33
-3 -33
-3 -32
-4 -32
-4 -33
-4 -34
-5 -34
-5 -33
-6 -33
-6 -34
-6 -35
-5 -35
-5 -36
-5 -37
-4 -37
-4 -38
-5 -38
-6 -38
-6 -37
-7 -37
-8 -37
-8 -38
-8 -39
-9 -39
-9 -40
-10 -40
-10 -39
-10 -38
-10 -37
-9 -37
-9 -36
-9 -35
-10 -35
-10 -36
-11 -36
-11 -35
-12 -35
-13 -35
-13 -36
-14 -36
-14 -35
-14 -34
-14 -33
-13 -33
-13 -34
-12 -34
-11 -34
-11 -33
-12 -33
-12 -32
-12 -31
-11 -31
-11 -30
-11 -29
-10 -29
-10 -28
-9 -28
-9 -29
-9 -30
-10 -30
-10 -31
-9 -31
-9 -32
-9 -33
-9 -34
-8 -34
-8 -35
-8 -36
-7 -36
-7 -35
-7 -34
-7 -33
-8 -33
-8 -32
-8 -31
-8 -30
-8 -29
-7 -29
-6 -29
-5 -29
-4 -29
-3 -29
-3 -28
-3 -27
-4 -27
-4 -28
-5 -28
-6 -28
-6 -27
-6 -26
-6 -25
-7 -25
-7 -26
-7 -27
-8 -27
-9 -27
-10 -27
-11 -27
-12 -27
-13 -27
-14 -27
-14 -26
-13 -26
-12 -26
-11 -26
-10 -26
-9 -26
-9 -25
-10 -25
-10 -24
-9 -24
-8 -24
-7 -24
-6 -24
-6 -23
-7 -23
-8 -23
-8 -22
-8 -21
-7 -21
-7 -20
-8 -20
-9 -20
-9 -19
-8 -19
-8 -18
-9 -18
-9 -17
-10 -17
-10 -16
-10 -15
-11 -15
-12 -15
-12 -16
-13 -16
-13 -17
-13 -18
-13 -19
-14 -19
-14 -20
-13 -20
-12 -20
-12 -19
-11 -19
-11 -20
-10 -20
-10 -21
-9 -21
-9 -22
-10 -22
-10 -23
-11 -23
-11 -22
-11 -21
-12 -21
-13 -21
-13 -22
-12 -22
-12 -23
-12 -24
-11 -24
-11 -25
-12 -25
-13 -25
-14 -25
-14 -24
-15 -24
-15 -25
-15 -26
-15 -27
-16 -27
-16 -26
-16 -25
-17 -25
-17 -24
-17 -23
-18 -23
-18 -22
-17 -22
-17 -21
-18 -21
-18 -20
-17 -20
-16 -20
-15 -20
-15 -19
-15 -18
-14 -18
-14 -17
-14 -16
-14 -15
-13 -15
-13 -14
-12 -14
-12 -13
-13 -13
-14 -13
-15 -13
-15 -14
-15 -15
-15 -16
-16 -16
-17 -16
-18 -16
-18 -15
-17 -15
-16 -15
-16 -14
-16 -13
-17 -13
-18 -13
-19 -13
-20 -13
-21 -13
-21 -14
-21 -15
-22 -15
-23 -15
-23 -14
-22 -14
-22 -13
-23 -13
-24 -13
-24 -14
-25 -14
-25 -13
-25 -12
-25 -11
-24 -11
-23 -11
-23 -12
-22 -12
-21 -12
-20 -12
-20 -11
-19 -11
-19 -12
-18 -12
-18 -11
-18 -10
-19 -10
-20 -10
-21 -10
-21 -11
-22 -11
-22 -10
-23 -10
-23 -9
-24 -9
-25 -9
-26 -9
-26 -8
-25 -8
-24 -8
-23 -8
-22 -8
-21 -8
-21 -9
-20 -9
-19 -9
-19 -8
-20 -8
-20 -7
-20 -6
-20 -5
-21 -5
-21 -6
-21 -7
-22 -7
-23 -7
-24 -7
-24 -6
-24 -5
-23 -5
-22 -5
-22 -4
-22 -3
-23 -3
-24 -3
-24 -4
-25 -4
-25 -5
-25 -6
-25 -7
-26 -7
-26 -6
-26 -5
-26 -4
-26 -3
-25 -3
-25 -2
-24 -2
-23 -2
-22 -2
-22 -1
-22 0
-22 1
-23 1
-24 1
-24 2
-23 2
-22 2
-22 3
-23 3
-24 3
-25 3
-25 4
-26 4
-27 4
-27 5
-26 5
-25 5
-24 5
-23 5
-22 5
-22 6
-21 6
-21 7
-22 7
-23 7
-23 6
-24 6
-24 7
-25 7
-26 7
-26 8
-26 9
-27 9
-28 9
-29 9
-29 10
-28 10
-27 10
-26 10
-25 10
-25 11
-26 11
-26 12
-25 12
-24 12
-24 13
-24 14
-23 14
-23 13
-22 13
-21 13
-21 14
-21 15
-20 15
-20 14
-19 14
-18 14
-18 15
-19 15
-19 16
-20 16
-21 16
-22 16
-23 16
-23 17
-22 17
-22 18
-23 18
-24 18
-25 18
-25 17
-24 17
-24 16
-25 16
-26 16
-26 17
-27 17
-27 16
-28 16
-29 16
-30 16
-30 17
-31 17
-31 16
-31 15
-30 15
-29 15
-29 14
-29 13
-28 13
-28 14
-27 14
-27 13
-27 12
-27 11
-28 11
-28 12
-29 12
-29 11
-30 11
-31 11
-31 10
-32 10
-32 11
-33 11
-34 11
-35 11
-36 11
-37 11
-37 10
-36 10
-36 9
-37 9
-37 8
-38 8
-38 7
-37 7
-37 6
-38 6
-38 5
-38 4
-39 4
-39 3
-40 3
-40 4
-40 5
-39 5
-39 6
-40 6
-41 6
-41 7
-40 7
-40 8
-41 8
-41 9
-42 9
-43 9
-43 8
-43 7
-44 7
-44 8
-44 9
-45 9
-45 8
-45 7
-45 6
-46 6
-46 7
-47 7
-47 8
-46 8
-46 9
-46 10
-46 11
-45 11
-45 10
-44 10
-44 11
-43 11
-42 11
-42 12
-41 12
-41 13
-41 14
-41 15
-41 16
-41 17
-42 17
-42 18
-43 18
-44 18
-44 19
-43 19
-42 19
-41 19
-41 20
-42 20
-42 21
-41 21
-41 22
-42 22
-43 22
-43 23
-42 23
-41 23
-40 23
-39 23
-39 22
-39 21
-40 21
-40 20
-39 20
-39 19
-39 18
-39 17
-39 16
-40 16
-40 15
-39 15
-39 14
-40 14
-40 13
-40 12
-40 11
-41 11
-41 10
-40 10
-39 10
-39 9
-38 9
-38 10
-38 11
-39 11
-39 12
-38 12
-37 12
-36 12
-35 12
-34 12
-33 12
-32 12
-31 12
-30 12
-30 13
-30 14
-31 14
-31 13
-32 13
-33 13
-33 14
-32 14
-32 15
-33 15
-34 15
-34 14
-34 13
-35 13
-35 14
-35 15
-36 15
-36 14
-36 13
-37 13
-37 14
-38 14
-38 15
-38 16
-37 16
-36 16
-35 16
-35 17
-36 17
-36 18
-36 19
-37 19
-37 18
-37 17
-38 17
-38 18
-38 19
-38 20
-37 20
-37 21
-38 21
-38 22
-38 23
-38 24
-38 25
-38 26
-39 26
-39 27
-40 27
-40 26
-40 25
-39 25
-39 24
-40 24
-41 24
-42 24
-43 24
-43 25
-44 25
-44 24
-45 24
-46 24
-47 24
-48 24
-48 23
-48 22
-48 21
-47 21
-46 21
-46 22
-47 22
-47 23
-46 23
-45 23
-44 23
-44 22
-45 22
-45 21
-45 20
-45 19
-46 19
-46 20
-47 20
-47 19
-47 18
-46 18
-45 18
-45 17
-45 16
-44 16
-44 17
-43 17
-43 16
-43 15
-42 15
-42 14
-42 13
-43 13
-43 12
-44 12
-44 13
-44 14
-44 15
-45 15
-45 14
-45 13
-46 13
-46 14
-46 15
-47 15
-47 16
-47 17
-48 17
-48 18
-49 18
-49 19
-50 19
-50 18
-50 17
-49 17
-49 16
-48 16
-48 15
-48 14
-47 14
-47 13
-47 12
-47 11
-47 10
-47 9
-48 9
-48 8
-49 8
-49 9
-50 9
-50 8
-51 8
-52 8
-53 8
-53 9
-52 9
-51 9
-51 10
-50 10
-50 11
-50 12
-49 12
-49 11
-49 10
-48 10
-48 11
-48 12
-48 13
-49 13
-50 13
-51 13
-51 14
-51 15
-50 15
-50 16
-51 16
-51 17
-52 17
-52 18
-51 18
-51 19
-52 19
-52 20
-53 20
-53 19
-54 19
-54 20
-54 21
-53 21
-52 21
-52 22
-53 22
-54 22
-54 23
-54 24
-53 24
-53 23
-52 23
-51 23
-51 22
-51 21
-50 21
-50 22
-50 23
-49 23
-49 24
-49 25
-49 26
-50 26
-50 25
-50 24
-51 24
-52 24
-52 25
-53 25
-53 26
-52 26
-52 27
-53 27
-53 28
-52 28
-52 29
-53 29
-54 29
-54 28
-54 27
-54 26
-54 25
-55 25
-55 24
-55 23
-55 22
-55 21
-55 20
-55 19
-55 18
-54 18
-53 18
-53 17
-53 16
-52 16
-52 15
-52 14
-53 14
-53 13
-54 13
-54 14
-54 15
-54 16
-54 17
-55 17
-55 16
-55 15
-55 14
-55 13
-56 13
-56 14
-57 14
-57 13
-58 13
-58 14
-59 14
-59 15
-58 15
-58 16
-57 16
-56 16
-56 17
-56 18
-57 18
-57 17
-58 17
-58 18
-59 18
-59 17
-59 16
-60 16
-60 17
-60 18
-60 19
-61 19
-62 19
-63 19
-63 20
-62 20
-62 21
-62 22
-61 22
-60 22
-60 23
-59 23
-58 23
-58 22
-59 22
-59 21
-60 21
-61 21
-61 20
-60 20
-59 20
-58 20
-58 21
-57 21
-57 20
-57 19
-56 19
-56 20
-56 21
-56 22
-56 23
-56 24
-56 25
-57 25
-58 25
-58 24
-59 24
-59 25
-59 26
-58 26
-57 26
-56 26
-55 26
-55 27
-55 28
-56 28
-56 29
-57 29
-57 28
-57 27
-58 27
-59 27
-60 27
-61 27
-61 26
-60 26
-60 25
-60 24
-61 24
-61 25
-62 25
-62 26
-63 26
-63 25
-63 24
-64 24
-64 25
-65 25
-65 26
-64 26
-64 27
-65 27
-65 28
-66 28
-66 29
-65 29
-65 30
-66 30
-67 30
-67 29
-67 28
-67 27
-66 27
-66 26
-67 26
-68 26
-68 25
-67 25
-67 24
-68 24
-69 24
-69 25
-69 26
-70 26
-71 26
-71 25
-70 25
-70 24
-70 23
-70 22
-71 22
-71 21
-70 21
-69 21
-69 20
-70 20
-70 19
-69 19
-69 18
-70 18
-70 17
-69 17
-68 17
-68 16
-68 15
-68 14
-68 13
-69 13
-70 13
-70 14
-70 15
-70 16
-71 16
-71 15
-71 14
-71 13
-71 12
-70 12
-69 12
-68 12
-68 11
-68 10
-69 10
-69 11
-70 11
-71 11
-71 10
-70 10
-70 9
-70 8
-71 8
-72 8
-72 9
-72 10
-72 11
-73 11
-73 10
-73 9
-74 9
-74 10
-75 10
-76 10
-76 11
-76 12
-76 13
-76 14
-77 14
-77 15
-76 15
-76 16
-75 16
-75 17
-75 18
-74 18
-74 17
-73 17
-73 16
-72 16
-72 17
-72 18
-72 19
-71 19
-71 20
-72 20
-72 21
-72 22
-72 23
-71 23
-71 24
-72 24
-72 25
-72 26
-72 27
-72 28
-72 29
-73 29
-73 28
-73 27
-73 26
-73 25
-74 25
-74 26
-74 27
-74 28
-74 29
-75 29
-75 30
-75 31
-74 31
-73 31
-73 30
-72 30
-71 30
-71 31
-72 31
-72 32
-73 32
-74 32
-75 32
-76 32
-77 32
-77 31
-77 30
-78 30
-78 29
-79 29
-79 30
-80 30
-80 29
-80 28
-81 28
-81 27
-80 27
-79 27
-79 28
-78 28
-77 28
-76 28
-75 28
-75 27
-75 26
-75 25
-75 24
-76 24
-76 25
-76 26
-77 26
-78 26
-79 26
-79 25
-79 24
-78 24
-78 25
-77 25
-77 24
-77 23
-76 23
-75 23
-75 22
-76 22
-76 21
-77 21
-78 21
-79 21
-80 21
-80 22
-81 22
-81 23
-82 23
-83 23
-84 23
-85 23
-86 23
-87 23
-87 22
-86 22
-85 22
-85 21
-86 21
-87 21
-88 21
-88 22
-89 22
-90 22
-90 23
-89 23
-88 23
-88 24
-89 24
-90 24
-91 24
-91 25
-90 25
-89 25
-88 25
-88 26
-89 26
-89 27
-88 27
-88 28
-89 28
-90 28
-90 29
-91 29
-91 30
-90 30
-90 31
-89 31
-88 31
-87 31
-87 30
-88 30
-89 30
-89 29
-88 29
-87 29
-87 28
-86 28
-85 28
-84 28
-84 27
-85 27
-86 27
-86 26
-86 25
-85 25
-85 26
-84 26
-83 26
-83 27
-82 27
-82 28
-83 28
-83 29
-84 29
-85 29
-85 30
-86 30
-86 31
-85 31
-85 32
-86 32
-86 33
-85 33
-85 34
-85 35
-84 35
-84 36
-85 36
-86 36
-86 35
-87 35
-88 35
-88 34
-89 34
-89 35
-89 36
-88 36
-87 36
-87 37
-87 38
-88 38
-88 39
-88 40
-88 41
-88 42
-89 42
-90 42
-90 43
-89 43
-89 44
-89 45
-90 45
-90 44
-91 44
-91 45
-91 46
-91 47
-90 47
-89 47
-89 48
-89 49
-90 49
-90 48
-91 48
-91 49
-91 50
-91 51
-91 52
-92 52
-92 53
-91 53
-91 54
-90 54
-90 53
-90 52
-89 52
-89 51
-88 51
-88 52
-88 53
-87 53
-86 53
-86 54
-85 54
-85 55
-85 56
-85 57
-84 57
-83 57
-83 56
-84 56
-84 55
-84 54
-84 53
-85 53
-85 52
-86 52
-86 51
-86 50
-85 50
-85 51
-84 51
-84 50
-83 50
-83 51
-82 51
-82 50
-82 49
-83 49
-84 49
-85 49
-86 49
-86 48
-86 47
-87 47
-87 48
-88 48
-88 47
-88 46
-87 46
-87 45
-88 45
-88 44
-88 43
-87 43
-87 42
-86 42
-86 43
-86 44
-85 44
-85 45
-86 45
-86 46
-85 46
-85 47
-85 48
-84 48
-83 48
-82 48
-82 47
-82 46
-83 46
-83 47
-84 47
-84 46
-84 45
-83 45
-82 45
-82 44
-81 44
-80 44
-80 45
-81 45
-81 46
-81 47
-81 48
-81 49
-80 49
-80 50
-80 51
-80 52
-81 52
-81 53
-81 54
-80 54
-80 53
-79 53
-79 54
-78 54
-78 53
-77 53
-77 52
-77 51
-77 50
-77 49
-77 48
-78 48
-78 47
-77 47
-77 46
-78 46
-79 46
-79 45
-78 45
-78 44
-79 44
-79 43
-79 42
-78 42
-78 41
-79 41
-80 41
-81 41
-82 41
-82 40
-81 40
-80 40
-79 40
-78 40
-78 39
-78 38
-79 38
-79 37
-80 37
-81 37
-81 36
-80 36
-79 36
-79 35
-80 35
-81 35
-81 34
-81 33
-81 32
-82 32
-82 33
-83 33
-83 34
-84 34
-84 33
-84 32
-84 31
-83 31
-82 31
-82 30
-82 29
-81 29
-81 30
-81 31
-80 31
-80 32
-80 33
-79 33
-79 32
-79 31
-78 31
-78 32
-78 33
-77 33
-77 34
-78 34
-78 35
-77 35
-77 36
-76 36
-76 37
-75 37
-74 37
-74 38
-73 38
-73 37
-73 36
-74 36
-74 35
-75 35
-75 34
-75 33
-74 33
-74 34
-73 34
-73 35
-72 35
-71 35
-70 35
-70 36
-71 36
-72 36
-72 37
-71 37
-70 37
-70 38
-69 38
-69 39
-70 39
-71 39
-71 40
-71 41
-72 41
-72 42
-71 42
-70 42
-70 41
-69 41
-69 40
-68 40
-67 40
-67 39
-68 39
-68 38
-67 38
-66 38
-66 39
-65 39
-65 40
-65 41
-64 41
-64 40
-64 39
-63 39
-63 38
-63 37
-63 36
-63 35
-64 35
-64 36
-64 37
-64 38
-65 38
-65 37
-65 36
-65 35
-66 35
-66 34
-66 33
-66 32
-65 32
-64 32
-64 31
-63 31
-62 31
-61 31
-61 32
-62 32
-62 33
-63 33
-64 33
-65 33
-65 34
-64 34
-63 34
-62 34
-62 35
-62 36
-62 37
-62 38
-61 38
-60 38
-60 37
-61 37
-61 36
-61 35
-61 34
-60 34
-59 34
-59 33
-60 33
-60 32
-60 31
-59 31
-59 30
-58 30
-57 30
-56 30
-55 30
-55 31
-55 32
-56 32
-56 31
-57 31
-58 31
-58 32
-58 33
-58 34
-57 34
-57 33
-56 33
-56 34
-55 34
-55 33
-54 33
-54 32
-54 31
-54 30
-53 30
-52 30
-51 30
-51 31
-52 31
-53 31
-53 32
-52 32
-52 33
-51 33
-51 32
-50 32
-50 33
-50 34
-51 34
-52 34
-53 34
-54 34
-54 35
-53 35
-52 35
-52 36
-53 36
-53 37
-53 38
-52 38
-52 37
-51 37
-51 36
-50 36
-50 37
-49 37
-49 36
-49 35
-49 34
-49 33
-49 32
-49 31
-50 31
-50 30
-49 30
-49 29
-49 28
-49 27
-48 27
-48 28
-47 28
-47 27
-47 26
-48 26
-48 25
-47 25
-46 25
-46 26
-45 26
-44 26
-43 26
-43 27
-44 27
-44 28
-43 28
-43 29
-44 29
-45 29
-45 28
-45 27
-46 27
-46 28
-46 29
-47 29
-48 29
-48 30
-48 31
-48 32
-47 32
-47 31
-47 30
-46 30
-45 30
-44 30
-43 30
-42 30
-41 30
-40 30
-40 29
-40 28
-39 28
-38 28
-38 27
-37 27
-37 28
-37 29
-37 30
-36 30
-36 31
-37 31
-37 32
-36 32
-36 33
-37 33
-37 34
-38 34
-38 33
-39 33
-39 34
-40 34
-40 33
-40 32
-41 32
-41 33
-42 33
-43 33
-43 32
-44 32
-44 33
-45 33
-46 33
-47 33
-47 34
-48 34
-48 35
-48 36
-48 37
-48 38
-48 39
-48 40
-48 41
-49 41
-49 40
-50 40
-50 39
-49 39
-49 38
-50 38
-51 38
-51 39
-52 39
-52 40
-52 41
-52 42
-52 43
-53 43
-53 42
-54 42
-54 43
-55 43
-55 44
-55 45
-56 45
-56 44
-57 44
-57 45
-58 45
-59 45
-59 44
-58 44
-58 43
-59 43
-60 43
-60 44
-60 45
-60 46
-59 46
-59 47
-60 47
-61 47
-61 46
-62 46
-62 47
-63 47
-63 46
-63 45
-63 44
-63 43
-62 43
-62 44
-62 45
-61 45
-61 44
-61 43
-61 42
-62 42
-63 42
-64 42
-65 42
-65 43
-64 43
-64 44
-64 45
-65 45
-66 45
-67 45
-68 45
-68 46
-68 47
-68 48
-69 48
-70 48
-70 47
-70 46
-69 46
-69 45
-70 45
-70 44
-69 44
-69 43
-70 43
-71 43
-71 44
-72 44
-73 44
-74 44
-74 43
-75 43
-75 44
-75 45
-74 45
-74 46
-75 46
-75 47
-74 47
-73 47
-73 46
-73 45
-72 45
-72 46
-71 46
-71 47
-71 48
-72 48
-72 49
-71 49
-70 49
-70 50
-69 50
-69 49
-68 49
-68 50
-67 50
-67 49
-66 49
-66 48
-66 47
-67 47
-67 46
-66 46
-65 46
-64 46
-64 47
-65 47
-65 48
-64 48
-63 48
-62 48
-61 48
-61 49
-60 49
-59 49
-59 50
-58 50
-58 49
-58 48
-57 48
-57 49
-56 49
-55 49
-55 48
-55 47
-56 47
-57 47
-58 47
-58 46
-57 46
-56 46
-55 46
-54 46
-54 47
-54 48
-54 49
-54 50
-53 50
-53 49
-53 48
-53 47
-52 47
-52 46
-53 46
-53 45
-54 45
-54 44
-53 44
-52 44
-51 44
-51 43
-51 42
-51 41
-50 41
-50 42
-49 42
-49 43
-49 44
-48 44
-48 45
-49 45
-50 45
-51 45
-51 46
-50 46
-49 46
-48 46
-47 46
-47 45
-47 44
-46 44
-46 45
-46 46
-46 47
-47 47
-48 47
-48 48
-47 48
-46 48
-45 48
-44 48
-43 48
-43 47
-42 47
-42 48
-42 49
-43 49
-44 49
-45 49
-45 50
-44 50
-43 50
-42 50
-41 50
-41 49
-41 48
-40 48
-40 49
-40 50
-39 50
-39 51
-38 51
-38 50
-37 50
-37 49
-37 48
-37 47
-36 47
-36 48
-36 49
-36 50
-35 50
-35 49
-34 49
-34 50
-33 50
-33 51
-34 51
-34 52
-33 52
-32 52
-32 51
-32 50
-31 50
-30 50
-30 49
-31 49
-31 48
-30 48
-29 48
-29 49
-29 50
-29 51
-28 51
-27 51
-27 50
-28 50
-28 49
-28 48
-27 48
-27 49
-26 49
-26 50
-25 50
-24 50
-23 50
-22 50
-22 49
-21 49
-21 50
-20 50
-19 50
-18 50
-18 51
-19 51
-19 52
-19 53
-19 54
-20 54
-21 54
-22 54
-23 54
-23 55
-22 55
-21 55
-20 55
-20 56
-21 56
-22 56
-22 57
-21 57
-20 57
-19 57
-19 56
-18 56
-18 57
-18 58
-18 59
-19 59
-19 58
-20 58
-20 59
-21 59
-21 60
-21 61
-21 62
-22 62
-22 61
-23 61
-23 60
-23 59
-23 58
-23 57
-24 57
-24 56
-25 56
-25 55
-24 55
-24 54
-24 53
-23 53
-23 52
-23 51
-24 51
-24 52
-25 52
-25 51
-26 51
-26 52
-26 53
-26 54
-27 54
-28 54
-29 54
-29 53
-28 53
-27 53
-27 52
-28 52
-29 52
-30 52
-30 53
-31 53
-32 53
-32 54
-31 54
-31 55
-31 56
-32 56
-33 56
-34 56
-35 56
-36 56
-37 56
-37 57
-36 57
-36 58
-35 58
-34 58
-33 58
-32 58
-32 57
-31 57
-30 57
-30 56
-30 55
-29 55
-29 56
-29 57
-29 58
-30 58
-30 59
-30 60
-31 60
-31 61
-30 61
-29 61
-29 62
-30 62
-31 62
-31 63
-30 63
-30 64
-31 64
-32 64
-32 63
-32 62
-32 61
-33 61
-33 62
-33 63
-34 63
-34 64
-33 64
-33 65
-34 65
-35 65
-35 66
-36 66
-36 67
-36 68
-36 69
-35 69
-34 69
-33 69
-33 68
-34 68
-35 68
-35 67
-34 67
-34 66
-33 66
-32 66
-32 67
-31 67
-31 66
-31 65
-30 65
-30 66
-30 67
-30 68
-29 68
-28 68
-28 67
-29 67
-29 66
-28 66
-27 66
-27 65
-26 65
-26 64
-25 64
-25 65
-25 66
-24 66
-23 66
-23 65
-23 64
-22 64
-21 64
-21 63
-20 63
-20 62
-19 62
-19 61
-20 61
-20 60
-19 60
-18 60
-18 61
-18 62
-18 63
-18 64
-17 64
-17 63
-17 62
-17 61
-16 61
-16 62
-16 63
-16 64
-15 64
-15 63
-14 63
-14 64
-14 65
-15 65
-16 65
-17 65
-17 66
-18 66
-19 66
-20 66
-21 66
-21 67
-22 67
-23 67
-23 68
-24 68
-24 67
-25 67
-25 68
-26 68
-26 67
-27 67
-27 68
-27 69
-26 69
-26 70
-27 70
-28 70
-28 69
-29 69
-30 69
-31 69
-31 70
-32 70
-33 70
-33 71
-32 71
-31 71
-30 71
-30 72
-31 72
-31 73
-31 74
-32 74
-32 75
-31 75
-30 75
-30 74
-29 74
-29 75
-28 75
-28 76
-28 77
-29 77
-29 78
-30 78
-31 78
-31 79
-30 79
-29 79
-28 79
-28 78
-27 78
-27 79
-26 79
-25 79
-25 80
-24 80
-24 81
-25 81
-25 82
-26 82
-26 81
-26 80
-27 80
-28 80
-29 80
-30 80
-31 80
-31 81
-31 82
-31 83
-32 83
-32 82
-33 82
-33 83
-33 84
-32 84
-32 85
-33 85
-34 85
-35 85
-35 86
-35 87
-36 87
-37 87
-37 88
-38 88
-38 87
-38 86
-38 85
-39 85
-40 85
-40 86
-39 86
-39 87
-39 88
-39 89
-38 89
-37 89
-37 90
-38 90
-39 90
-40 90
-40 89
-40 88
-40 87
-41 87
-41 86
-41 85
-41 84
-40 84
-39 84
-39 83
-39 82
-40 82
-40 83
-41 83
-42 83
-43 83
-43 84
-42 84
-42 85
-43 85
-43 86
-42 86
-42 87
-43 87
-44 87
-44 86
-44 85
-44 84
-44 83
-44 82
-44 81
-44 80
-44 79
-44 78
-43 78
-43 79
-43 80
-42 80
-41 80
-41 79
-42 79
-42 78
-42 77
-42 76
-42 75
-42 74
-43 74
-44 74
-44 75
-44 76
-43 76
-43 77
-44 77
-45 77
-45 76
-46 76
-47 76
-48 76
-48 75
-47 75
-46 75
-45 75
-45 74
-46 74
-47 74
-48 74
-49 74
-49 75
-49 76
-49 77
-48 77
-48 78
-49 78
-50 78
-50 77
-50 76
-50 75
-50 74
-51 74
-51 73
-50 73
-49 73
-49 72
-48 72
-48 73
-47 73
-46 73
-46 72
-46 71
-45 71
-44 71
-44 70
-45 70
-46 70
-47 70
-48 70
-48 71
-49 71
-49 70
-50 70
-50 71
-50 72
-51 72
-52 72
-52 71
-51 71
-51 70
-51 69
-52 69
-52 70
-53 70
-53 69
-53 68
-53 67
-54 67
-54 68
-54 69
-55 69
-56 69
-57 69
-58 69
-58 68
-57 68
-56 68
-56 67
-57 67
-57 66
-58 66
-58 67
-59 67
-59 66
-60 66
-61 66
-62 66
-63 66
-64 66
-64 67
-63 67
-62 67
-61 67
-61 68
-62 68
-62 69
-62 70
-63 70
-64 70
-65 70
-65 69
-65 68
-66 68
-66 67
-65 67
-65 66
-65 65
-66 65
-66 66
-67 66
-67 67
-68 67
-69 67
-69 68
-70 68
-70 67
-71 67
-72 67
-73 67
-73 68
-72 68
-71 68
-71 69
-71 70
-71 71
-70 71
-70 70
-69 70
-69 71
-69 72
-69 73
-69 74
-70 74
-70 73
-70 72
-71 72
-72 72
-72 73
-73 73
-74 73
-75 73
-75 74
-74 74
-74 75
-75 75
-75 76
-75 77
-74 77
-74 76
-73 76
-73 77
-72 77
-71 77
-70 77
-70 78
-71 78
-72 78
-73 78
-73 79
-73 80
-73 81
-74 81
-75 81
-75 80
-76 80
-76 79
-77 79
-78 79
-78 78
-77 78
-76 78
-76 77
-76 76
-76 75
-76 74
-76 73
-76 72
-75 72
-74 72
-74 71
-73 71
-72 71
-72 70
-73 70
-74 70
-74 69
-74 68
-74 67
-74 66
-73 66
-72 66
-72 65
-71 65
-71 66
-70 66
-70 65
-69 65
-68 65
-68 64
-69 64
-70 64
-70 63
-71 63
-71 64
-72 64
-73 64
-74 64
-75 64
-75 63
-75 62
-74 62
-74 61
-73 61
-73 62
-73 63
-72 63
-72 62
-72 61
-72 60
-72 59
-71 59
-70 59
-69 59
-69 58
-69 57
-70 57
-70 58
-71 58
-72 58
-72 57
-73 57
-74 57
-75 57
-75 56
-74 56
-73 56
-72 56
-72 55
-72 54
-72 53
-73 53
-73 54
-74 54
-74 53
-74 52
-73 52
-73 51
-74 51
-75 51
-76 51
-76 52
-75 52
-75 53
-76 53
-76 54
-76 55
-76 56
-76 57
-77 57
-78 57
-78 58
-77 58
-77 59
-77 60
-76 60
-76 59
-76 58
-75 58
-75 59
-74 59
-74 58
-73 58
-73 59
-73 60
-74 60
-75 60
-75 61
-76 61
-76 62
-77 62
-77 63
-78 63
-78 64
-79 64
-79 63
-80 63
-80 64
-80 65
-79 65
-79 66
-80 66
-81 66
-81 67
-81 68
-81 69
-80 69
-80 70
-80 71
-81 71
-82 71
-82 70
-83 70
-84 70
-84 69
-85 69
-85 68
-86 68
-86 67
-85 67
-84 67
-84 68
-83 68
-83 69
-82 69
-82 68
-82 67
-83 67
-83 66
-84 66
-84 65
-85 65
-85 66
-86 66
-87 66
-87 67
-88 67
-88 68
-87 68
-87 69
-88 69
-89 69
-90 69
-91 69
-91 70
-90 70
-90 71
-89 71
-88 71
-88 72
-88 73
-89 73
-89 72
-90 72
-91 72
-91 73
-90 73
-90 74
-91 74
-92 74
-92 75
-92 76
-92 77
-91 77
-91 76
-91 75
-90 75
-90 76
-89 76
-88 76
-88 77
-89 77
-90 77
-90 78
-89 78
-89 79
-90 79
-91 79
-91 78
-92 78
-92 79
-92 80
-92 81
-92 82
-91 82
-90 82
-90 81
-91 81
-91 80
-90 80
-89 80
-88 80
-87 80
-86 80
-85 80
-85 79
-85 78
-86 78
-86 77
-87 77
-87 76
-87 75
-88 75
-89 75
-89 74
-88 74
-87 74
-87 73
-87 72
-87 71
-86 71
-85 71
-84 71
-83 71
-83 72
-83 73
-82 73
-81 73
-81 72
-80 72
-80 73
-79 73
-79 74
-80 74
-80 75
-79 75
-79 76
-80 76
-80 77
-79 77
-79 78
-80 78
-81 78
-81 79
-81 80
-81 81
-82 81
-82 82
-81 82
-80 82
-80 81
-80 80
-80 79
-79 79
-79 80
-78 80
-78 81
-79 81
-79 82
-78 82
-78 83
-78 84
-79 84
-80 84
-80 83
-81 83
-81 84
-81 85
-81 86
-80 86
-79 86
-79 87
-79 88
-78 88
-77 88
-77 87
-76 87
-76 86
-75 86
-75 87
-74 87
-74 88
-75 88
-76 88
-76 89
-76 90
-76 91
-77 91
-78 91
-78 90
-77 90
-77 89
-78 89
-79 89
-80 89
-81 89
-81 90
-82 90
-82 91
-83 91
-84 91
-84 92
-85 92
-85 93
-85 94
-84 94
-84 95
-85 95
-85 96
-86 96
-86 97
-87 97
-87 96
-87 95
-86 95
-86 94
-86 93
-86 92
-86 91
-87 91
-88 91
-89 91
-89 90
-90 90
-90 89
-89 89
-88 89
-88 88
-88 87
-87 87
-86 87
-86 86
-85 86
-85 85
-84 85
-84 86
-83 86
-83 85
-83 84
-84 84
-84 83
-84 82
-85 82
-86 82
-86 81
-87 81
-88 81
-89 81
-89 82
-89 83
-90 83
-91 83
-92 83
-93 83
-93 84
-92 84
-92 85
-93 85
-94 85
-94 84
-94 83
-94 82
-95 82
-96 82
-97 82
-97 81
-97 80
-98 80
-99 80
-99 79
-99 78
-99 77
-100 77
-100 78
-101 78
-102 78
-102 77
-103 77
-103 78
-103 79
-103 80
-102 80
-102 81
-103 81
-103 82
-103 83
-103 84
-102 84
-102 83
-102 82
-101 82
-101 83
-100 83
-99 83
-98 83
-97 83
-97 84
-96 84
-96 83
-95 83
-95 84
-95 85
-96 85
-97 85
-98 85
-98 84
-99 84
-100 84
-100 85
-99 85
-99 86
-99 87
-99 88
-98 88
-98 89
-98 90
-99 90
-99 89
-100 89
-100 90
-101 90
-101 91
-101 92
-100 92
-100 91
-99 91
-99 92
-98 92
-98 93
-99 93
-100 93
-101 93
-101 94
-100 94
-99 94
-98 94
-98 95
-97 95
-96 95
-95 95
-95 96
-96 96
-96 97
-96 98
-97 98
-98 98
-99 98
-99 99
-98 99
-97 99
-97 100
-96 100
-96 101
-95 101
-95 100
-95 99
-95 98
-95 97
-94 97
-94 98
-93 98
-93 99
-94 99
-94 100
-94 101
-93 101
-93 100
-92 100
-91 100
-91 101
-92 101
-92 102
-91 102
-91 103
-91 104
-92 104
-92 103
-93 103
-93 104
-94 104
-94 103
-94 102
-95 102
-96 102
-97 102
-97 103
-96 103
-95 103
-95 104
-96 104
-97 104
-97 105
-98 105
-99 105
-99 106
-98 106
-97 106
-97 107
-96 107
-96 106
-96 105
-95 105
-94 105
-93 105
-93 106
-94 106
-95 106
-95 107
-94 107
-93 107
-92 107
-92 108
-93 108
-93 109
-94 109
-94 110
-93 110
-92 110
-92 111
-91 111
-91 112
-92 112
-92 113
-93 113
-93 112
-93 111
-94 111
-95 111
-95 110
-96 110
-97 110
-97 111
-96 111
-96 112
-96 113
-96 114
-97 114
-98 114
-98 115
-98 116
-99 116
-99 115
-100 115
-100 116
-101 116
-101 115
-101 114
-101 113
-102 113
-103 113
-103 112
-102 112
-102 111
-102 110
-101 110
-100 110
-99 110
-99 109
-99 108
-100 108
-100 109
-101 109
-102 109
-103 109
-103 110
-103 111
-104 111
-104 110
-104 109
-104 108
-103 108
-102 108
-102 107
-101 107
-101 106
-101 105
-100 105
-100 104
-99 104
-99 103
-100 103
-100 102
-100 101
-101 101
-102 101
-103 101
-103 100
-102 100
-102 99
-103 99
-103 98
-104 98
-104 99
-104 100
-104 101
-104 102
-105 102
-105 103
-106 103
-107 103
-108 103
-108 104
-107 104
-107 105
-108 105
-109 105
-109 106
-110 106
-110 105
-110 104
-109 104
-109 103
-110 103
-110 102
-110 101
-110 100
-111 100
-111 101
-111 102
-111 103
-111 104
-112 104
-112 103
-112 102
-112 101
-113 101
-113 100
-114 100
-115 100
-116 100
-116 101
-115 101
-114 101
-114 102
-113 102
-113 103
-113 104
-113 105
-112 105
-111 105
-111 106
-111 107
-110 107
-110 108
-111 108
-112 108
-112 107
-112 106
-113 106
-113 107
-113 108
-114 108
-114 109
-113 109
-113 110
-113 111
-113 112
-113 113
-114 113
-114 114
-113 114
-112 114
-111 114
-111 113
-111 112
-112 112
-112 111
-112 110
-112 109
-111 109
-111 110
-111 111
-110 111
-109 111
-109 110
-109 109
-109 108
-108 108
-107 108
-107 109
-106 109
-106 110
-107 110
-108 110
-108 111
-107 111
-106 111
-105 111
-105 112
-104 112
-104 113
-105 113
-106 113
-106 112
-107 112
-108 112
-109 112
-109 113
-110 113
-110 114
-109 114
-108 114
-108 113
-107 113
-107 114
-106 114
-106 115
-106 116
-107 116
-107 117
-108 117
-108 116
-109 116
-109 115
-110 115
-111 115
-112 115
-113 115
-114 115
-114 116
-113 116
-112 116
-111 116
-110 116
-110 117
-110 118
-109 118
-108 118
-108 119
-108 120
-107 120
-107 119
-107 118
-106 118
-106 117
-105 117
-105 116
-105 115
-104 115
-103 115
-102 115
-102 116
-102 117
-102 118
-101 118
-101 117
-100 117
-100 118
-100 119
-99 119
-99 118
-99 117
-98 117
-98 118
-97 118
-97 117
-96 117
-96 116
-95 116
-95 115
-94 115
-94 116
-94 117
-95 117
-95 118
-94 118
-93 118
-92 118
-91 118
-91 119
-90 119
-90 120
-91 120
-91 121
-91 122
-92 122
-92 121
-93 121
-93 122
-94 122
-95 122
-95 123
-94 123
-94 124
-95 124
-95 125
-95 126
-95 127
-96 127
-96 126
-97 126
-97 127
-98 127
-98 126
-98 125
-99 125
-99 126
-99 127
-99 128
-99 129
-99 130
-100 130
-100 129
-101 129
-101 128
-101 127
-100 127
-100 126
-101 126
-101 125
-100 125
-100 124
-100 123
-99 123
-99 124
-98 124
-98 123
-97 123
-97 122
-98 122
-98 121
-97 121
-96 121
-95 121
-94 121
-94 120
-94 119
-95 119
-95 120
-96 120
-97 120
-97 119
-98 119
-98 120
-99 120
-99 121
-99 122
-100 122
-100 121
-100 120
-101 120
-101 121
-101 122
-102 122
-103 122
-103 121
-104 121
-104 122
-104 123
-104 124
-105 124
-105 123
-105 122
-106 122
-106 123
-106 124
-106 125
-105 125
-105 126
-105 127
-106 127
-106 126
-107 126
-108 126
-109 126
-109 127
-108 127
-108 128
-108 129
-109 129
-109 128
-110 128
-110 127
-111 127
-112 127
-112 128
-111 128
-111 129
-110 129
-110 130
-109 130
-108 130
-107 130
-106 130
-105 130
-104 130
-104 129
-105 129
-106 129
-107 129
-107 128
-106 128
-105 128
-104 128
-103 128
-103 129
-102 129
-102 130
-101 130
-101 131
-102 131
-102 132
-103 132
-103 133
-104 133
-104 132
-104 131
-105 131
-106 131
-106 132
-105 132
-105 133
-105 134
-106 134
-106 133
-107 133
-107 134
-107 135
-107 136
-107 137
-107 138
-106 138
-106 137
-105 137
-105 136
-106 136
-106 135
-105 135
-104 135
-104 136
-104 137
-103 137
-102 137
-102 138
-101 138
-101 137
-101 136
-101 135
-100 135
-100 136
-100 137
-100 138
-99 138
-99 139
-100 139
-101 139
-102 139
-103 139
-103 140
-102 140
-102 141
-101 141
-100 141
-99 141
-98 141
-98 142
-97 142
-97 141
-96 141
-96 140
-95 140
-95 141
-94 141
-94 140
-94 139
-95 139
-96 139
-97 139
-97 140
-98 140
-98 139
-98 138
-97 138
-97 137
-98 137
-99 137
-99 136
-98 136
-97 136
-97 135
-97 134
-97 133
-98 133
-98 132
-97 132
-96 132
-96 133
-96 134
-95 134
-94 134
-94 133
-95 133
-95 132
-94 132
-93 132
-93 133
-93 134
-93 135
-92 135
-91 135
-91 134
-90 134
-90 135
-90 136
-91 136
-92 136
-92 137
-93 137
-94 137
-94 136
-94 135
-95 135
-96 135
-96 136
-96 137
-96 138
-95 138
-94 138
-93 138
-92 138
-91 138
-91 139
-91 140
-91 141
-92 141
-92 142
-92 143
-91 143
-90 143
-90 144
-91 144
-92 144
-93 144
-93 145
-93 146
-94 146
-94 147
-94 148
-95 148
-96 148
-96 149
-97 149
-97 150
-96 150
-95 150
-95 149
-94 149
-94 150
-93 150
-92 150
-92 149
-93 149
-93 148
-92 148
-92 147
-92 146
-92 145
-91 145
-90 145
-89 145
-89 144
-88 144
-87 144
-87 145
-86 145
-86 146
-87 146
-88 146
-88 147
-87 147
-87 148
-88 148
-89 148
-89 149
-88 149
-87 149
-86 149
-85 149
-85 150
-86 150
-87 150
-88 150
-88 151
-88 152
-88 153
-89 153
-90 153
-90 152
-89 152
-89 151
-90 151
-90 150
-90 149
-91 149
-91 150
-91 151
-91 152
-92 152
-92 151
-93 151
-93 152
-94 152
-94 151
-95 151
-95 152
-95 153
-94 153
-93 153
-93 154
-92 154
-92 153
-91 153
-91 154
-90 154
-89 154
-88 154
-87 154
-86 154
-86 155
-86 156
-87 156
-87 155
-88 155
-89 155
-90 155
-91 155
-91 156
-91 157
-91 158
-92 158
-92 157
-92 156
-93 156
-93 157
-93 158
-94 158
-95 158
-96 158
-96 157
-96 156
-96 155
-95 155
-95 154
-96 154
-96 153
-96 152
-96 151
-97 151
-97 152
-97 153
-97 154
-97 155
-98 155
-98 156
-99 156
-99 155
-99 154
-100 154
-100 155
-100 156
-100 157
-100 158
-99 158
-99 157
-98 157
-98 158
-97 158
-97 159
-98 159
-99 159
-100 159
-101 159
-101 158
-101 157
-101 156
-102 156
-102 155
-103 155
-104 155
-105 155
-106 155
-107 155
-107 156
-108 156
-108 155
-108 154
-108 153
-109 153
-109 152
-110 152
-110 151
-109 151
-108 151
-108 150
-109 150
-110 150
-111 150
-111 151
-112 151
-112 150
-112 149
-113 149
-114 149
-115 149
-115 148
-115 147
-116 147
-116 148
-116 149
-116 150
-115 150
-114 150
-114 151
-115 151
-115 152
-114 152
-114 153
-114 154
-113 154
-113 155
-113 156
-113 157
-114 157
-114 156
-115 156
-116 156
-117 156
-118 156
-119 156
-119 155
-118 155
-118 154
-117 154
-117 155
-116 155
-116 154
-116 153
-117 153
-117 152
-117 151
-117 150
-117 149
-117 148
-117 147
-118 147
-118 148
-118 149
-119 149
-119 150
-118 150
-118 151
-119 151
-119 152
-118 152
-118 153
-119 153
-119 154
-120 154
-120 153
-120 152
-121 152
-121 151
-122 151
-122 152
-123 152
-124 152
-124 153
-124 154
-125 154
-125 153
-125 152
-126 152
-126 153
-127 153
-127 152
-128 152
-128 151
-127 151
-127 150
-127 149
-128 149
-128 150
-129 150
-130 150
-131 150
-131 149
-131 148
-132 148
-132 149
-133 149
-133 150
-134 150
-134 151
-134 152
-133 152
-133 151
-132 151
-131 151
-131 152
-131 153
-131 154
-131 155
-131 156
-130 156
-129 156
-129 155
-129 154
-128 154
-128 155
-128 156
-127 156
-127 155
-127 154
-126 154
-126 155
-125 155
-125 156
-126 156
-126 157
-127 157
-128 157
-129 157
-130 157
-131 157
-132 157
-132 156
-133 156
-134 156
-134 157
-135 157
-135 156
-135 155
-134 155
-133 155
-132 155
-132 154
-133 154
-134 154
-135 154
-135 153
-136 153
-136 152
-137 152
-138 152
-139 152
-139 153
-139 154
-140 154
-141 154
-141 155
-140 155
-139 155
-139 156
-138 156
-138 155
-138 154
-138 153
-137 153
-137 154
-136 154
-136 155
-137 155
-137 156
-136 156
-136 157
-136 158
-136 159
-135 159
-135 158
-134 158
-133 158
-133 159
-132 159
-132 158
-131 158
-130 158
-129 158
-129 159
-129 160
-129 161
-129 162
-129 163
-130 163
-130 162
-130 161
-131 161
-132 161
-132 162
-133 162
-133 163
-133 164
-134 164
-134 163
-135 163
-135 164
-136 164
-136 163
-137 163
-138 163
-139 163
-139 162
-138 162
-137 162
-137 161
-138 161
-139 161
-139 160
-139 159
-138 159
-138 158
-137 158
-137 157
-138 157
-139 157
-139 158
-140 158
-140 157
-140 156
-141 156
-141 157
-141 158
-142 158
-142 159
-141 159
-140 159
-140 160
-141 160
-142 160
-143 160
-143 161
-142 161
-141 161
-141 162
-142 162
-142 163
-141 163
-141 164
-140 164
-140 165
-141 165
-141 166
-142 166
-143 166
-144 166
-144 167
-143 167
-142 167
-141 167
-140 167
-140 166
-139 166
-139 167
-138 167
-138 166
-137 166
-137 167
-136 167
-136 166
-136 165
-135 165
-135 166
-134 166
-133 166
-133 167
-134 167
-135 167
-135 168
-134 168
-133 168
-132 168
-132 167
-131 167
-131 166
-131 165
-132 165
-132 164
-131 164
-130 164
-129 164
-129 165
-129 166
-129 167
-128 167
-128 166
-128 165
-127 165
-126 165
-125 165
-125 164
-126 164
-127 164
-128 164
-128 163
-127 163
-127 162
-128 162
-128 161
-128 160
-128 159
-128 158
-127 158
-127 159
-127 160
-127 161
-126 161
-125 161
-124 161
-123 161
-123 162
-124 162
-125 162
-125 163
-124 163
-123 163
-123 164
-122 164
-122 163
-122 162
-122 161
-121 161
-120 161
-120 162
-121 162
-121 163
-121 164
-120 164
-120 165
-120 166
-120 167
-121 167
-121 166
-121 165
-122 165
-122 166
-122 167
-122 168
-121 168
-121 169
-121 170
-120 170
-120 171
-119 171
-119 170
-119 169
-120 169
-120 168
-119 168
-119 167
-118 167
-118 168
-117 168
-117 167
-116 167
-116 166
-117 166
-118 166
-119 166
-119 165
-119 164
-119 163
-119 162
-118 162
-117 162
-117 163
-118 163
-118 164
-117 164
-117 165
-116 165
-116 164
-116 163
-115 163
-114 163
-114 162
-115 162
-115 161
-116 161
-117 161
-118 161
-118 160
-118 159
-119 159
-119 158
-120 158
-120 159
-121 159
-121 158
-121 157
-120 157
-119 157
-118 157
-117 157
-117 158
-117 159
-117 160
-116 160
-115 160
-115 159
-114 159
-114 160
-113 160
-113 159
-112 159
-112 160
-111 160
-110 160
-110 161
-111 161
-112 161
-112 162
-112 163
-111 163
-111 164
-111 165
-112 165
-112 166
-112 167
-113 167
-113 166
-113 165
-114 165
-114 166
-114 167
-115 167
-115 168
-116 168
-116 169
-115 169
-115 170
-116 170
-116 171
-115 171
-114 171
-114 170
-114 169
-114 168
-113 168
-112 168
-112 169
-113 169
-113 170
-112 170
-111 170
-111 171
-110 171
-109 171
-109 172
-109 173
-109 174
-108 174
-108 175
-108 176
-107 176
-107 175
-107 174
-106 174
-106 173
-106 172
-107 172
-107 173
-108 173
-108 172
-108 171
-107 171
-106 171
-106 170
-105 170
-105 171
-105 172
-104 172
-104 173
-105 173
-105 174
-105 175
-106 175
-106 176
-105 176
-105 177
-105 178
-105 179
-106 179
-106 180
-107 180
-108 180
-108 179
-109 179
-109 180
-110 180
-110 179
-110 178
-110 177
-111 177
-112 177
-112 178
-113 178
-113 177
-113 176
-112 176
-111 176
-110 176
-110 175
-110 174
-110 173
-110 172
-111 172
-111 173
-112 173
-112 174
-111 174
-111 175
-112 175
-113 175
-113 174
-114 174
-115 174
-115 175
-114 175
-114 176
-115 176
-115 177
-116 177
-116 176
-116 175
-116 174
-116 173
-115 173
-114 173
-114 172
-115 172
-116 172
-117 172
-117 171
-117 170
-117 169
-118 169
-118 170
-118 171
-118 172
-119 172
-119 173
-119 174
-119 175
-119 176
-118 176
-117 176
-117 177
-118 177
-119 177
-120 177
-121 177
-122 177
-122 178
-123 178
-123 179
-124 179
-124 178
-125 178
-125 177
-125 176
-126 176
-126 175
-125 175
-125 174
-124 174
-124 173
-123 173
-123 174
-123 175
-123 176
-122 176
-121 176
-120 176
-120 175
-121 175
-122 175
-122 174
-122 173
-121 173
-121 174
-120 174
-120 173
-120 172
-121 172
-121 171
-122 171
-122 172
-123 172
-124 172
-124 171
-123 171
-123 170
-124 170
-124 169
-123 169
-123 168
-124 168
-125 168
-125 167
-125 166
-126 166
-126 167
-126 168
-126 169
-125 169
-125 170
-125 171
-125 172
-126 172
-126 173
-127 173
-127 172
-128 172
-128 173
-128 174
-127 174
-127 175
-127 176
-127 177
-128 177
-128 176
-128 175
-129 175
-129 176
-130 176
-131 176
-132 176
-133 176
-134 176
-135 176
-135 175
-134 175
-133 175
-132 175
-132 174
-131 174
-131 175
-130 175
-130 174
-129 174
-129 173
-129 172
-129 171
-128 171
-127 171
-126 171
-126 170
-127 170
-127 169
-127 168
-128 168
-128 169
-129 169
-129 170
-130 170
-131 170
-131 171
-130 171
