0 -1
1 -1
1 0
1 1
2 1
2 2
1 2
0 2
0 1
-1 1
-1 0
-1 -1
-1 -2
-1 -3
0 -3
0 -4
-1 -4
-1 -5
-1 -6
-2 -6
-2 -5
-3 -5
-3 -6
-3 -7
-3 -8
-2 -8
-2 -9
-2 -10
-1 -10
-1 -11
0 -11
1 -11
2 -11
2 -12
1 -12
0 -12
-1 -12
-1 -13
0 -13
0 -14
1 -14
1 -13
2 -13
2 -14
2 -15
3 -15
3 -14
4 -14
4 -15
4 -16
5 -16
6 -16
6 -15
5 -15
5 -14
5 -13
6 -13
6 -12
7 -12
8 -12
8 -11
7 -11
7 -10
7 -9
7 -8
8 -8
8 -7
7 -7
6 -7
6 -8
6 -9
6 -10
5 -10
5 -9
4 -9
3 -9
2 -9
2 -10
1 -10
0 -10
0 -9
-1 -9
-1 -8
0 -8
1 -8
2 -8
3 -8
4 -8
4 -7
3 -7
2 -7
1 -7
0 -7
0 -6
0 -5
1 -5
1 -4
1 -3
1 -2
2 -2
2 -1
2 0
3 0
4 0
4 -1
4 -2
5 -2
5 -3
6 -3
7 -3
8 -3
8 -4
9 -4
9 -5
10 -5
10 -6
11 -6
11 -7
12 -7
12 -8
12 -9
11 -9
11 -10
12 -10
13 -10
13 -9
13 -8
13 -7
13 -6
14 -6
15 -6
15 -5
15 -4
14 -4
14 -3
13 -3
13 -2
14 -2
15 -2
15 -1
14 -1
13 -1
12 -1
11 -1
10 -1
10 -2
11 -2
12 -2
12 -3
12 -4
12 -5
11 -5
11 -4
11 -3
10 -3
9 -3
9 -2
8 -2
7 -2
6 -2
6 -1
6 0
5 0
5 1
4 1
4 2
5 2
6 2
6 3
5 3
4 3
4 4
3 4
2 4
2 5
2 6
1 6
1 7
0 7
0 6
-1 6
-1 5
0 5
1 5
1 4
1 3
0 3
-1 3
-2 3
-3 3
-3 2
-3 1
-3 0
-4 0
-4 1
-4 2
-5 2
-6 2
-6 1
-5 1
-5 0
-5 -1
-6 -1
-7 -1
-7 -2
-7 -3
-8 -3
-8 -4
-7 -4
-6 -4
-6 -3
-5 -3
-5 -2
-4 -2
-4 -3
-4 -4
-4 -5
-5 -5
-6 -5
-7 -5
-7 -6
-8 -6
-8 -7
-9 -7
-9 -6
-9 -5
-10 -5
-11 -5
-11 -4
-10 -4
-9 -4
-9 -3
-10 -3
-11 -3
-12 -3
-13 -3
-14 -3
-14 -4
-14 -5
-13 -5
-13 -4
-12 -4
-12 -5
-12 -6
-13 -6
-13 -7
-13 -8
-14 -8
-14 -9
-13 -9
-13 -10
-13 -11
-14 -11
-14 -10
-15 -10
-15 -9
-16 -9
-17 -9
-17 -10
-16 -10
-16 -11
-15 -11
-15 -12
-16 -12
-17 -12
-17 -11
-18 -11
-19 -11
-19 -12
-18 -12
-18 -13
-18 -14
-17 -14
-17 -13
-16 -13
-16 -14
-16 -15
-17 -15
-17 -16
-18 -16
-18 -17
-17 -17
-16 -17
-15 -17
-14 -17
-14 -16
-15 -16
-15 -15
-15 -14
-15 -13
-14 -13
-14 -12
-13 -12
-13 -13
-12 -13
-12 -12
-12 -11
-11 -11
-10 -11
-9 -11
-8 -11
-8 -12
-9 -12
-10 -12
-11 -12
-11 -13
-10 -13
-10 -14
-11 -14
-12 -14
-13 -14
-13 -15
-12 -15
-11 -15
-11 -16
-10 -16
-10 -15
-9 -15
-9 -16
-8 -16
-8 -15
-7 -15
-7 -16
-7 -17
-7 -18
-6 -18
-5 -18
-4 -18
-3 -18
-3 -19
-4 -19
-5 -19
-6 -19
-6 -20
-7 -20
-7 -21
-8 -21
-9 -21
-9 -22
-9 -23
-10 -23
-11 -23
-11 -24
-11 -25
-10 -25
-10 -26
-10 -27
-11 -27
-11 -28
-10 -28
-10 -29
-11 -29
-11 -30
-10 -30
-10 -31
-10 -32
-11 -32
-12 -32
-12 -33
-11 -33
-11 -34
-11 -35
-10 -35
-10 -34
-10 -33
-9 -33
-9 -32
-9 -31
-9 -30
-9 -29
-9 -28
-8 -28
-8 -27
-9 -27
-9 -26
-8 -26
-8 -25
-9 -25
-9 -24
-8 -24
-7 -24
-7 -23
-8 -23
-8 -22
-7 -22
-6 -22
-6 -21
-5 -21
-5 -20
-4 -20
-4 -21
-4 -22
-4 -23
-4 -24
-3 -24
-3 -23
-3 -22
-3 -21
-2 -21
-2 -22
-1 -22
0 -22
0 -21
1 -21
2 -21
3 -21
4 -21
4 -22
3 -22
2 -22
1 -22
1 -23
2 -23
3 -23
4 -23
4 -24
4 -25
5 -25
5 -24
5 -23
6 -23
6 -24
7 -24
7 -25
6 -25
6 -26
5 -26
5 -27
5 -28
4 -28
3 -28
2 -28
1 -28
1 -27
0 -27
-1 -27
-1 -26
-1 -25
0 -25
0 -26
1 -26
2 -26
2 -25
1 -25
1 -24
0 -24
-1 -24
-2 -24
-2 -25
-3 -25
-3 -26
-2 -26
-2 -27
-3 -27
-3 -28
-3 -29
-3 -30
-4 -30
-5 -30
-5 -29
-6 -29
-6 -30
-7 -30
-8 -30
-8 -31
-8 -32
-8 -33
-7 -33
-6 -33
-6 -32
-7 -32
-7 -31
-6 -31
-5 -31
-4 -31
-3 -31
-2 -31
-2 -32
-3 -32
-4 -32
-5 -32
-5 -33
-5 -34
-5 -35
-5 -36
-4 -36
-3 -36
-3 -37
-3 -38
-4 -38
-4 -39
-4 -40
-5 -40
-5 -41
-5 -42
-6 -42
-6 -41
-6 -40
-6 -39
-5 -39
-5 -38
-6 -38
-7 -38
-7 -39
-8 -39
-8 -38
-8 -37
-8 -36
-7 -36
-6 -36
-6 -35
-6 -34
-7 -34
-7 -35
-8 -35
-8 -34
-9 -34
-9 -35
-9 -36
-9 -37
-9 -38
-10 -38
-10 -39
-10 -40
-9 -40
-8 -40
-8 -41
-7 -41
-7 -42
-8 -42
-9 -42
-9 -43
-8 -43
-7 -43
-7 -44
-8 -44
-8 -45
-9 -45
-9 -44
-10 -44
-10 -45
-10 -46
-11 -46
-11 -47
-10 -47
-10 -48
-10 -49
-10 -50
-9 -50
-9 -49
-9 -48
-9 -47
-9 -46
-8 -46
-7 -46
-7 -47
-7 -48
-7 -49
-6 -49
-5 -49
-5 -50
-4 -50
-4 -49
-3 -49
-3 -50
-3 -51
-4 -51
-4 -52
-4 -53
-4 -54
-5 -54
-6 -54
-6 -55
-7 -55
-7 -54
-7 -53
-7 -52
-6 -52
-6 -53
-5 -53
-5 -52
-5 -51
-6 -51
-6 -50
-7 -50
-8 -50
-8 -51
-9 -51
-9 -52
-10 -52
-10 -51
-11 -51
-11 -52
-12 -52
-12 -53
-12 -54
-11 -54
-10 -54
-10 -55
-10 -56
-10 -57
-9 -57
-8 -57
-8 -58
-7 -58
-6 -58
-6 -59
-7 -59
-8 -59
-8 -60
-7 -60
-6 -60
-5 -60
-4 -60
-4 -59
-4 -58
-4 -57
-3 -57
-3 -56
-3 -55
-3 -54
-2 -54
-2 -53
-3 -53
-3 -52
-2 -52
-2 -51
-2 -50
-1 -50
-1 -51
0 -51
0 -52
-1 -52
-1 -53
-1 -54
0 -54
0 -53
1 -53
1 -54
2 -54
3 -54
3 -55
3 -56
2 -56
2 -55
1 -55
0 -55
-1 -55
-2 -55
-2 -56
-1 -56
-1 -57
-2 -57
-2 -58
-3 -58
-3 -59
-3 -60
-3 -61
-2 -61
-2 -62
-3 -62
-4 -62
-4 -63
-5 -63
-5 -64
-4 -64
-4 -65
-5 -65
-6 -65
-7 -65
-7 -64
-7 -63
-8 -63
-9 -63
-10 -63
-10 -62
-9 -62
-9 -61
-10 -61
-11 -61
-11 -62
-11 -63
-12 -63
-12 -62
-13 -62
-13 -61
-14 -61
-14 -60
-13 -60
-12 -60
-11 -60
-11 -59
-10 -59
-10 -60
-9 -60
-9 -59
-9 -58
-10 -58
-11 -58
-11 -57
-12 -57
-13 -57
-13 -58
-13 -59
-14 -59
-15 -59
-15 -58
-16 -58
-16 -59
-16 -60
-16 -61
-17 -61
-17 -62
-16 -62
-16 -63
-17 -63
-18 -63
-18 -64
-18 -65
-19 -65
-19 -64
-19 -63
-19 -62
-19 -61
-20 -61
-20 -62
-21 -62
-21 -63
-21 -64
-21 -65
-20 -65
-20 -66
-21 -66
-22 -66
-22 -65
-22 -64
-22 -63
-22 -62
-22 -61
-21 -61
-21 -60
-20 -60
-19 -60
-18 -60
-17 -60
-17 -59
-17 -58
-17 -57
-16 -57
-15 -57
-14 -57
-14 -56
-15 -56
-15 -55
-16 -55
-16 -54
-16 -53
-17 -53
-17 -52
-18 -52
-18 -53
-19 -53
-19 -54
-18 -54
-17 -54
-17 -55
-18 -55
-19 -55
-19 -56
-18 -56
-18 -57
-19 -57
-19 -58
-19 -59
-20 -59
-21 -59
-22 -59
-22 -60
-23 -60
-23 -61
-24 -61
-24 -60
-25 -60
-25 -59
-26 -59
-27 -59
-27 -60
-27 -61
-26 -61
-26 -62
-27 -62
-27 -63
-28 -63
-28 -62
-29 -62
-29 -63
-29 -64
-29 -65
-29 -66
-28 -66
-28 -67
-29 -67
-30 -67
-30 -66
-30 -65
-31 -65
-31 -66
-32 -66
-32 -67
-31 -67
-31 -68
-31 -69
-31 -70
-30 -70
-30 -69
-29 -69
-28 -69
-28 -70
-27 -70
-26 -70
-26 -69
-27 -69
-27 -68
-26 -68
-25 -68
-25 -69
-25 -70
-25 -71
-26 -71
-26 -72
-25 -72
-24 -72
-23 -72
-22 -72
-21 -72
-20 -72
-19 -72
-19 -73
-19 -74
-20 -74
-20 -75
-21 -75
-21 -74
-22 -74
-22 -73
-23 -73
-24 -73
-25 -73
-25 -74
-24 -74
-23 -74
-23 -75
-24 -75
-25 -75
-26 -75
-26 -74
-26 -73
-27 -73
-27 -72
-27 -71
-28 -71
-28 -72
-28 -73
-28 -74
-29 -74
-30 -74
-30 -73
-30 -72
-30 -71
-31 -71
-32 -71
-32 -72
-32 -73
-33 -73
-33 -74
-33 -75
-34 -75
-35 -75
-35 -74
-36 -74
-36 -73
-36 -72
-37 -72
-37 -71
-37 -70
-38 -70
-38 -69
-37 -69
-36 -69
-35 -69
-35 -70
-34 -70
-34 -71
-33 -71
-33 -70
-33 -69
-32 -69
-32 -68
-33 -68
-34 -68
-34 -67
-34 -66
-35 -66
-35 -67
-35 -68
-36 -68
-36 -67
-36 -66
-36 -65
-35 -65
-35 -64
-34 -64
-33 -64
-32 -64
-32 -63
-33 -63
-34 -63
-35 -63
-36 -63
-36 -64
-37 -64
-37 -65
-38 -65
-38 -64
-39 -64
-40 -64
-40 -63
-39 -63
-38 -63
-38 -62
-37 -62
-36 -62
-35 -62
-34 -62
-33 -62
-32 -62
-32 -61
-33 -61
-34 -61
-34 -60
-33 -60
-32 -60
-32 -59
-33 -59
-34 -59
-35 -59
-36 -59
-36 -58
-36 -57
-37 -57
-37 -58
-38 -58
-39 -58
-39 -57
-38 -57
-38 -56
-38 -55
-38 -54
-39 -54
-39 -55
-39 -56
-40 -56
-40 -55
-40 -54
-41 -54
-41 -55
-42 -55
-43 -55
-43 -54
-43 -53
-44 -53
-44 -54
-45 -54
-46 -54
-47 -54
-48 -54
-48 -55
-48 -56
-48 -57
-48 -58
-47 -58
-46 -58
-46 -59
-45 -59
-45 -60
-44 -60
-44 -59
-44 -58
-45 -58
-45 -57
-44 -57
-44 -56
-44 -55
-45 -55
-45 -56
-46 -56
-46 -55
-47 -55
-47 -56
