0 -1
1 -1
1 0
1 1
2 1
2 2
1 2
0 2
0 3
0 4
0 5
1 5
1 4
1 3
2 3
2 4
2 5
3 5
3 4
3 3
4 3
4 2
3 2
3 1
3 0
2 0
2 -1
3 -1
4 -1
5 -1
5 -2
4 -2
4 -3
3 -3
3 -4
2 -4
1 -4
0 -4
0 -5
0 -6
1 -6
2 -6
2 -7
1 -7
0 -7
-1 -7
-1 -8
-2 -8
-2 -9
-2 -10
-3 -10
-3 -9
-4 -9
-5 -9
-6 -9
-6 -10
-6 -11
-5 -11
-5 -10
-4 -10
-4 -11
-4 -12
-3 -12
-3 -11
-2 -11
-1 -11
-1 -12
-2 -12
-2 -13
-3 -13
-3 -14
-2 -14
-2 -15
-3 -15
-4 -15
-5 -15
-5 -14
-4 -14
-4 -13
-5 -13
-5 -12
-6 -12
-6 -13
-7 -13
-8 -13
-9 -13
-9 -12
-8 -12
-7 -12
-7 -11
-8 -11
-9 -11
-9 -10
-10 -10
-10 -11
-10 -12
-11 -12
-11 -13
-11 -14
-12 -14
-13 -14
-13 -15
-14 -15
-14 -14
-15 -14
-15 -15
-16 -15
-16 -14
-17 -14
-17 -15
-18 -15
-18 -14
-19 -14
-19 -15
-19 -16
-19 -17
-19 -18
-19 -19
-20 -19
-20 -18
-20 -17
-20 -16
-20 -15
-21 -15
-21 -16
-22 -16
-22 -17
-21 -17
-21 -18
-21 -19
-22 -19
-22 -20
-21 -20
-20 -20
-19 -20
-18 -20
-17 -20
-16 -20
-15 -20
-15 -21
-16 -21
-17 -21
-18 -21
-19 -21
-20 -21
-21 -21
-22 -21
-22 -22
-23 -22
-23 -21
-24 -21
-25 -21
-25 -20
-26 -20
-27 -20
-27 -21
-26 -21
-26 -22
-25 -22
-25 -23
-25 -24
-26 -24
-26 -23
-27 -23
-27 -22
-28 -22
-28 -23
-28 -24
-28 -25
-27 -25
-26 -25
-26 -26
-27 -26
-27 -27
-28 -27
-28 -26
-29 -26
-29 -25
-29 -24
-30 -24
-30 -25
-30 -26
-31 -26
-31 -27
-31 -28
-30 -28
-29 -28
-29 -29
-28 -29
-28 -30
-29 -30
-30 -30
-31 -30
-31 -29
-32 -29
-33 -29
-33 -30
-34 -30
-34 -29
-34 -28
-33 -28
-32 -28
-32 -27
-32 -26
-33 -26
-33 -25
-33 -24
-32 -24
-31 -24
-31 -23
-30 -23
-29 -23
-29 -22
-30 -22
-30 -21
-30 -20
-29 -20
-29 -21
-28 -21
-28 -20
-28 -19
-29 -19
-29 -18
-28 -18
-27 -18
-27 -19
-26 -19
-25 -19
-24 -19
-24 -18
-25 -18
-26 -18
-26 -17
-27 -17
-27 -16
-28 -16
-29 -16
-30 -16
-30 -15
-30 -14
-31 -14
-31 -13
-31 -12
-32 -12
-32 -13
-33 -13
-33 -12
-33 -11
-34 -11
-35 -11
-35 -10
-34 -10
-33 -10
-32 -10
-32 -9
-31 -9
-31 -10
-30 -10
-29 -10
-29 -9
-30 -9
-30 -8
-31 -8
-31 -7
-31 -6
-30 -6
-30 -7
-29 -7
-29 -8
-28 -8
-28 -9
-27 -9
-27 -8
-26 -8
-25 -8
-25 -9
-25 -10
-25 -11
-25 -12
-24 -12
-23 -12
-23 -11
-23 -10
-22 -10
-22 -9
-22 -8
-23 -8
-24 -8
-24 -7
-24 -6
-24 -5
-25 -5
-25 -4
-24 -4
-24 -3
-25 -3
-26 -3
-26 -2
-26 -1
-25 -1
-25 -2
-24 -2
-24 -1
-23 -1
-22 -1
-21 -1
-21 -2
-22 -2
-23 -2
-23 -3
-23 -4
-22 -4
-21 -4
-21 -3
-20 -3
-19 -3
-18 -3
-18 -2
-19 -2
-20 -2
-20 -1
-19 -1
-19 0
-18 0
-18 1
-18 2
-18 3
-19 3
-20 3
-20 4
-21 4
-21 5
-22 5
-23 5
-24 5
-24 4
-23 4
-23 3
-24 3
-24 2
-25 2
-25 1
-24 1
-23 1
-22 1
-22 0
-23 0
-24 0
-25 0
-26 0
-27 0
-27 -1
-28 -1
-28 -2
-28 -3
-29 -3
-29 -2
-29 -1
-30 -1
-30 0
-31 0
-32 0
-32 1
-31 1
-31 2
-32 2
-32 3
-32 4
-31 4
-31 3
-30 3
-30 2
-30 1
-29 1
-29 0
-28 0
-28 1
-28 2
-29 2
-29 3
-28 3
-28 4
-29 4
-30 4
-30 5
-30 6
-29 6
-29 5
-28 5
-28 6
-28 7
-27 7
-27 6
-26 6
-26 7
-26 8
-27 8
-28 8
-28 9
-28 10
-27 10
-27 11
-27 12
-28 12
-29 12
-29 11
-29 10
-29 9
-30 9
-30 10
-31 10
-31 9
-32 9
-33 9
-33 10
-34 10
-34 11
-33 11
-32 11
-32 12
-32 13
-33 13
-34 13
-35 13
-35 12
-35 11
-35 10
-36 10
-36 9
-37 9
-37 10
-37 11
-36 11
-36 12
-37 12
-37 13
-38 13
-38 14
-39 14
-39 13
-40 13
-40 14
-41 14
-42 14
-42 15
-42 16
-42 17
-41 17
-40 17
-40 18
-41 18
-42 18
-43 18
-43 17
-43 16
-43 15
-43 14
-44 14
-44 13
-43 13
-43 12
-44 12
-45 12
-45 11
-46 11
-46 12
-46 13
-46 14
-47 14
-47 13
-47 12
-48 12
-48 11
-47 11
-47 10
-48 10
-49 10
-49 9
-49 8
-49 7
-50 7
-50 8
-50 9
-50 10
-51 10
-51 9
-51 8
-52 8
-52 9
-53 9
-54 9
-54 10
-55 10
-55 11
-55 12
-56 12
-56 13
-56 14
-55 14
-55 15
-55 16
-56 16
-57 16
-57 15
-58 15
-58 16
-58 17
-57 17
-56 17
-56 18
-56 19
-56 20
-57 20
-58 20
-59 20
-59 19
-58 19
-57 19
-57 18
-58 18
-59 18
-60 18
-60 19
-61 19
-61 18
-62 18
-62 19
-63 19
-63 18
-63 17
-63 16
-64 16
-65 16
-66 16
-67 16
-67 17
-66 17
-66 18
-67 18
-67 19
-66 19
-66 20
-66 21
-65 21
-65 20
-65 19
-65 18
-65 17
-64 17
-64 18
-64 19
-64 20
-64 21
-64 22
-63 22
-62 22
-62 21
-63 21
-63 20
-62 20
-61 20
-60 20
-60 21
-59 21
-58 21
-57 21
-56 21
-55 21
-54 21
-54 20
-54 19
-54 18
-54 17
-54 16
-54 15
-53 15
-52 15
-52 16
-53 16
-53 17
-53 18
-52 18
-52 17
-51 17
-50 17
-49 17
-49 16
-48 16
-48 17
-48 18
-49 18
-50 18
-50 19
-50 20
-49 20
-48 20
-47 20
-47 21
-48 21
-48 22
-49 22
-49 21
-50 21
-51 21
-52 21
-52 22
-52 23
-51 23
-51 22
-50 22
-50 23
-49 23
-48 23
-48 24
-48 25
-48 26
-49 26
-50 26
-50 27
-51 27
-52 27
-53 27
-53 28
-53 29
-54 29
-55 29
-55 30
-54 30
-53 30
-52 30
-52 31
-52 32
-52 33
-53 33
-53 34
-53 35
-53 36
-53 37
-52 37
-52 36
-51 36
-51 35
-52 35
-52 34
-51 34
-51 33
-50 33
-50 34
-50 35
-50 36
-50 37
-51 37
-51 38
-52 38
-53 38
-53 39
-54 39
-54 40
-53 40
-52 40
-52 39
-51 39
-50 39
-50 40
-51 40
-51 41
-52 41
-53 41
-54 41
-54 42
-55 42
-56 42
-57 42
-58 42
-58 43
-57 43
-57 44
-58 44
-59 44
-60 44
-60 43
-59 43
-59 42
-60 42
-61 42
-61 43
-61 44
-61 45
-60 45
-59 45
-58 45
-58 46
-57 46
-57 45
-56 45
-56 46
-55 46
-55 47
-55 48
-56 48
-57 48
-57 49
-56 49
-56 50
-57 50
-58 50
-58 51
-59 51
-59 50
-59 49
-60 49
-61 49
-61 50
-60 50
-60 51
-60 52
-60 53
-61 53
-61 54
-61 55
-61 56
-60 56
-60 55
-60 54
-59 54
-59 55
-59 56
-59 57
-60 57
-61 57
-62 57
-62 56
-63 56
-63 57
-64 57
-64 58
-65 58
-65 59
-64 59
-63 59
-62 59
-61 59
-61 58
-60 58
-60 59
-60 60
-59 60
-58 60
-58 59
-59 59
-59 58
-58 58
-58 57
-57 57
-57 58
-57 59
-57 60
-57 61
-57 62
-57 63
-57 64
-58 64
-59 64
-59 63
-60 63
-61 63
-61 62
-60 62
-59 62
-59 61
-60 61
-61 61
-61 60
-62 60
-62 61
-62 62
-62 63
-62 64
-63 64
-63 63
-63 62
-64 62
-64 61
-64 60
-65 60
-66 60
-66 61
-65 61
-65 62
-65 63
-64 63
-64 64
-65 64
-66 64
-66 65
-65 65
-64 65
-63 65
-62 65
-62 66
-62 67
-62 68
-63 68
-64 68
-64 67
-63 67
-63 66
-64 66
-65 66
-65 67
-66 67
-66 66
-67 66
-67 67
-67 68
-66 68
-66 69
-67 69
-67 70
-67 71
-66 71
-66 70
-65 70
-65 71
-64 71
-63 71
-63 70
-62 70
-62 71
-61 71
-61 72
-61 73
-60 73
-60 72
-60 71
-60 70
-61 70
-61 69
-61 68
-61 67
-60 67
-60 66
-61 66
-61 65
-61 64
-60 64
-60 65
-59 65
-59 66
-59 67
-58 67
-58 68
-57 68
-56 68
-55 68
-54 68
-54 69
-55 69
-56 69
-57 69
-57 70
-56 70
-55 70
-55 71
-55 72
-56 72
-56 71
-57 71
-58 71
-58 72
-57 72
-57 73
-57 74
-57 75
-58 75
-59 75
-59 76
-60 76
-60 75
-60 74
-61 74
-61 75
-61 76
-62 76
-62 77
-63 77
-63 78
-62 78
-61 78
-60 78
-60 79
-59 79
-59 78
-58 78
-58 79
-58 80
-59 80
-60 80
-61 80
-61 81
-62 81
-62 82
-61 82
-60 82
-60 81
-59 81
-58 81
-57 81
-56 81
-55 81
-55 80
-56 80
-57 80
-57 79
-56 79
-55 79
-54 79
-54 78
-54 77
-55 77
-55 76
-54 76
-54 75
-53 75
-52 75
-51 75
-50 75
-49 75
-49 74
-49 73
-48 73
-48 72
-47 72
-47 73
-46 73
-46 74
-47 74
-48 74
-48 75
-47 75
-47 76
-47 77
-48 77
-49 77
-49 78
-49 79
-50 79
-50 78
-51 78
-51 77
-51 76
-52 76
-53 76
-53 77
-52 77
-52 78
-53 78
-53 79
-52 79
-51 79
-51 80
-51 81
-51 82
-51 83
-51 84
-50 84
-50 83
-50 82
-50 81
-50 80
-49 80
-49 81
-48 81
-48 82
-48 83
-48 84
-47 84
-46 84
-46 83
-47 83
-47 82
-47 81
-47 80
-46 80
-46 81
-45 81
-44 81
-44 80
-45 80
-45 79
-46 79
-46 78
-46 77
-45 77
-45 76
-46 76
-46 75
-45 75
-44 75
