1 0
1 1
2 1
2 0
2 -1
3 -1
3 -2
2 -2
2 -3
3 -3
4 -3
4 -4
3 -4
2 -4
2 -5
2 -6
3 -6
3 -5
4 -5
4 -6
5 -6
6 -6
7 -6
7 -5
7 -4
7 -3
6 -3
6 -4
5 -4
5 -3
5 -2
6 -2
6 -1
6 0
6 1
6 2
7 2
7 3
6 3
5 3
5 4
5 5
4 5
4 6
3 6
2 6
2 7
2 8
3 8
3 7
4 7
5 7
6 7
7 7
8 7
9 7
9 8
10 8
10 7
10 6
11 6
11 7
11 8
11 9
10 9
9 9
8 9
8 8
7 8
6 8
6 9
6 10
7 10
8 10
9 10
9 11
10 11
10 10
11 10
12 10
13 10
13 11
12 11
11 11
11 12
12 12
13 12
14 12
15 12
15 13
15 14
15 15
14 15
13 15
12 15
12 16
12 17
11 17
11 18
10 18
10 17
9 17
9 18
8 18
8 19
7 19
7 18
6 18
6 17
7 17
8 17
8 16
7 16
6 16
5 16
5 15
5 14
5 13
5 12
5 11
4 11
4 12
3 12
2 12
1 12
1 13
0 13
0 14
1 14
2 14
2 13
3 13
4 13
4 14
4 15
4 16
3 16
3 15
2 15
2 16
2 17
2 18
3 18
3 19
2 19
2 20
1 20
1 21
2 21
3 21
4 21
5 21
5 20
4 20
4 19
5 19
6 19
6 20
6 21
6 22
7 22
7 23
6 23
5 23
5 22
4 22
3 22
3 23
2 23
2 22
1 22
0 22
0 21
0 20
-1 20
-2 20
-3 20
-3 21
-2 21
-2 22
-3 22
-3 23
-2 23
-1 23
-1 24
-2 24
-2 25
-3 25
-3 26
-4 26
-4 25
-5 25
-5 26
-6 26
-6 25
-6 24
-7 24
-7 25
-8 25
-8 24
-8 23
-7 23
-7 22
-8 22
-9 22
-9 21
-10 21
-11 21
-11 22
-12 22
-13 22
-13 23
-13 24
-13 25
-12 25
-11 25
-11 26
-11 27
-12 27
-12 26
-13 26
-14 26
-14 25
-14 24
-14 23
-14 22
-14 21
-13 21
-13 20
-14 20
-15 20
-15 21
-16 21
-16 20
-16 19
-16 18
-16 17
-16 16
-17 16
-18 16
-18 17
-17 17
-17 18
-17 19
-17 20
-17 21
-17 22
-16 22
-15 22
-15 23
-15 24
-15 25
-15 26
-16 26
-16 25
-16 24
-16 23
-17 23
-18 23
-18 22
-18 21
-19 21
-19 22
-19 23
-19 24
-18 24
-17 24
-17 25
-18 25
-18 26
-18 27
-18 28
-19 28
-20 28
-20 27
-19 27
-19 26
-19 25
-20 25
-20 26
-21 26
-21 27
-22 27
-22 26
-23 26
-23 25
-24 25
-24 26
-24 27
-23 27
-23 28
-23 29
-23 30
-24 30
-24 31
-23 31
-23 32
-22 32
-22 31
-22 30
-22 29
-22 28
-21 28
-21 29
-20 29
-19 29
-19 30
-19 31
-20 31
-20 30
-21 30
-21 31
-21 32
-20 32
-20 33
-19 33
-19 34
-18 34
-17 34
-17 35
-17 36
-18 36
-18 35
-19 35
-20 35
-21 35
-22 35
-22 36
-22 37
-22 38
-22 39
-23 39
-23 40
-23 41
-22 41
-21 41
-21 40
-20 40
-20 41
-19 41
-19 42
-20 42
-20 43
-19 43
-19 44
-19 45
-19 46
-19 47
-18 47
-18 46
-18 45
-18 44
-17 44
-16 44
-16 43
-17 43
-17 42
-16 42
-15 42
-15 43
-15 44
-15 45
-16 45
-17 45
-17 46
-16 46
-16 47
-17 47
-17 48
-18 48
-18 49
-17 49
-16 49
-16 48
-15 48
-14 48
-13 48
-13 49
-14 49
-14 50
-13 50
-12 50
-12 49
-12 48
-12 47
-13 47
-14 47
-15 47
-15 46
-14 46
-14 45
-13 45
-13 46
-12 46
-12 45
-11 45
-11 44
-12 44
-13 44
-13 43
-14 43
-14 42
-13 42
-12 42
-12 43
-11 43
-11 42
-11 41
-12 41
-12 40
-12 39
-12 38
-11 38
-11 37
-10 37
-10 38
-9 38
-9 37
-9 36
-10 36
-11 36
-11 35
-10 35
-10 34
-11 34
-11 33
-12 33
-12 32
-11 32
-11 31
-10 31
-10 32
-10 33
-9 33
-8 33
-8 34
-7 34
-7 33
-7 32
-6 32
-6 33
-5 33
-4 33
-3 33
-2 33
-2 32
-1 32
-1 31
0 31
0 32
1 32
1 31
1 30
2 30
3 30
4 30
4 29
3 29
3 28
4 28
4 27
4 26
5 26
6 26
6 25
5 25
5 24
6 24
7 24
8 24
9 24
9 25
10 25
11 25
12 25
13 25
13 26
14 26
14 27
13 27
13 28
12 28
12 27
11 27
11 26
10 26
9 26
9 27
8 27
8 26
8 25
7 25
7 26
7 27
6 27
6 28
6 29
7 29
7 28
8 28
9 28
9 29
8 29
8 30
8 31
9 31
10 31
10 30
10 29
10 28
11 28
11 29
12 29
13 29
13 30
14 30
14 31
15 31
15 30
15 29
14 29
14 28
15 28
15 27
15 26
16 26
16 27
17 27
17 26
17 25
18 25
19 25
19 24
18 24
18 23
19 23
20 23
21 23
21 24
20 24
20 25
21 25
22 25
22 24
22 23
22 22
22 21
21 21
20 21
20 22
19 22
18 22
17 22
17 21
18 21
19 21
19 20
18 20
18 19
17 19
16 19
16 18
15 18
14 18
14 19
13 19
13 18
13 17
13 16
14 16
15 16
15 17
16 17
16 16
17 16
18 16
18 15
18 14
18 13
17 13
16 13
16 12
16 11
16 10
17 10
17 11
17 12
18 12
19 12
19 13
19 14
20 14
20 15
21 15
22 15
22 16
22 17
23 17
24 17
24 16
23 16
23 15
23 14
23 13
22 13
21 13
21 12
22 12
23 12
24 12
25 12
25 13
24 13
24 14
24 15
25 15
25 14
26 14
26 15
26 16
27 16
28 16
28 17
27 17
26 17
26 18
25 18
25 19
25 20
25 21
25 22
25 23
24 23
24 24
25 24
26 24
26 23
26 22
26 21
26 20
26 19
27 19
27 18
28 18
28 19
28 20
27 20
27 21
28 21
29 21
29 20
29 19
30 19
31 19
32 19
33 19
33 18
33 17
32 17
32 18
31 18
31 17
30 17
30 18
29 18
29 17
29 16
30 16
31 16
31 15
30 15
30 14
31 14
32 14
33 14
33 15
33 16
34 16
35 16
35 15
34 15
34 14
35 14
35 13
35 12
36 12
36 13
37 13
38 13
39 13
40 13
40 12
41 12
42 12
42 11
41 11
41 10
40 10
39 10
38 10
38 9
38 8
37 8
36 8
35 8
35 9
34 9
34 8
34 7
33 7
32 7
32 6
31 6
30 6
29 6
29 5
30 5
31 5
32 5
32 4
33 4
33 5
34 5
34 4
34 3
33 3
33 2
33 1
33 0
34 0
34 1
35 1
36 1
37 1
38 1
38 2
37 2
36 2
35 2
35 3
35 4
35 5
36 5
37 5
38 5
38 6
39 6
39 5
39 4
38 4
37 4
37 3
38 3
39 3
40 3
41 3
41 4
42 4
42 3
42 2
41 2
40 2
39 2
39 1
39 0
38 0
38 -1
38 -2
39 -2
40 -2
40 -1
40 0
41 0
42 0
43 0
44 0
45 0
45 1
45 2
45 3
44 3
44 4
44 5
44 6
45 6
45 7
45 8
46 8
46 9
45 9
45 10
44 10
44 9
44 8
44 7
43 7
42 7
42 8
43 8
43 9
43 10
43 11
43 12
43 13
42 13
41 13
41 14
40 14
39 14
39 15
40 15
41 15
41 16
40 16
39 16
38 16
38 15
37 15
37 16
37 17
38 17
38 18
38 19
39 19
39 18
40 18
41 18
41 19
42 19
43 19
43 18
43 17
42 17
42 16
43 16
43 15
42 15
42 14
43 14
44 14
44 15
44 16
45 16
46 16
46 15
45 15
45 14
46 14
46 13
46 12
47 12
48 12
48 13
48 14
47 14
47 15
47 16
48 16
48 17
47 17
47 18
47 19
48 19
48 20
47 20
46 20
45 20
45 21
44 21
44 20
43 20
43 21
43 22
42 22
42 23
41 23
41 24
42 24
42 25
41 25
40 25
40 26
41 26
42 26
42 27
41 27
41 28
41 29
42 29
42 28
43 28
43 27
43 26
43 25
44 25
44 24
43 24
43 23
44 23
44 22
45 22
45 23
46 23
47 23
48 23
49 23
49 24
48 24
48 25
48 26
48 27
48 28
47 28
46 28
46 27
47 27
47 26
46 26
45 26
44 26
44 27
45 27
45 28
44 28
44 29
45 29
46 29
46 30
47 30
47 29
48 29
48 30
49 30
49 31
50 31
50 32
49 32
49 33
48 33
48 32
48 31
47 31
47 32
47 33
46 33
45 33
45 34
44 34
44 35
45 35
46 35
46 34
47 34
48 34
49 34
49 35
48 35
48 36
49 36
50 36
51 36
51 37
50 37
49 37
48 37
48 38
47 38
47 39
47 40
48 40
49 40
50 40
51 40
52 40
52 41
51 41
50 41
49 41
49 42
48 42
48 41
47 41
46 41
46 40
45 40
45 41
45 42
44 42
44 43
44 44
45 44
45 45
45 46
46 46
46 45
47 45
47 46
48 46
49 46
49 45
48 45
48 44
47 44
46 44
46 43
46 42
47 42
47 43
48 43
49 43
49 44
50 44
51 44
52 44
52 45
52 46
52 47
52 48
52 49
51 49
51 50
52 50
53 50
53 51
52 51
51 51
50 51
50 52
50 53
49 53
48 53
48 54
48 55
48 56
47 56
47 55
47 54
47 53
47 52
46 52
45 52
45 51
46 51
46 50
46 49
47 49
48 49
49 49
49 48
50 48
51 48
51 47
50 47
49 47
48 47
48 48
47 48
46 48
45 48
45 49
45 50
44 50
44 49
43 49
43 50
43 51
44 51
44 52
43 52
43 53
44 53
45 53
46 53
46 54
45 54
44 54
43 54
42 54
41 54
41 53
42 53
42 52
41 52
40 52
40 53
39 53
38 53
37 53
37 52
36 52
36 53
35 53
35 52
34 52
33 52
33 51
32 51
32 50
32 49
32 48
33 48
33 47
32 47
32 46
33 46
33 45
34 45
34 44
35 44
35 45
36 45
36 44
36 43
36 42
37 42
37 41
38 41
38 42
38 43
38 44
37 44
37 45
38 45
39 45
39 44
40 44
40 45
40 46
39 46
38 46
37 46
36 46
36 47
37 47
38 47
38 48
37 48
36 48
35 48
34 48
34 49
35 49
35 50
34 50
34 51
35 51
36 51
37 51
38 51
39 51
40 51
40 50
40 49
39 49
39 48
39 47
40 47
41 47
41 48
41 49
42 49
42 48
43 48
44 48
44 47
43 47
43 46
42 46
41 46
41 45
42 45
43 45
43 44
43 43
43 42
43 41
44 41
44 40
43 40
42 40
41 40
41 41
40 41
40 42
40 43
39 43
39 42
39 41
39 40
39 39
39 38
39 37
40 37
41 37
41 38
41 39
42 39
42 38
43 38
43 39
44 39
45 39
46 39
46 38
46 37
45 37
44 37
44 36
43 36
43 37
42 37
42 36
42 35
43 35
43 34
43 33
43 32
42 32
42 31
43 31
44 31
44 32
45 32
46 32
46 31
45 31
45 30
44 30
43 30
42 30
41 30
40 30
39 30
39 31
39 32
39 33
38 33
38 34
39 34
39 35
38 35
38 36
37 36
37 35
36 35
35 35
34 35
34 34
34 33
34 32
33 32
33 33
33 34
32 34
31 34
31 35
31 36
32 36
32 37
32 38
31 38
31 39
31 40
31 41
32 41
32 42
32 43
31 43
30 43
30 44
29 44
29 43
29 42
30 42
30 41
30 40
30 39
29 39
29 38
29 37
28 37
28 38
27 38
27 37
27 36
26 36
26 35
27 35
27 34
27 33
26 33
25 33
25 34
25 35
25 36
25 37
26 37
26 38
26 39
27 39
27 40
27 41
26 41
25 41
24 41
24 40
24 39
23 39
23 38
22 38
22 37
22 36
23 36
23 35
22 35
22 34
23 34
24 34
24 33
23 33
22 33
22 32
21 32
21 33
21 34
21 35
20 35
20 34
20 33
19 33
19 32
20 32
20 31
21 31
22 31
23 31
23 32
24 32
24 31
24 30
24 29
25 29
26 29
27 29
28 29
28 30
28 31
29 31
29 30
30 30
30 31
30 32
31 32
32 32
32 31
32 30
31 30
31 29
30 29
30 28
31 28
32 28
32 29
33 29
33 30
34 30
35 30
35 31
36 31
36 30
36 29
37 29
37 28
37 27
37 26
36 26
35 26
34 26
34 25
34 24
34 23
34 22
34 21
35 21
35 20
34 20
33 20
32 20
32 21
33 21
33 22
32 22
32 23
31 23
30 23
29 23
28 23
28 24
29 24
30 24
30 25
29 25
29 26
28 26
28 25
27 25
27 26
26 26
26 25
25 25
25 26
25 27
25 28
24 28
24 27
24 26
23 26
23 27
23 28
22 28
22 27
22 26
21 26
21 27
21 28
21 29
22 29
23 29
23 30
22 30
21 30
20 30
20 29
20 28
19 28
19 27
20 27
20 26
19 26
18 26
18 27
18 28
18 29
18 30
18 31
18 32
17 32
17 31
17 30
17 29
17 28
16 28
16 29
16 30
16 31
16 32
16 33
16 34
16 35
16 36
17 36
17 35
18 35
18 36
19 36
20 36
20 37
21 37
21 38
21 39
21 40
21 41
20 41
20 40
20 39
20 38
19 38
18 38
18 39
17 39
16 39
15 39
15 40
15 41
16 41
17 41
17 40
18 40
19 40
19 41
18 41
18 42
17 42
16 42
16 43
17 43
18 43
18 44
19 44
19 43
19 42
20 42
21 42
21 43
22 43
22 44
23 44
24 44
24 43
25 43
25 44
26 44
26 43
26 42
27 42
27 43
27 44
28 44
28 45
28 46
27 46
27 45
26 45
26 46
25 46
25 45
24 45
24 46
24 47
25 47
25 48
24 48
24 49
24 50
23 50
22 50
22 49
21 49
21 50
21 51
20 51
19 51
19 50
20 50
20 49
20 48
21 48
22 48
23 48
23 47
23 46
23 45
22 45
22 46
22 47
21 47
20 47
19 47
19 46
19 45
18 45
18 46
17 46
17 47
16 47
16 46
16 45
17 45
17 44
16 44
15 44
15 43
15 42
14 42
14 43
13 43
12 43
12 44
12 45
12 46
11 46
11 45
11 44
10 44
10 45
9 45
9 46
9 47
8 47
7 47
7 46
7 45
6 45
6 44
6 43
7 43
7 42
6 42
5 42
5 43
5 44
5 45
4 45
4 44
3 44
2 44
2 45
3 45
3 46
3 47
2 47
2 48
3 48
3 49
4 49
4 48
5 48
5 47
4 47
4 46
5 46
6 46
6 47
6 48
6 49
5 49
5 50
5 51
5 52
4 52
4 53
3 53
3 52
3 51
4 51
4 50
3 50
2 50
2 49
1 49
0 49
-1 49
-1 50
-2 50
-2 51
-3 51
-3 52
-4 52
-4 51
-5 51
-5 52
-6 52
-6 51
-6 50
-6 49
-6 48
-7 48
-8 48
-8 47
-8 46
-7 46
-6 46
-5 46
-5 45
-4 45
-4 44
-4 43
-3 43
-3 42
-2 42
-2 41
-2 40
-2 39
-3 39
-3 38
-2 38
-2 37
-2 36
-3 36
-4 36
-4 37
-4 38
-4 39
-5 39
-5 38
-5 37
-5 36
-5 35
-6 35
-6 36
-7 36
-7 35
-8 35
-8 36
-8 37
-8 38
-7 38
-7 37
-6 37
-6 38
-6 39
-7 39
-7 40
-6 40
-6 41
-6 42
-6 43
-7 43
-7 42
-7 41
-8 41
-8 42
-8 43
-9 43
-10 43
-10 44
-10 45
-9 45
-9 46
-9 47
-10 47
-10 48
-10 49
-9 49
-8 49
-7 49
-7 50
-7 51
-8 51
-8 50
-9 50
-9 51
-9 52
-10 52
-11 52
-12 52
-12 51
-13 51
-13 52
-14 52
-14 53
-13 53
-12 53
-11 53
-10 53
-9 53
-8 53
-8 52
-7 52
-7 53
-7 54
-8 54
-9 54
-9 55
-10 55
-10 54
-11 54
-11 55
-12 55
-12 56
-12 57
-12 58
-12 59
-11 59
-10 59
-10 58
-11 58
-11 57
-11 56
-10 56
-9 56
-9 57
-9 58
-8 58
-7 58
-7 59
-8 59
-9 59
-9 60
-8 60
-7 60
-7 61
-8 61
-9 61
-9 62
-9 63
-10 63
-11 63
-11 64
-12 64
-12 63
-13 63
-13 62
-14 62
-14 63
-14 64
-14 65
-15 65
-15 66
-15 67
-14 67
-14 68
-15 68
-15 69
-14 69
-14 70
-15 70
-16 70
-17 70
-17 71
-18 71
-18 70
-19 70
-19 69
-20 69
-21 69
-22 69
-22 70
-23 70
-24 70
-24 69
-23 69
-23 68
-22 68
-21 68
-20 68
-20 67
-21 67
-22 67
-23 67
-24 67
-24 68
-25 68
-25 69
-26 69
-27 69
-27 70
-27 71
-26 71
-26 72
-27 72
-27 73
-27 74
-27 75
-28 75
-28 74
-28 73
-28 72
-28 71
-28 70
-29 70
-30 70
-31 70
-31 71
-32 71
-32 70
-33 70
-33 69
-33 68
-32 68
-32 69
-31 69
-30 69
-30 68
-31 68
-31 67
-30 67
-30 66
-29 66
-29 67
-29 68
-29 69
-28 69
-28 68
-28 67
-27 67
-27 66
-27 65
-27 64
-26 64
-26 65
-25 65
-25 64
-25 63
-26 63
-26 62
-26 61
-25 61
-25 62
-24 62
-24 61
-23 61
-23 62
-23 63
-23 64
-24 64
-24 65
-23 65
-23 66
-22 66
-21 66
-21 65
-22 65
-22 64
-21 64
-21 63
-21 62
-21 61
-22 61
-22 60
-22 59
-21 59
-21 60
-20 60
-20 61
-20 62
-20 63
-20 64
-20 65
-20 66
-19 66
-19 67
-18 67
-18 66
-17 66
-17 67
-16 67
-16 66
-16 65
-16 64
-15 64
-15 63
-15 62
-15 61
-14 61
-13 61
-12 61
-12 60
-13 60
-13 59
-14 59
-14 60
-15 60
-15 59
-16 59
-16 58
-16 57
-17 57
-17 58
-17 59
-18 59
-18 60
-19 60
-19 59
-20 59
-20 58
-21 58
-22 58
-23 58
-24 58
-25 58
-26 58
-26 59
-25 59
-25 60
-26 60
-27 60
-28 60
-28 59
-28 58
-28 57
-28 56
-29 56
-29 57
-29 58
-29 59
-30 59
-30 58
-30 57
-31 57
-31 58
-31 59
-31 60
-32 60
-32 59
-32 58
-33 58
-33 57
-34 57
-34 58
-35 58
-35 59
-35 60
-35 61
-36 61
-37 61
-37 60
-36 60
-36 59
-37 59
-37 58
-36 58
-36 57
-35 57
-35 56
-34 56
-34 55
-33 55
-33 56
-32 56
-31 56
-30 56
-30 55
-30 54
-29 54
-29 55
-28 55
-28 54
-27 54
-27 53
-26 53
-26 52
-27 52
-27 51
-26 51
-25 51
-25 50
-26 50
-27 50
-28 50
-28 49
-28 48
-27 48
-27 49
-26 49
-26 48
-25 48
-24 48
-24 49
-23 49
-23 50
-23 51
-22 51
-22 50
-21 50
-21 49
-22 49
-22 48
-23 48
-23 47
-24 47
-25 47
-26 47
-27 47
-28 47
-28 46
-29 46
-30 46
-31 46
-32 46
-32 47
-33 47
-33 46
-33 45
-32 45
-31 45
-30 45
-29 45
-28 45
-28 44
-29 44
-29 43
-29 42
-30 42
-30 41
-30 40
-30 39
-30 38
-30 37
-30 36
-31 36
-31 35
-31 34
-30 34
-30 33
-31 33
-32 33
-33 33
-33 32
-33 31
-33 30
-32 30
-32 29
-31 29
-31 28
-30 28
-30 27
-29 27
-29 26
-28 26
-28 27
-28 28
-29 28
-29 29
-30 29
-30 30
-31 30
-31 31
-30 31
-30 32
-29 32
-29 31
-29 30
-28 30
-28 31
-27 31
-27 32
-28 32
-28 33
-27 33
-26 33
-26 34
-25 34
-25 33
-25 32
-26 32
-26 31
-26 30
-26 29
-25 29
-25 28
-26 28
-26 27
-25 27
-25 26
-25 25
-25 24
-24 24
-24 23
-24 22
-23 22
-22 22
-22 21
-23 21
-23 20
-22 20
-21 20
-20 20
-19 20
-18 20
-18 19
-18 18
-19 18
-19 17
-20 17
-20 16
-21 16
-21 17
-21 18
-21 19
-22 19
-22 18
-22 17
-22 16
-23 16
-23 15
-22 15
-21 15
-21 14
-21 13
-20 13
-20 14
-19 14
-18 14
-18 15
-17 15
-17 14
-17 13
-18 13
-19 13
-19 12
-18 12
-17 12
-17 11
-18 11
-19 11
-19 10
-20 10
-20 11
-20 12
-21 12
-22 12
-22 13
-22 14
-23 14
-23 13
-24 13
-24 14
-25 14
-25 13
-25 12
-24 12
-23 12
-23 11
-22 11
-21 11
-21 10
-22 10
-23 10
-24 10
-24 9
-25 9
-25 8
-24 8
-24 7
-25 7
-25 6
-25 5
-26 5
-26 6
-26 7
-26 8
-26 9
-26 10
-27 10
-27 11
-26 11
-26 12
-27 12
-28 12
-29 12
-30 12
-31 12
-31 13
-31 14
-32 14
-32 15
-33 15
-34 15
-34 14
-33 14
-33 13
-32 13
-32 12
-32 11
-33 11
-33 10
-32 10
-32 9
-32 8
-31 8
-31 7
-31 6
-30 6
-30 7
-30 8
-30 9
-29 9
-29 10
-29 11
-28 11
-28 10
-28 9
-28 8
-29 8
-29 7
-28 7
-27 7
-27 6
-27 5
-28 5
-28 6
-29 6
-29 5
-29 4
-28 4
-27 4
-27 3
-27 2
-27 1
-27 0
-28 0
-28 -1
-29 -1
-29 0
-30 0
-30 1
-31 1
-31 2
-30 2
-29 2
-29 1
-28 1
-28 2
-28 3
-29 3
-30 3
-31 3
-31 4
-31 5
-32 5
-33 5
-33 4
-32 4
-32 3
-33 3
-34 3
-35 3
-36 3
-37 3
-37 2
-37 1
-37 0
-37 -1
-37 -2
-36 -2
-36 -3
-35 -3
-34 -3
-34 -4
-35 -4
-36 -4
-36 -5
-37 -5
-37 -4
-37 -3
-38 -3
-39 -3
-39 -4
-38 -4
-38 -5
-38 -6
-37 -6
-36 -6
-35 -6
-35 -5
-34 -5
-34 -6
-34 -7
-34 -8
-35 -8
-36 -8
-36 -9
-37 -9
-37 -10
-37 -11
-37 -12
-36 -12
-36 -13
-36 -14
-35 -14
-35 -13
-34 -13
-34 -14
-33 -14
-33 -15
-34 -15
-34 -16
-33 -16
-33 -17
-33 -18
-33 -19
-34 -19
-34 -20
-35 -20
-35 -19
-36 -19
-36 -20
-37 -20
-37 -21
-37 -22
-37 -23
-37 -24
-37 -25
-38 -25
-38 -26
-39 -26
-39 -27
-38 -27
-37 -27
-37 -28
-38 -28
-38 -29
-38 -30
-39 -30
-39 -29
-39 -28
-40 -28
-40 -27
-40 -26
-41 -26
-41 -27
-41 -28
-42 -28
-42 -29
-42 -30
-43 -30
-44 -30
-44 -29
-43 -29
-43 -28
-44 -28
-45 -28
-45 -27
-46 -27
-46 -28
-46 -29
-45 -29
-45 -30
-45 -31
-45 -32
-45 -33
-46 -33
-46 -34
-46 -35
-46 -36
-46 -37
-47 -37
-48 -37
-49 -37
-49 -36
-48 -36
-47 -36
-47 -35
-48 -35
-49 -35
-49 -34
-50 -34
-50 -35
-51 -35
-51 -36
-50 -36
-50 -37
-51 -37
-52 -37
-52 -36
-52 -35
-53 -35
-54 -35
-54 -36
-55 -36
-56 -36
-56 -35
-57 -35
-57 -36
-58 -36
-58 -37
-57 -37
-57 -38
-58 -38
-59 -38
-59 -37
-59 -36
-60 -36
-60 -37
-61 -37
-61 -38
-60 -38
-60 -39
-59 -39
-58 -39
-58 -40
-58 -41
-59 -41
-59 -40
-60 -40
-61 -40
-61 -41
-60 -41
-60 -42
-59 -42
-59 -43
-58 -43
-57 -43
-57 -42
-57 -41
-56 -41
-56 -40
-55 -40
-54 -40
-54 -39
-54 -38
-55 -38
-56 -38
-56 -37
-55 -37
-54 -37
-53 -37
-53 -38
-52 -38
-51 -38
-50 -38
-49 -38
-49 -39
-50 -39
-50 -40
-51 -40
-51 -41
-50 -41
