0 0
0.01 -0.0000999767
0.02 -0.000399867
0.03 -0.00089955
0.04 -0.00159883
0.05 -0.00249742
0.06 -0.00359497
0.07 -0.00489103
0.08 -0.0063851
0.09 -0.00807658
0.1 -0.00996481
0.11 -0.012049
0.12 -0.0143284
0.13 -0.0168021
0.14 -0.019469
0.15 -0.0223283
0.16 -0.0253787
0.17 -0.0286191
0.18 -0.0320481
0.19 -0.0356646
0.2 -0.0394672
0.21 -0.0434543
0.22 -0.0476244
0.23 -0.0519761
0.24 -0.0565077
0.25 -0.0612174
0.26 -0.0661036
0.27 -0.0711645
0.28 -0.0763981
0.29 -0.0818027
0.3 -0.0873763
0.31 -0.0931169
0.32 -0.0990224
0.33 -0.105091
0.34 -0.11132
0.35 -0.117708
0.36 -0.124252
0.37 -0.130951
0.38 -0.137801
0.39 -0.144802
0.4 -0.151949
0.41 -0.159242
0.42 -0.166677
0.43 -0.174253
0.44 -0.181967
0.45 -0.189817
0.46 -0.197799
0.47 -0.205912
0.48 -0.214154
0.49 -0.222522
0.5 -0.231012
0.51 -0.239624
0.52 -0.248354
0.53 -0.257201
0.54 -0.26616
0.55 -0.275231
0.56 -0.28441
0.57 -0.293696
0.58 -0.303085
0.59 -0.312576
0.6 -0.322165
0.61 -0.331851
0.62 -0.341631
0.63 -0.351503
0.64 -0.361463
0.65 -0.371511
0.66 -0.381644
0.67 -0.391858
0.68 -0.402153
0.69 -0.412525
0.7 -0.422973
0.71 -0.433494
0.72 -0.444086
0.73 -0.454747
0.74 -0.465474
0.75 -0.476266
0.76 -0.487121
0.77 -0.498036
0.78 -0.509009
0.79 -0.520039
0.8 -0.531123
0.81 -0.54226
0.82 -0.553447
0.83 -0.564682
0.84 -0.575964
0.85 -0.587292
0.86 -0.598662
0.87 -0.610073
0.88 -0.621525
0.89 -0.633014
0.9 -0.644539
0.91 -0.656099
0.92 -0.667692
0.93 -0.679316
0.94 -0.690971
0.95 -0.702653
0.96 -0.714363
0.97 -0.726098
0.98 -0.737857
0.99 -0.749639
