0 0
0.01 -0.0000995967
0.02 -0.000398347
0.03 -0.000896131
0.04 -0.00159275
0.05 -0.00248793
0.06 -0.0035813
0.07 -0.00487244
0.08 -0.00636084
0.09 -0.00804589
0.1 -0.00992693
0.11 -0.0120032
0.12 -0.014274
0.13 -0.0167382
0.14 -0.0193951
0.15 -0.0222434
0.16 -0.0252822
0.17 -0.0285103
0.18 -0.0319263
0.19 -0.0355291
0.2 -0.0393172
0.21 -0.0432891
0.22 -0.0474434
0.23 -0.0517786
0.24 -0.0562929
0.25 -0.0609847
0.26 -0.0658524
0.27 -0.070894
0.28 -0.0761078
0.29 -0.0814918
0.3 -0.0870442
0.31 -0.092763
0.32 -0.098646
0.33 -0.104691
0.34 -0.110897
0.35 -0.117261
0.36 -0.12378
0.37 -0.130453
0.38 -0.137278
0.39 -0.144251
0.4 -0.151372
0.41 -0.158637
0.42 -0.166044
0.43 -0.173591
0.44 -0.181276
0.45 -0.189095
0.46 -0.197047
0.47 -0.20513
0.48 -0.21334
0.49 -0.221676
0.5 -0.230134
0.51 -0.238713
0.52 -0.24741
0.53 -0.256223
0.54 -0.265149
0.55 -0.274185
0.56 -0.283329
0.57 -0.29258
0.58 -0.301933
0.59 -0.311388
0.6 -0.320941
0.61 -0.33059
0.62 -0.340333
0.63 -0.350167
0.64 -0.36009
0.65 -0.370099
0.66 -0.380193
0.67 -0.390369
0.68 -0.400624
0.69 -0.410957
0.7 -0.421365
0.71 -0.431846
0.72 -0.442398
0.73 -0.453018
0.74 -0.463705
0.75 -0.474456
0.76 -0.48527
0.77 -0.496143
0.78 -0.507075
0.79 -0.518063
0.8 -0.529104
0.81 -0.540199
0.82 -0.551343
0.83 -0.562536
0.84 -0.573775
0.85 -0.585059
0.86 -0.596386
0.87 -0.607755
0.88 -0.619162
0.89 -0.630608
0.9 -0.642089
0.91 -0.653605
0.92 -0.665154
0.93 -0.676735
0.94 -0.688344
0.95 -0.699983
0.96 -0.711648
0.97 -0.723338
0.98 -0.735053
0.99 -0.74679
