0 0
0.01 -0.0000998633
0.02 -0.000399413
0.03 -0.00089853
0.04 -0.00159702
0.05 -0.00249459
0.06 -0.00359089
0.07 -0.00488549
0.08 -0.00637787
0.09 -0.00806743
0.1 -0.00995351
0.11 -0.0120354
0.12 -0.0143122
0.13 -0.016783
0.14 -0.019447
0.15 -0.022303
0.16 -0.0253499
0.17 -0.0285866
0.18 -0.0320118
0.19 -0.0356242
0.2 -0.0394224
0.21 -0.043405
0.22 -0.0475705
0.23 -0.0519172
0.24 -0.0564436
0.25 -0.061148
0.26 -0.0660287
0.27 -0.0710838
0.28 -0.0763115
0.29 -0.08171
0.3 -0.0872773
0.31 -0.0930113
0.32 -0.0989102
0.33 -0.104972
0.34 -0.111194
0.35 -0.117574
0.36 -0.124111
0.37 -0.130802
0.38 -0.137645
0.39 -0.144637
0.4 -0.151777
0.41 -0.159061
0.42 -0.166489
0.43 -0.174056
0.44 -0.181761
0.45 -0.189601
0.46 -0.197575
0.47 -0.205679
0.48 -0.213911
0.49 -0.222269
0.5 -0.230751
0.51 -0.239352
0.52 -0.248073
0.53 -0.256909
0.54 -0.265859
0.55 -0.274919
0.56 -0.284088
0.57 -0.293363
0.58 -0.302742
0.59 -0.312222
0.6 -0.3218
0.61 -0.331475
0.62 -0.341244
0.63 -0.351104
0.64 -0.361054
0.65 -0.37109
0.66 -0.381211
0.67 -0.391414
0.68 -0.401697
0.69 -0.412057
0.7 -0.422493
0.71 -0.433002
0.72 -0.443582
0.73 -0.454231
0.74 -0.464947
0.75 -0.475727
0.76 -0.486569
0.77 -0.497471
0.78 -0.508432
0.79 -0.51945
0.8 -0.530521
0.81 -0.541645
0.82 -0.552819
0.83 -0.564042
0.84 -0.575312
0.85 -0.586626
0.86 -0.597983
0.87 -0.609382
0.88 -0.62082
0.89 -0.632296
0.9 -0.643809
0.91 -0.655355
0.92 -0.666935
0.93 -0.678546
0.94 -0.690187
0.95 -0.701857
0.96 -0.713553
0.97 -0.725275
0.98 -0.737021
0.99 -0.748789
