0 0
0.01 -0.0000998967
0.02 -0.000399547
0.03 -0.00089883
0.04 -0.00159755
0.05 -0.00249542
0.06 -0.00359209
0.07 -0.00488712
0.08 -0.00638
0.09 -0.00807012
0.1 -0.00995683
0.11 -0.0120394
0.12 -0.0143169
0.13 -0.0167886
0.14 -0.0194535
0.15 -0.0223104
0.16 -0.0253584
0.17 -0.0285962
0.18 -0.0320225
0.19 -0.0356361
0.2 -0.0394356
0.21 -0.0434195
0.22 -0.0475863
0.23 -0.0519345
0.24 -0.0564625
0.25 -0.0611684
0.26 -0.0660507
0.27 -0.0711075
0.28 -0.076337
0.29 -0.0817373
0.3 -0.0873064
0.31 -0.0930424
0.32 -0.0989432
0.33 -0.105007
0.34 -0.111231
0.35 -0.117614
0.36 -0.124153
0.37 -0.130846
0.38 -0.137691
0.39 -0.144686
0.4 -0.151828
0.41 -0.159115
0.42 -0.166544
0.43 -0.174114
0.44 -0.181822
0.45 -0.189665
0.46 -0.197641
0.47 -0.205748
0.48 -0.213983
0.49 -0.222343
0.5 -0.230828
0.51 -0.239432
0.52 -0.248156
0.53 -0.256995
0.54 -0.265947
0.55 -0.275011
0.56 -0.284183
0.57 -0.293461
0.58 -0.302843
0.59 -0.312326
0.6 -0.321908
0.61 -0.331586
0.62 -0.341358
0.63 -0.351221
0.64 -0.361174
0.65 -0.371214
0.66 -0.381338
0.67 -0.391545
0.68 -0.401831
0.69 -0.412195
0.7 -0.422634
0.71 -0.433147
0.72 -0.443731
0.73 -0.454383
0.74 -0.465102
0.75 -0.475885
0.76 -0.486731
0.77 -0.497638
0.78 -0.508602
0.79 -0.519623
0.8 -0.530698
0.81 -0.541826
0.82 -0.553004
0.83 -0.56423
0.84 -0.575504
0.85 -0.586822
0.86 -0.598183
0.87 -0.609585
0.88 -0.621027
0.89 -0.632507
0.9 -0.644023
0.91 -0.655574
0.92 -0.667158
0.93 -0.678773
0.94 -0.690418
0.95 -0.702091
0.96 -0.713791
0.97 -0.725517
0.98 -0.737267
0.99 -0.749039
