0 0
0.01 -0.000099711
0.02 -0.000398804
0.03 -0.000897159
0.04 -0.00159458
0.05 -0.00249078
0.06 -0.00358541
0.07 -0.00487804
0.08 -0.00636813
0.09 -0.00805512
0.1 -0.00993832
0.11 -0.012017
0.12 -0.0142903
0.13 -0.0167574
0.14 -0.0194173
0.15 -0.0222689
0.16 -0.0253112
0.17 -0.028543
0.18 -0.031963
0.19 -0.0355699
0.2 -0.0393623
0.21 -0.0433388
0.22 -0.0474979
0.23 -0.051838
0.24 -0.0563575
0.25 -0.0610547
0.26 -0.0659279
0.27 -0.0709753
0.28 -0.0761951
0.29 -0.0815853
0.3 -0.0871441
0.31 -0.0928694
0.32 -0.0987592
0.33 -0.104812
0.34 -0.111024
0.35 -0.117395
0.36 -0.123922
0.37 -0.130603
0.38 -0.137435
0.39 -0.144417
0.4 -0.151545
0.41 -0.158819
0.42 -0.166234
0.43 -0.17379
0.44 -0.181484
0.45 -0.189312
0.46 -0.197273
0.47 -0.205365
0.48 -0.213585
0.49 -0.22193
0.5 -0.230398
0.51 -0.238987
0.52 -0.247694
0.53 -0.256517
0.54 -0.265453
0.55 -0.2745
0.56 -0.283655
0.57 -0.292915
0.58 -0.30228
0.59 -0.311745
0.6 -0.321309
0.61 -0.330969
0.62 -0.340723
0.63 -0.350568
0.64 -0.360503
0.65 -0.370524
0.66 -0.380629
0.67 -0.390817
0.68 -0.401084
0.69 -0.411429
0.7 -0.421849
0.71 -0.432342
0.72 -0.442906
0.73 -0.453538
0.74 -0.464237
0.75 -0.475001
0.76 -0.485826
0.77 -0.496712
0.78 -0.507657
0.79 -0.518657
0.8 -0.529712
0.81 -0.540818
0.82 -0.551976
0.83 -0.563181
0.84 -0.574434
0.85 -0.585731
0.86 -0.597071
0.87 -0.608452
0.88 -0.619873
0.89 -0.631331
0.9 -0.642826
0.91 -0.654355
0.92 -0.665918
0.93 -0.677511
0.94 -0.689134
0.95 -0.700786
0.96 -0.712464
0.97 -0.724168
0.98 -0.735896
0.99 -0.747646
