0 0
0.01 -0.0000997967
0.02 -0.000399147
0.03 -0.000897931
0.04 -0.00159595
0.05 -0.00249292
0.06 -0.00358849
0.07 -0.00488223
0.08 -0.00637361
0.09 -0.00806204
0.1 -0.00994687
0.11 -0.0120273
0.12 -0.0143026
0.13 -0.0167718
0.14 -0.019434
0.15 -0.0222881
0.16 -0.025333
0.17 -0.0285675
0.18 -0.0319904
0.19 -0.0356004
0.2 -0.0393961
0.21 -0.043376
0.22 -0.0475387
0.23 -0.0518825
0.24 -0.0564059
0.25 -0.0611072
0.26 -0.0659846
0.27 -0.0710363
0.28 -0.0762606
0.29 -0.0816555
0.3 -0.087219
0.31 -0.0929492
0.32 -0.0988441
0.33 -0.104902
0.34 -0.11112
0.35 -0.117496
0.36 -0.124028
0.37 -0.130715
0.38 -0.137553
0.39 -0.144541
0.4 -0.151676
0.41 -0.158955
0.42 -0.166377
0.43 -0.17394
0.44 -0.18164
0.45 -0.189475
0.46 -0.197443
0.47 -0.205542
0.48 -0.213769
0.49 -0.222121
0.5 -0.230596
0.51 -0.239193
0.52 -0.247907
0.53 -0.256737
0.54 -0.265681
0.55 -0.274736
0.56 -0.283898
0.57 -0.293167
0.58 -0.30254
0.59 -0.312013
0.6 -0.321585
0.61 -0.331254
0.62 -0.341016
0.63 -0.35087
0.64 -0.360813
0.65 -0.370842
0.66 -0.380956
0.67 -0.391153
0.68 -0.401429
0.69 -0.411782
0.7 -0.422211
0.71 -0.432713
0.72 -0.443286
0.73 -0.453928
0.74 -0.464636
0.75 -0.475409
0.76 -0.486244
0.77 -0.497139
0.78 -0.508093
0.79 -0.519103
0.8 -0.530167
0.81 -0.541283
0.82 -0.55245
0.83 -0.563665
0.84 -0.574927
0.85 -0.586234
0.86 -0.597584
0.87 -0.608975
0.88 -0.620406
0.89 -0.631874
0.9 -0.643379
0.91 -0.654918
0.92 -0.66649
0.93 -0.678093
0.94 -0.689727
0.95 -0.701388
0.96 -0.713077
0.97 -0.724791
0.98 -0.736529
0.99 -0.748289
