0 0
0.01 0.00009999
0.02 0.00040008
0.03 0.00090063
0.04 0.00160224
0.05 0.00250576
0.06 0.00361227
0.07 0.0049231
0.08 0.00643985
0.09 0.00816433
0.1 0.0100987
0.11 0.0122451
0.12 0.0146064
0.13 0.0171854
0.14 0.0199852
0.15 0.0230093
0.16 0.0262615
0.17 0.0297456
0.18 0.0334662
0.19 0.0374277
0.2 0.0416353
0.21 0.0460942
0.22 0.0508101
0.23 0.055789
0.24 0.0610372
0.25 0.0665617
0.26 0.0723694
0.27 0.0784681
0.28 0.0848657
0.29 0.0915708
0.3 0.0985923
0.31 0.10594
0.32 0.113623
0.33 0.121652
0.34 0.130039
0.35 0.138795
0.36 0.147932
0.37 0.157463
0.38 0.167403
0.39 0.177764
0.4 0.188563
0.41 0.199815
0.42 0.211537
0.43 0.223746
0.44 0.236461
0.45 0.249702
0.46 0.263489
0.47 0.277843
0.48 0.292788
0.49 0.308347
0.5 0.324547
0.51 0.341412
0.52 0.358973
0.53 0.377257
0.54 0.396297
0.55 0.416126
0.56 0.436778
0.57 0.45829
0.58 0.480702
0.59 0.504054
0.6 0.52839
0.61 0.553755
0.62 0.5802
0.63 0.607774
0.64 0.636533
0.65 0.666534
0.66 0.697839
0.67 0.730513
0.68 0.764626
0.69 0.80025
0.7 0.837463
0.71 0.876348
0.72 0.916995
0.73 0.959496
0.74 1.00395
0.75 1.05047
0.76 1.09916
0.77 1.15015
0.78 1.20356
0.79 1.25954
0.8 1.31824
0.81 1.3798
0.82 1.44441
0.83 1.51224
0.84 1.5835
0.85 1.65838
0.86 1.73713
0.87 1.81998
0.88 1.90719
0.89 1.99905
0.9 2.09586
0.91 2.19796
0.92 2.30569
0.93 2.41946
0.94 2.53967
0.95 2.66678
0.96 2.80129
0.97 2.94374
0.98 3.09471
0.99 3.25484
