0 0
0.01 0.00009961
0.02 0.000398559
0.03 0.000897207
0.04 0.00159615
0.05 0.00249624
0.06 0.00359854
0.07 0.00490439
0.08 0.00641537
0.09 0.0081333
0.1 0.0100603
0.11 0.0121986
0.12 0.0145509
0.13 0.0171201
0.14 0.0199093
0.15 0.0229219
0.16 0.0261616
0.17 0.0296326
0.18 0.033339
0.19 0.0372855
0.2 0.0414771
0.21 0.045919
0.22 0.050617
0.23 0.0555769
0.24 0.0608053
0.25 0.0663087
0.26 0.0720943
0.27 0.0781698
0.28 0.0845432
0.29 0.0912228
0.3 0.0982176
0.31 0.105537
0.32 0.113191
0.33 0.12119
0.34 0.129545
0.35 0.138267
0.36 0.14737
0.37 0.156865
0.38 0.166766
0.39 0.177089
0.4 0.187846
0.41 0.199055
0.42 0.210733
0.43 0.222895
0.44 0.235562
0.45 0.248753
0.46 0.262487
0.47 0.276787
0.48 0.291675
0.49 0.307176
0.5 0.323313
0.51 0.340115
0.52 0.357608
0.53 0.375823
0.54 0.394791
0.55 0.414544
0.56 0.435118
0.57 0.456549
0.58 0.478875
0.59 0.502138
0.6 0.526382
0.61 0.551651
0.62 0.577994
0.63 0.605464
0.64 0.634113
0.65 0.664001
0.66 0.695187
0.67 0.727737
0.68 0.76172
0.69 0.797208
0.7 0.83428
0.71 0.873018
0.72 0.91351
0.73 0.955849
0.74 1.00014
0.75 1.04648
0.76 1.09498
0.77 1.14578
0.78 1.19899
0.79 1.25476
0.8 1.31323
0.81 1.37456
0.82 1.43892
0.83 1.5065
0.84 1.57748
0.85 1.65208
0.86 1.73053
0.87 1.81306
0.88 1.89994
0.89 1.99145
0.9 2.08789
0.91 2.1896
0.92 2.29693
0.93 2.41026
0.94 2.53002
0.95 2.65665
0.96 2.79065
0.97 2.93255
0.98 3.08295
0.99 3.24247
