0 0
0.01 0.00009991
0.02 0.00039976
0.03 0.00089991
0.04 0.00160096
0.05 0.00250375
0.06 0.00360938
0.07 0.00491916
0.08 0.00643469
0.09 0.0081578
0.1 0.0100906
0.11 0.0122354
0.12 0.0145948
0.13 0.0171717
0.14 0.0199692
0.15 0.0229909
0.16 0.0262404
0.17 0.0297218
0.18 0.0334394
0.19 0.0373978
0.2 0.041602
0.21 0.0460573
0.22 0.0507695
0.23 0.0557443
0.24 0.0609884
0.25 0.0665084
0.26 0.0723115
0.27 0.0784053
0.28 0.0847978
0.29 0.0914975
0.3 0.0985134
0.31 0.105855
0.32 0.113532
0.33 0.121555
0.34 0.129935
0.35 0.138684
0.36 0.147814
0.37 0.157337
0.38 0.167269
0.39 0.177622
0.4 0.188412
0.41 0.199655
0.42 0.211367
0.43 0.223567
0.44 0.236272
0.45 0.249502
0.46 0.263278
0.47 0.277621
0.48 0.292554
0.49 0.308101
0.5 0.324287
0.51 0.341139
0.52 0.358685
0.53 0.376955
0.54 0.39598
0.55 0.415793
0.56 0.436429
0.57 0.457924
0.58 0.480317
0.59 0.503651
0.6 0.527967
0.61 0.553312
0.62 0.579735
0.63 0.607287
0.64 0.636023
0.65 0.666001
0.66 0.697281
0.67 0.729929
0.68 0.764014
0.69 0.799609
0.7 0.836793
0.71 0.875647
0.72 0.916261
0.73 0.958728
0.74 1.00315
0.75 1.04963
0.76 1.09828
0.77 1.14923
0.78 1.2026
0.79 1.25853
0.8 1.31718
0.81 1.3787
0.82 1.44325
0.83 1.51103
0.84 1.58223
0.85 1.65706
0.86 1.73574
0.87 1.81852
0.88 1.90566
0.89 1.99745
0.9 2.09418
0.91 2.1962
0.92 2.30385
0.93 2.41752
0.94 2.53764
0.95 2.66465
0.96 2.79905
0.97 2.94138
0.98 3.09223
0.99 3.25224
