0 0
0.01 0.0000997243
0.02 0.000399017
0.03 0.000898237
0.04 0.00159798
0.05 0.0024991
0.06 0.00360267
0.07 0.00491002
0.08 0.00642273
0.09 0.00814263
0.1 0.0100718
0.11 0.0122126
0.12 0.0145676
0.13 0.0171397
0.14 0.0199321
0.15 0.0229482
0.16 0.0261917
0.17 0.0296666
0.18 0.0333772
0.19 0.0373283
0.2 0.0415247
0.21 0.0459717
0.22 0.0506751
0.23 0.0556407
0.24 0.060875
0.25 0.0663848
0.26 0.0721771
0.27 0.0782595
0.28 0.0846402
0.29 0.0913274
0.3 0.0983303
0.31 0.105658
0.32 0.113321
0.33 0.121329
0.34 0.129693
0.35 0.138426
0.36 0.147539
0.37 0.157045
0.38 0.166958
0.39 0.177292
0.4 0.188062
0.41 0.199284
0.42 0.210974
0.43 0.223151
0.44 0.235833
0.45 0.249038
0.46 0.262788
0.47 0.277105
0.48 0.29201
0.49 0.307528
0.5 0.323684
0.51 0.340505
0.52 0.358019
0.53 0.376255
0.54 0.395244
0.55 0.41502
0.56 0.435617
0.57 0.457072
0.58 0.479425
0.59 0.502714
0.6 0.526986
0.61 0.552284
0.62 0.578658
0.63 0.606158
0.64 0.634841
0.65 0.664763
0.66 0.695985
0.67 0.728572
0.68 0.762594
0.69 0.798123
0.7 0.835237
0.71 0.874019
0.72 0.914558
0.73 0.956946
0.74 1.00128
0.75 1.04768
0.76 1.09624
0.77 1.14709
0.78 1.20036
0.79 1.2562
0.8 1.31473
0.81 1.37613
0.82 1.44057
0.83 1.50822
0.84 1.57929
0.85 1.65398
0.86 1.73251
0.87 1.81514
0.88 1.90212
0.89 1.99373
0.9 2.09029
0.91 2.19211
0.92 2.29956
0.93 2.41303
0.94 2.53292
0.95 2.65969
0.96 2.79385
0.97 2.93592
0.98 3.08648
0.99 3.24619
