0 0
0.01 0.0001
0.02 0.00040012
0.03 0.00090072
0.04 0.0016024
0.05 0.00250601
0.06 0.00361263
0.07 0.0049236
0.08 0.00644049
0.09 0.00816515
0.1 0.0100997
0.11 0.0122464
0.12 0.0146079
0.13 0.0171871
0.14 0.0199872
0.15 0.0230116
0.16 0.0262641
0.17 0.0297486
0.18 0.0334695
0.19 0.0374315
0.2 0.0416395
0.21 0.0460988
0.22 0.0508152
0.23 0.0557946
0.24 0.0610433
0.25 0.0665683
0.26 0.0723766
0.27 0.0784759
0.28 0.0848742
0.29 0.09158
0.3 0.0986021
0.31 0.10595
0.32 0.113634
0.33 0.121664
0.34 0.130052
0.35 0.138809
0.36 0.147947
0.37 0.157479
0.38 0.167419
0.39 0.177782
0.4 0.188582
0.41 0.199835
0.42 0.211558
0.43 0.223768
0.44 0.236485
0.45 0.249727
0.46 0.263515
0.47 0.277871
0.48 0.292817
0.49 0.308378
0.5 0.324579
0.51 0.341447
0.52 0.359009
0.53 0.377295
0.54 0.396337
0.55 0.416168
0.56 0.436822
0.57 0.458336
0.58 0.48075
0.59 0.504104
0.6 0.528443
0.61 0.553811
0.62 0.580258
0.63 0.607835
0.64 0.636596
0.65 0.666601
0.66 0.697909
0.67 0.730587
0.68 0.764702
0.69 0.80033
0.7 0.837547
0.71 0.876436
0.72 0.917086
0.73 0.959592
0.74 1.00405
0.75 1.05057
0.76 1.09927
0.77 1.15026
0.78 1.20368
0.79 1.25967
0.8 1.31837
0.81 1.37994
0.82 1.44455
0.83 1.51239
0.84 1.58366
0.85 1.65855
0.86 1.7373
0.87 1.82016
0.88 1.90738
0.89 1.99925
0.9 2.09607
0.91 2.19818
0.92 2.30592
0.93 2.4197
0.94 2.53992
0.95 2.66705
0.96 2.80157
0.97 2.94403
0.98 3.09502
0.99 3.25517
