0 0.000266667
0.01 0.000272053
0.02 0.000277548
0.03 0.000283154
0.04 0.000288873
0.05 0.000294708
0.06 0.000300661
0.07 0.000306734
0.08 0.00031293
0.09 0.00031925
0.1 0.000325699
0.11 0.000332277
0.12 0.000338989
0.13 0.000345836
0.14 0.000352821
0.15 0.000359948
0.16 0.000367218
0.17 0.000374635
0.18 0.000382202
0.19 0.000389922
0.2 0.000397798
0.21 0.000405833
0.22 0.00041403
0.23 0.000422393
0.24 0.000430925
0.25 0.000439628
0.26 0.000448508
0.27 0.000457567
0.28 0.000466809
0.29 0.000476238
0.3 0.000485857
0.31 0.00049567
0.32 0.000505682
0.33 0.000515896
0.34 0.000526316
0.35 0.000536946
0.36 0.000547792
0.37 0.000558856
0.38 0.000570143
0.39 0.000581659
0.4 0.000593407
0.41 0.000605393
0.42 0.00061762
0.43 0.000630095
0.44 0.000642821
0.45 0.000655804
0.46 0.00066905
0.47 0.000682563
0.48 0.000696349
0.49 0.000710413
0.5 0.000724762
0.51 0.0007394
0.52 0.000754333
0.53 0.000769569
0.54 0.000785112
0.55 0.000800968
0.56 0.000817145
0.57 0.000833649
0.58 0.000850486
0.59 0.000867663
0.6 0.000885186
0.61 0.000903064
0.62 0.000921302
0.63 0.000939909
0.64 0.000958892
0.65 0.000978258
0.66 0.000998014
0.67 0.00101817
0.68 0.00103873
0.69 0.00105971
0.7 0.00108111
0.71 0.00110295
0.72 0.00112522
0.73 0.00114794
0.74 0.00117113
0.75 0.00119478
0.76 0.00121891
0.77 0.00124352
0.78 0.00126863
0.79 0.00129425
0.8 0.00132039
0.81 0.00134705
0.82 0.00137426
0.83 0.00140201
0.84 0.00143032
0.85 0.0014592
0.86 0.00148867
0.87 0.00151873
0.88 0.0015494
0.89 0.00158069
0.9 0.00161261
0.91 0.00164517
0.92 0.00167839
0.93 0.00171228
0.94 0.00174686
0.95 0.00178213
0.96 0.00181811
0.97 0.00185482
0.98 0.00189228
0.99 0.00193048
