0 0.00333333
0.01 0.00340056
0.02 0.00346914
0.03 0.0035391
0.04 0.00361047
0.05 0.00368329
0.06 0.00375757
0.07 0.00383335
0.08 0.00391066
0.09 0.00398952
0.1 0.00406998
0.11 0.00415205
0.12 0.00423579
0.13 0.00432121
0.14 0.00440835
0.15 0.00449725
0.16 0.00458794
0.17 0.00468045
0.18 0.00477484
0.19 0.00487112
0.2 0.00496934
0.21 0.00506955
0.22 0.00517177
0.23 0.00527605
0.24 0.00538244
0.25 0.00549096
0.26 0.00560168
0.27 0.00571462
0.28 0.00582984
0.29 0.00594738
0.3 0.00606728
0.31 0.00618961
0.32 0.00631439
0.33 0.00644169
0.34 0.00657155
0.35 0.00670402
0.36 0.00683916
0.37 0.00697703
0.38 0.00711766
0.39 0.00726113
0.4 0.00740749
0.41 0.00755679
0.42 0.0077091
0.43 0.00786447
0.44 0.00802296
0.45 0.00818465
0.46 0.00834959
0.47 0.00851784
0.48 0.00868949
0.49 0.00886458
0.5 0.00904319
0.51 0.0092254
0.52 0.00941127
0.53 0.00960087
0.54 0.00979429
0.55 0.0099916
0.56 0.0101929
0.57 0.0103982
0.58 0.0106076
0.59 0.0108213
0.6 0.0110392
0.61 0.0112615
0.62 0.0114883
0.63 0.0117197
0.64 0.0119556
0.65 0.0121964
0.66 0.0124419
0.67 0.0126924
0.68 0.0129479
0.69 0.0132086
0.7 0.0134744
0.71 0.0137456
0.72 0.0140223
0.73 0.0143045
0.74 0.0145923
0.75 0.0148859
0.76 0.0151855
0.77 0.015491
0.78 0.0158026
0.79 0.0161205
0.8 0.0164447
0.81 0.0167755
0.82 0.0171129
0.83 0.017457
0.84 0.017808
0.85 0.018166
0.86 0.0185312
0.87 0.0189038
0.88 0.0192837
0.89 0.0196713
0.9 0.0200666
0.91 0.0204698
0.92 0.0208811
0.93 0.0213006
0.94 0.0217285
0.95 0.0221649
0.96 0.0226101
0.97 0.0230641
0.98 0.0235272
0.99 0.0239995
