0 0.0002
0.01 0.00020404
0.02 0.000208161
0.03 0.000212366
0.04 0.000216656
0.05 0.000221032
0.06 0.000225497
0.07 0.000230052
0.08 0.000234698
0.09 0.000239439
0.1 0.000244276
0.11 0.00024921
0.12 0.000254244
0.13 0.000259379
0.14 0.000264618
0.15 0.000269964
0.16 0.000275417
0.17 0.00028098
0.18 0.000286655
0.19 0.000292446
0.2 0.000298353
0.21 0.000304379
0.22 0.000310527
0.23 0.0003168
0.24 0.000323199
0.25 0.000329727
0.26 0.000336387
0.27 0.000343182
0.28 0.000350114
0.29 0.000357186
0.3 0.000364401
0.31 0.000371761
0.32 0.00037927
0.33 0.000386931
0.34 0.000394747
0.35 0.00040272
0.36 0.000410854
0.37 0.000419153
0.38 0.00042762
0.39 0.000436257
0.4 0.000445069
0.41 0.000454058
0.42 0.00046323
0.43 0.000472586
0.44 0.000482132
0.45 0.00049187
0.46 0.000501805
0.47 0.000511941
0.48 0.000522281
0.49 0.00053283
0.5 0.000543592
0.51 0.000554572
0.52 0.000565773
0.53 0.000577201
0.54 0.000588859
0.55 0.000600753
0.56 0.000612887
0.57 0.000625266
0.58 0.000637895
0.59 0.000650779
0.6 0.000663923
0.61 0.000677333
0.62 0.000691013
0.63 0.00070497
0.64 0.000719209
0.65 0.000733735
0.66 0.000748554
0.67 0.000763673
0.68 0.000779097
0.69 0.000794832
0.7 0.000810886
0.71 0.000827263
0.72 0.000843971
0.73 0.000861016
0.74 0.000878406
0.75 0.000896147
0.76 0.000914246
0.77 0.00093271
0.78 0.000951548
0.79 0.000970765
0.8 0.000990371
0.81 0.00101037
0.82 0.00103078
0.83 0.0010516
0.84 0.00107283
0.85 0.0010945
0.86 0.0011166
0.87 0.00113915
0.88 0.00116216
0.89 0.00118563
0.9 0.00120957
0.91 0.001234
0.92 0.00125892
0.93 0.00128434
0.94 0.00131028
0.95 0.00133674
0.96 0.00136374
0.97 0.00139128
0.98 0.00141937
0.99 0.00144803
