0 0.000666667
0.01 0.00068013
0.02 0.000693865
0.03 0.000707877
0.04 0.000722172
0.05 0.000736756
0.06 0.000751634
0.07 0.000766813
0.08 0.000782299
0.09 0.000798097
0.1 0.000814214
0.11 0.000830656
0.12 0.000847431
0.13 0.000864544
0.14 0.000882003
0.15 0.000899815
0.16 0.000917986
0.17 0.000936524
0.18 0.000955436
0.19 0.00097473
0.2 0.000994414
0.21 0.00101449
0.22 0.00103498
0.23 0.00105588
0.24 0.0010772
0.25 0.00109896
0.26 0.00112115
0.27 0.00114379
0.28 0.00116689
0.29 0.00119045
0.3 0.00121449
0.31 0.00123901
0.32 0.00126403
0.33 0.00128956
0.34 0.0013156
0.35 0.00134216
0.36 0.00136926
0.37 0.00139691
0.38 0.00142512
0.39 0.0014539
0.4 0.00148325
0.41 0.0015132
0.42 0.00154376
0.43 0.00157493
0.44 0.00160673
0.45 0.00163917
0.46 0.00167227
0.47 0.00170604
0.48 0.00174048
0.49 0.00177563
0.5 0.00181148
0.51 0.00184805
0.52 0.00188537
0.53 0.00192343
0.54 0.00196227
0.55 0.00200189
0.56 0.0020423
0.57 0.00208354
0.58 0.0021256
0.59 0.00216852
0.6 0.0022123
0.61 0.00225696
0.62 0.00230253
0.63 0.00234901
0.64 0.00239643
0.65 0.00244481
0.66 0.00249417
0.67 0.00254452
0.68 0.00259589
0.69 0.00264829
0.7 0.00270175
0.71 0.00275629
0.72 0.00281193
0.73 0.00286869
0.74 0.0029266
0.75 0.00298567
0.76 0.00304594
0.77 0.00310742
0.78 0.00317014
0.79 0.00323413
0.8 0.00329941
0.81 0.003366
0.82 0.00343394
0.83 0.00350324
0.84 0.00357395
0.85 0.00364608
0.86 0.00371966
0.87 0.00379473
0.88 0.00387132
0.89 0.00394944
0.9 0.00402914
0.91 0.00411045
0.92 0.0041934
0.93 0.00427802
0.94 0.00436434
0.95 0.00445241
0.96 0.00454225
0.97 0.0046339
0.98 0.0047274
0.99 0.00482278
