0 0
0.01 -0.00009983
0.02 -0.00039928
0.03 -0.000898231
0.04 -0.00159648
0.05 -0.00249376
0.06 -0.00358969
0.07 -0.00488386
0.08 -0.00637574
0.09 -0.00806474
0.1 -0.00995019
0.11 -0.0120313
0.12 -0.0143074
0.13 -0.0167774
0.14 -0.0194405
0.15 -0.0222955
0.16 -0.0253415
0.17 -0.0285771
0.18 -0.0320011
0.19 -0.0356123
0.2 -0.0394093
0.21 -0.0433905
0.22 -0.0475546
0.23 -0.0518999
0.24 -0.0564248
0.25 -0.0611276
0.26 -0.0660066
0.27 -0.0710601
0.28 -0.0762861
0.29 -0.0816827
0.3 -0.0872481
0.31 -0.0929803
0.32 -0.0988771
0.33 -0.104937
0.34 -0.111157
0.35 -0.117535
0.36 -0.12407
0.37 -0.130759
0.38 -0.137599
0.39 -0.144589
0.4 -0.151726
0.41 -0.159008
0.42 -0.166433
0.43 -0.173998
0.44 -0.1817
0.45 -0.189538
0.46 -0.197509
0.47 -0.20561
0.48 -0.21384
0.49 -0.222195
0.5 -0.230673
0.51 -0.239273
0.52 -0.24799
0.53 -0.256823
0.54 -0.26577
0.55 -0.274827
0.56 -0.283993
0.57 -0.293265
0.58 -0.302641
0.59 -0.312117
0.6 -0.321693
0.61 -0.331364
0.62 -0.34113
0.63 -0.350987
0.64 -0.360933
0.65 -0.370966
0.66 -0.381084
0.67 -0.391283
0.68 -0.401563
0.69 -0.41192
0.7 -0.422352
0.71 -0.432858
0.72 -0.443434
0.73 -0.45408
0.74 -0.464791
0.75 -0.475568
0.76 -0.486406
0.77 -0.497305
0.78 -0.508263
0.79 -0.519276
0.8 -0.530344
0.81 -0.541464
0.82 -0.552635
0.83 -0.563854
0.84 -0.575119
0.85 -0.58643
0.86 -0.597784
0.87 -0.609179
0.88 -0.620613
0.89 -0.632085
0.9 -0.643594
0.91 -0.655137
0.92 -0.666713
0.93 -0.67832
0.94 -0.689957
0.95 -0.701623
0.96 -0.713315
0.97 -0.725033
0.98 -0.736775
0.99 -0.748539
