0 0
0.01 -0.0000999867
0.02 -0.000399907
0.03 -0.00089964
0.04 -0.00159899
0.05 -0.00249767
0.06 -0.00359533
0.07 -0.00489152
0.08 -0.00638574
0.09 -0.00807739
0.1 -0.0099658
0.11 -0.0120502
0.12 -0.0143298
0.13 -0.0168038
0.14 -0.019471
0.15 -0.0223305
0.16 -0.0253812
0.17 -0.0286219
0.18 -0.0320514
0.19 -0.0356682
0.2 -0.0394711
0.21 -0.0434586
0.22 -0.0476292
0.23 -0.0519813
0.24 -0.0565133
0.25 -0.0612235
0.26 -0.0661102
0.27 -0.0711716
0.28 -0.0764058
0.29 -0.0818109
0.3 -0.087385
0.31 -0.0931262
0.32 -0.0990323
0.33 -0.105101
0.34 -0.111331
0.35 -0.11772
0.36 -0.124265
0.37 -0.130964
0.38 -0.137815
0.39 -0.144816
0.4 -0.151964
0.41 -0.159258
0.42 -0.166694
0.43 -0.174271
0.44 -0.181985
0.45 -0.189836
0.46 -0.197819
0.47 -0.205933
0.48 -0.214176
0.49 -0.222544
0.5 -0.231035
0.51 -0.239648
0.52 -0.248379
0.53 -0.257226
0.54 -0.266187
0.55 -0.275259
0.56 -0.284439
0.57 -0.293725
0.58 -0.303116
0.59 -0.312607
0.6 -0.322198
0.61 -0.331884
0.62 -0.341665
0.63 -0.351538
0.64 -0.3615
0.65 -0.371548
0.66 -0.381682
0.67 -0.391897
0.68 -0.402193
0.69 -0.412566
0.7 -0.423015
0.71 -0.433537
0.72 -0.44413
0.73 -0.454792
0.74 -0.465521
0.75 -0.476314
0.76 -0.48717
0.77 -0.498086
0.78 -0.50906
0.79 -0.520091
0.8 -0.531176
0.81 -0.542314
0.82 -0.553502
0.83 -0.564739
0.84 -0.576022
0.85 -0.58735
0.86 -0.598722
0.87 -0.610134
0.88 -0.621587
0.89 -0.633077
0.9 -0.644604
0.91 -0.656165
0.92 -0.667759
0.93 -0.679384
0.94 -0.69104
0.95 -0.702724
0.96 -0.714434
0.97 -0.726171
0.98 -0.737931
0.99 -0.749714
