0 0
0.01 -0.0000999633
0.02 -0.000399813
0.03 -0.00089943
0.04 -0.00159861
0.05 -0.00249709
0.06 -0.00359449
0.07 -0.00489038
0.08 -0.00638425
0.09 -0.00807551
0.1 -0.00996348
0.11 -0.0120474
0.12 -0.0143265
0.13 -0.0167998
0.14 -0.0194665
0.15 -0.0223253
0.16 -0.0253753
0.17 -0.0286152
0.18 -0.0320439
0.19 -0.0356599
0.2 -0.0394619
0.21 -0.0434485
0.22 -0.0476181
0.23 -0.0519692
0.24 -0.0565001
0.25 -0.0612093
0.26 -0.0660948
0.27 -0.071155
0.28 -0.076388
0.29 -0.0817918
0.3 -0.0873647
0.31 -0.0931045
0.32 -0.0990092
0.33 -0.105077
0.34 -0.111305
0.35 -0.117692
0.36 -0.124236
0.37 -0.130933
0.38 -0.137783
0.39 -0.144782
0.4 -0.151929
0.41 -0.159221
0.42 -0.166655
0.43 -0.17423
0.44 -0.181943
0.45 -0.189791
0.46 -0.197773
0.47 -0.205885
0.48 -0.214126
0.49 -0.222492
0.5 -0.230982
0.51 -0.239592
0.52 -0.248321
0.53 -0.257166
0.54 -0.266125
0.55 -0.275194
0.56 -0.284373
0.57 -0.293657
0.58 -0.303045
0.59 -0.312534
0.6 -0.322122
0.61 -0.331807
0.62 -0.341585
0.63 -0.351456
0.64 -0.361415
0.65 -0.371462
0.66 -0.381593
0.67 -0.391806
0.68 -0.402099
0.69 -0.41247
0.7 -0.422916
0.71 -0.433436
0.72 -0.444027
0.73 -0.454686
0.74 -0.465412
0.75 -0.476203
0.76 -0.487056
0.77 -0.49797
0.78 -0.508942
0.79 -0.51997
0.8 -0.531052
0.81 -0.542187
0.82 -0.553373
0.83 -0.564607
0.84 -0.575888
0.85 -0.587213
0.86 -0.598582
0.87 -0.609992
0.88 -0.621442
0.89 -0.632929
0.9 -0.644453
0.91 -0.656012
0.92 -0.667603
0.93 -0.679226
0.94 -0.690879
0.95 -0.70256
0.96 -0.714268
0.97 -0.726001
0.98 -0.737759
0.99 -0.749539
