0 0
0.01 -0.0000999467
0.02 -0.000399747
0.03 -0.00089928
0.04 -0.00159835
0.05 -0.00249667
0.06 -0.00359389
0.07 -0.00488957
0.08 -0.00638319
0.09 -0.00807416
0.1 -0.00996182
0.11 -0.0120454
0.12 -0.0143241
0.13 -0.016797
0.14 -0.0194632
0.15 -0.0223216
0.16 -0.0253711
0.17 -0.0286105
0.18 -0.0320385
0.19 -0.0356539
0.2 -0.0394553
0.21 -0.0434412
0.22 -0.0476102
0.23 -0.0519605
0.24 -0.0564907
0.25 -0.0611991
0.26 -0.0660838
0.27 -0.0711431
0.28 -0.0763752
0.29 -0.0817782
0.3 -0.0873501
0.31 -0.0930889
0.32 -0.0989927
0.33 -0.105059
0.34 -0.111287
0.35 -0.117673
0.36 -0.124215
0.37 -0.130911
0.38 -0.13776
0.39 -0.144758
0.4 -0.151904
0.41 -0.159194
0.42 -0.166627
0.43 -0.174201
0.44 -0.181913
0.45 -0.18976
0.46 -0.19774
0.47 -0.205851
0.48 -0.21409
0.49 -0.222455
0.5 -0.230943
0.51 -0.239552
0.52 -0.24828
0.53 -0.257123
0.54 -0.26608
0.55 -0.275148
0.56 -0.284325
0.57 -0.293608
0.58 -0.302994
0.59 -0.312482
0.6 -0.322069
0.61 -0.331752
0.62 -0.341529
0.63 -0.351397
0.64 -0.361355
0.65 -0.3714
0.66 -0.381529
0.67 -0.391741
0.68 -0.402032
0.69 -0.412401
0.7 -0.422846
0.71 -0.433364
0.72 -0.443953
0.73 -0.45461
0.74 -0.465335
0.75 -0.476124
0.76 -0.486975
0.77 -0.497887
0.78 -0.508857
0.79 -0.519883
0.8 -0.530964
0.81 -0.542097
0.82 -0.553281
0.83 -0.564513
0.84 -0.575792
0.85 -0.587115
0.86 -0.598482
0.87 -0.60989
0.88 -0.621338
0.89 -0.632824
0.9 -0.644346
0.91 -0.655902
0.92 -0.667492
0.93 -0.679113
0.94 -0.690763
0.95 -0.702443
0.96 -0.714149
0.97 -0.72588
0.98 -0.737636
0.99 -0.749414
