0 0
0.01 -0.0000999833
0.02 -0.000399893
0.03 -0.00089961
0.04 -0.00159893
0.05 -0.00249759
0.06 -0.00359521
0.07 -0.00489136
0.08 -0.00638553
0.09 -0.00807712
0.1 -0.00996547
0.11 -0.0120498
0.12 -0.0143294
0.13 -0.0168032
0.14 -0.0194703
0.15 -0.0223298
0.16 -0.0253804
0.17 -0.028621
0.18 -0.0320503
0.19 -0.035667
0.2 -0.0394698
0.21 -0.0434572
0.22 -0.0476276
0.23 -0.0519796
0.24 -0.0565114
0.25 -0.0612215
0.26 -0.066108
0.27 -0.0711692
0.28 -0.0764032
0.29 -0.0818082
0.3 -0.0873821
0.31 -0.0931231
0.32 -0.099029
0.33 -0.105098
0.34 -0.111327
0.35 -0.117716
0.36 -0.12426
0.37 -0.130959
0.38 -0.13781
0.39 -0.144811
0.4 -0.151959
0.41 -0.159253
0.42 -0.166689
0.43 -0.174265
0.44 -0.181979
0.45 -0.189829
0.46 -0.197812
0.47 -0.205926
0.48 -0.214168
0.49 -0.222536
0.5 -0.231028
0.51 -0.23964
0.52 -0.248371
0.53 -0.257218
0.54 -0.266178
0.55 -0.275249
0.56 -0.284429
0.57 -0.293716
0.58 -0.303106
0.59 -0.312597
0.6 -0.322187
0.61 -0.331873
0.62 -0.341654
0.63 -0.351526
0.64 -0.361488
0.65 -0.371536
0.66 -0.381669
0.67 -0.391884
0.68 -0.40218
0.69 -0.412553
0.7 -0.423001
0.71 -0.433523
0.72 -0.444115
0.73 -0.454777
0.74 -0.465505
0.75 -0.476298
0.76 -0.487154
0.77 -0.498069
0.78 -0.509043
0.79 -0.520074
0.8 -0.531159
0.81 -0.542296
0.82 -0.553483
0.83 -0.56472
0.84 -0.576003
0.85 -0.587331
0.86 -0.598702
0.87 -0.610114
0.88 -0.621566
0.89 -0.633056
0.9 -0.644582
0.91 -0.656143
0.92 -0.667737
0.93 -0.679362
0.94 -0.691017
0.95 -0.7027
0.96 -0.714411
0.97 -0.726146
0.98 -0.737906
0.99 -0.749689
