0 0
0.01 0.0000999767
0.02 0.000400027
0.03 0.00090051
0.04 0.00160203
0.05 0.00250543
0.06 0.00361179
0.07 0.00492245
0.08 0.00643899
0.09 0.00816324
0.1 0.0100973
0.11 0.0122435
0.12 0.0146045
0.13 0.0171831
0.14 0.0199826
0.15 0.0230063
0.16 0.026258
0.17 0.0297417
0.18 0.0334617
0.19 0.0374227
0.2 0.0416298
0.21 0.0460881
0.22 0.0508033
0.23 0.0557815
0.24 0.0610291
0.25 0.0665528
0.26 0.0723598
0.27 0.0784576
0.28 0.0848544
0.29 0.0915586
0.3 0.0985791
0.31 0.105925
0.32 0.113608
0.33 0.121636
0.34 0.130022
0.35 0.138776
0.36 0.147912
0.37 0.157442
0.38 0.16738
0.39 0.17774
0.4 0.188538
0.41 0.199788
0.42 0.211508
0.43 0.223716
0.44 0.23643
0.45 0.249669
0.46 0.263453
0.47 0.277806
0.48 0.292749
0.49 0.308306
0.5 0.324503
0.51 0.341367
0.52 0.358925
0.53 0.377207
0.54 0.396244
0.55 0.41607
0.56 0.43672
0.57 0.458229
0.58 0.480638
0.59 0.503987
0.6 0.528319
0.61 0.553682
0.62 0.580122
0.63 0.607693
0.64 0.636448
0.65 0.666445
0.66 0.697746
0.67 0.730416
0.68 0.764524
0.69 0.800143
0.7 0.837351
0.71 0.876232
0.72 0.916872
0.73 0.959368
0.74 1.00382
0.75 1.05033
0.76 1.09901
0.77 1.14999
0.78 1.2034
0.79 1.25937
0.8 1.31806
0.81 1.37962
0.82 1.44422
0.83 1.51204
0.84 1.58329
0.85 1.65816
0.86 1.7369
0.87 1.81973
0.88 1.90693
0.89 1.99878
0.9 2.09558
0.91 2.19766
0.92 2.30538
0.93 2.41913
0.94 2.53933
0.95 2.66643
0.96 2.80092
0.97 2.94335
0.98 3.0943
0.99 3.25441
