0 0
0.01 0.00009981
0.02 0.00039936
0.03 0.000899009
0.04 0.00159936
0.05 0.00250125
0.06 0.00360577
0.07 0.00491424
0.08 0.00642825
0.09 0.00814963
0.1 0.0100805
0.11 0.0122231
0.12 0.0145801
0.13 0.0171545
0.14 0.0199493
0.15 0.0229679
0.16 0.0262142
0.17 0.0296921
0.18 0.0334059
0.19 0.0373604
0.2 0.0415604
0.21 0.0460112
0.22 0.0507186
0.23 0.0556885
0.24 0.0609273
0.25 0.0664418
0.26 0.0722391
0.27 0.0783268
0.28 0.0847129
0.29 0.0914059
0.3 0.0984148
0.31 0.105749
0.32 0.113418
0.33 0.121433
0.34 0.129805
0.35 0.138545
0.36 0.147666
0.37 0.15718
0.38 0.167101
0.39 0.177444
0.4 0.188223
0.41 0.199455
0.42 0.211156
0.43 0.223343
0.44 0.236035
0.45 0.249252
0.46 0.263014
0.47 0.277343
0.48 0.292261
0.49 0.307792
0.5 0.323962
0.51 0.340798
0.52 0.358326
0.53 0.376578
0.54 0.395584
0.55 0.415377
0.56 0.435992
0.57 0.457465
0.58 0.479837
0.59 0.503147
0.6 0.527439
0.61 0.552758
0.62 0.579155
0.63 0.60668
0.64 0.635387
0.65 0.665334
0.66 0.696583
0.67 0.729198
0.68 0.763249
0.69 0.798809
0.7 0.835955
0.71 0.874771
0.72 0.915344
0.73 0.957768
0.74 1.00214
0.75 1.04858
0.76 1.09718
0.77 1.14808
0.78 1.2014
0.79 1.25727
0.8 1.31586
0.81 1.37732
0.82 1.44181
0.83 1.50952
0.84 1.58065
0.85 1.6554
0.86 1.734
0.87 1.8167
0.88 1.90375
0.89 1.99545
0.9 2.09209
0.91 2.194
0.92 2.30154
0.93 2.4151
0.94 2.5351
0.95 2.66198
0.96 2.79625
0.97 2.93844
0.98 3.08914
0.99 3.24898
