0 0
0.01 0.00009996
0.02 0.00039996
0.03 0.00090036
0.04 0.00160176
0.05 0.00250501
0.06 0.00361118
0.07 0.00492163
0.08 0.00643791
0.09 0.00816188
0.1 0.0100956
0.11 0.0122415
0.12 0.0146021
0.13 0.0171803
0.14 0.0199792
0.15 0.0230024
0.16 0.0262536
0.17 0.0297367
0.18 0.0334561
0.19 0.0374165
0.2 0.0416228
0.21 0.0460804
0.22 0.0507949
0.23 0.0557722
0.24 0.0610189
0.25 0.0665417
0.26 0.0723477
0.27 0.0784445
0.28 0.0848403
0.29 0.0915433
0.3 0.0985627
0.31 0.105908
0.32 0.113589
0.33 0.121616
0.34 0.13
0.35 0.138753
0.36 0.147888
0.37 0.157416
0.38 0.167352
0.39 0.177711
0.4 0.188506
0.41 0.199755
0.42 0.211473
0.43 0.223679
0.44 0.23639
0.45 0.249627
0.46 0.26341
0.47 0.27776
0.48 0.2927
0.49 0.308255
0.5 0.324449
0.51 0.34131
0.52 0.358865
0.53 0.377144
0.54 0.396178
0.55 0.416001
0.56 0.436647
0.57 0.458153
0.58 0.480558
0.59 0.503903
0.6 0.528231
0.61 0.553589
0.62 0.580025
0.63 0.607591
0.64 0.636342
0.65 0.666334
0.66 0.69763
0.67 0.730294
0.68 0.764396
0.69 0.800009
0.7 0.837212
0.71 0.876086
0.72 0.91672
0.73 0.959208
0.74 1.00365
0.75 1.05015
0.76 1.09883
0.77 1.1498
0.78 1.2032
0.79 1.25916
0.8 1.31784
0.81 1.37939
0.82 1.44398
0.83 1.51179
0.84 1.58302
0.85 1.65789
0.86 1.73661
0.87 1.81943
0.88 1.90662
0.89 1.99845
0.9 2.09523
0.91 2.1973
0.92 2.305
0.93 2.41873
0.94 2.53891
0.95 2.66598
0.96 2.80045
0.97 2.94286
0.98 3.09378
0.99 3.25386
