0 0
0.01 0.0000998433
0.02 0.000399493
0.03 0.000899309
0.04 0.00159989
0.05 0.00250208
0.06 0.00360697
0.07 0.00491588
0.08 0.0064304
0.09 0.00815236
0.1 0.0100838
0.11 0.0122272
0.12 0.014585
0.13 0.0171602
0.14 0.0199559
0.15 0.0229756
0.16 0.0262229
0.17 0.029702
0.18 0.0334171
0.19 0.0373728
0.2 0.0415742
0.21 0.0460266
0.22 0.0507356
0.23 0.0557071
0.24 0.0609477
0.25 0.066464
0.26 0.0722632
0.27 0.078353
0.28 0.0847412
0.29 0.0914365
0.3 0.0984476
0.31 0.105784
0.32 0.113456
0.33 0.121474
0.34 0.129848
0.35 0.138591
0.36 0.147715
0.37 0.157232
0.38 0.167157
0.39 0.177503
0.4 0.188286
0.41 0.199522
0.42 0.211226
0.43 0.223418
0.44 0.236114
0.45 0.249336
0.46 0.263102
0.47 0.277436
0.48 0.292359
0.49 0.307895
0.5 0.324071
0.51 0.340912
0.52 0.358446
0.53 0.376704
0.54 0.395716
0.55 0.415515
0.56 0.436137
0.57 0.457618
0.58 0.479997
0.59 0.503315
0.6 0.527615
0.61 0.552943
0.62 0.579348
0.63 0.606882
0.64 0.635599
0.65 0.665556
0.66 0.696815
0.67 0.729442
0.68 0.763504
0.69 0.799076
0.7 0.836234
0.71 0.875063
0.72 0.91565
0.73 0.958088
0.74 1.00248
0.75 1.04893
0.76 1.09755
0.77 1.14846
0.78 1.2018
0.79 1.25769
0.8 1.3163
0.81 1.37778
0.82 1.44229
0.83 1.51002
0.84 1.58118
0.85 1.65595
0.86 1.73458
0.87 1.81731
0.88 1.90439
0.89 1.99611
0.9 2.09279
0.91 2.19473
0.92 2.30231
0.93 2.41591
0.94 2.53594
0.95 2.66287
0.96 2.79718
0.97 2.93942
0.98 3.09017
0.99 3.25007
