0 0
0.01 0.0000999967
0.02 0.000400107
0.03 0.00090069
0.04 0.00160235
0.05 0.00250593
0.06 0.00361251
0.07 0.00492343
0.08 0.00644028
0.09 0.00816488
0.1 0.0100993
0.11 0.012246
0.12 0.0146074
0.13 0.0171866
0.14 0.0199866
0.15 0.0230109
0.16 0.0262632
0.17 0.0297476
0.18 0.0334684
0.19 0.0374302
0.2 0.0416381
0.21 0.0460973
0.22 0.0508135
0.23 0.0557927
0.24 0.0610413
0.25 0.0665661
0.26 0.0723742
0.27 0.0784733
0.28 0.0848714
0.29 0.0915769
0.3 0.0985989
0.31 0.105947
0.32 0.11363
0.33 0.12166
0.34 0.130048
0.35 0.138804
0.36 0.147942
0.37 0.157474
0.38 0.167414
0.39 0.177776
0.4 0.188576
0.41 0.199828
0.42 0.211551
0.43 0.223761
0.44 0.236477
0.45 0.249718
0.46 0.263506
0.47 0.277862
0.48 0.292808
0.49 0.308368
0.5 0.324568
0.51 0.341435
0.52 0.358997
0.53 0.377282
0.54 0.396324
0.55 0.416154
0.56 0.436807
0.57 0.458321
0.58 0.480734
0.59 0.504088
0.6 0.528425
0.61 0.553792
0.62 0.580238
0.63 0.607814
0.64 0.636575
0.65 0.666578
0.66 0.697886
0.67 0.730562
0.68 0.764677
0.69 0.800303
0.7 0.837519
0.71 0.876407
0.72 0.917056
0.73 0.95956
0.74 1.00402
0.75 1.05054
0.76 1.09923
0.77 1.15022
0.78 1.20364
0.79 1.25963
0.8 1.31832
0.81 1.37989
0.82 1.44451
0.83 1.51234
0.84 1.5836
0.85 1.6585
0.86 1.73725
0.87 1.8201
0.88 1.90732
0.89 1.99918
0.9 2.096
0.91 2.1981
0.92 2.30585
0.93 2.41962
0.94 2.53984
0.95 2.66696
0.96 2.80148
0.97 2.94394
0.98 3.09491
0.99 3.25506
