0 0
0.01 0.0000998767
0.02 0.000399626
0.03 0.000899609
0.04 0.00160043
0.05 0.00250292
0.06 0.00360817
0.07 0.00491752
0.08 0.00643255
0.09 0.00815508
0.1 0.0100872
0.11 0.0122313
0.12 0.0145899
0.13 0.0171659
0.14 0.0199626
0.15 0.0229833
0.16 0.0262317
0.17 0.0297119
0.18 0.0334282
0.19 0.0373853
0.2 0.0415881
0.21 0.046042
0.22 0.0507525
0.23 0.0557257
0.24 0.060968
0.25 0.0664862
0.26 0.0722874
0.27 0.0783791
0.28 0.0847695
0.29 0.091467
0.3 0.0984805
0.31 0.10582
0.32 0.113494
0.33 0.121514
0.34 0.129892
0.35 0.138638
0.36 0.147764
0.37 0.157285
0.38 0.167213
0.39 0.177563
0.4 0.188349
0.41 0.199588
0.42 0.211297
0.43 0.223492
0.44 0.236193
0.45 0.249419
0.46 0.26319
0.47 0.277528
0.48 0.292456
0.49 0.307998
0.5 0.324179
0.51 0.341025
0.52 0.358566
0.53 0.37683
0.54 0.395848
0.55 0.415654
0.56 0.436283
0.57 0.457771
0.58 0.480157
0.59 0.503483
0.6 0.527791
0.61 0.553128
0.62 0.579542
0.63 0.607085
0.64 0.635811
0.65 0.665778
0.66 0.697048
0.67 0.729685
0.68 0.763759
0.69 0.799342
0.7 0.836514
0.71 0.875355
0.72 0.915955
0.73 0.958408
0.74 1.00281
0.75 1.04928
0.76 1.09791
0.77 1.14884
0.78 1.2022
0.79 1.25811
0.8 1.31674
0.81 1.37824
0.82 1.44277
0.83 1.51053
0.84 1.5817
0.85 1.6565
0.86 1.73516
0.87 1.81791
0.88 1.90503
0.89 1.99678
0.9 2.09348
0.91 2.19546
0.92 2.30308
0.93 2.41671
0.94 2.53679
0.95 2.66376
0.96 2.79812
0.97 2.9404
0.98 3.0912
0.99 3.25115
