0 0.00266667
0.01 0.00272046
0.02 0.00277535
0.03 0.00283134
0.04 0.00288846
0.05 0.00294673
0.06 0.00300618
0.07 0.00306682
0.08 0.00312869
0.09 0.00319181
0.1 0.0032562
0.11 0.00332189
0.12 0.0033889
0.13 0.00345727
0.14 0.00352701
0.15 0.00359816
0.16 0.00367075
0.17 0.0037448
0.18 0.00382034
0.19 0.0038974
0.2 0.00397602
0.21 0.00405622
0.22 0.00413804
0.23 0.00422151
0.24 0.00430667
0.25 0.00439354
0.26 0.00448216
0.27 0.00457256
0.28 0.00466479
0.29 0.00475888
0.3 0.00485486
0.31 0.00495278
0.32 0.00505267
0.33 0.00515457
0.34 0.00525853
0.35 0.00536458
0.36 0.00547276
0.37 0.00558313
0.38 0.00569572
0.39 0.00581058
0.4 0.00592775
0.41 0.00604728
0.42 0.00616922
0.43 0.00629361
0.44 0.00642051
0.45 0.00654996
0.46 0.00668202
0.47 0.00681674
0.48 0.00695418
0.49 0.00709437
0.5 0.00723739
0.51 0.00738329
0.52 0.00753213
0.53 0.00768396
0.54 0.00783884
0.55 0.00799684
0.56 0.00815802
0.57 0.00832245
0.58 0.00849018
0.59 0.00866128
0.6 0.00883583
0.61 0.00901388
0.62 0.00919552
0.63 0.00938081
0.64 0.00956982
0.65 0.00976263
0.66 0.00995932
0.67 0.01016
0.68 0.0103646
0.69 0.0105734
0.7 0.0107864
0.71 0.0110037
0.72 0.0112253
0.73 0.0114514
0.74 0.011682
0.75 0.0119172
0.76 0.0121572
0.77 0.012402
0.78 0.0126517
0.79 0.0129064
0.8 0.0131663
0.81 0.0134313
0.82 0.0137017
0.83 0.0139774
0.84 0.0142587
0.85 0.0145457
0.86 0.0148384
0.87 0.015137
0.88 0.0154415
0.89 0.0157522
0.9 0.0160691
0.91 0.0163923
0.92 0.0167221
0.93 0.0170584
0.94 0.0174014
0.95 0.0177514
0.96 0.0181083
0.97 0.0184724
0.98 0.0188437
0.99 0.0192225
