0 0.002
0.01 0.00204036
0.02 0.00208154
0.03 0.00212355
0.04 0.0021664
0.05 0.00221012
0.06 0.00225472
0.07 0.00230022
0.08 0.00234664
0.09 0.002394
0.1 0.00244231
0.11 0.0024916
0.12 0.00254188
0.13 0.00259318
0.14 0.00264551
0.15 0.0026989
0.16 0.00275336
0.17 0.00280892
0.18 0.0028656
0.19 0.00292343
0.2 0.00298242
0.21 0.00304261
0.22 0.003104
0.23 0.00316664
0.24 0.00323054
0.25 0.00329572
0.26 0.00336223
0.27 0.00343007
0.28 0.00349928
0.29 0.00356989
0.3 0.00364192
0.31 0.0037154
0.32 0.00379037
0.33 0.00386684
0.34 0.00394486
0.35 0.00402445
0.36 0.00410565
0.37 0.00418848
0.38 0.00427298
0.39 0.00435919
0.4 0.00444713
0.41 0.00453684
0.42 0.00462837
0.43 0.00472174
0.44 0.00481699
0.45 0.00491416
0.46 0.00501328
0.47 0.00511441
0.48 0.00521757
0.49 0.00532281
0.5 0.00543017
0.51 0.0055397
0.52 0.00565143
0.53 0.00576541
0.54 0.00588169
0.55 0.00600031
0.56 0.00612132
0.57 0.00624476
0.58 0.00637069
0.59 0.00649916
0.6 0.00663021
0.61 0.0067639
0.62 0.00690029
0.63 0.00703941
0.64 0.00718134
0.65 0.00732613
0.66 0.00747383
0.67 0.0076245
0.68 0.00777821
0.69 0.007935
0.7 0.00809496
0.71 0.00825813
0.72 0.00842458
0.73 0.00859438
0.74 0.00876759
0.75 0.00894429
0.76 0.00912455
0.77 0.00930842
0.78 0.009496
0.79 0.00968734
0.8 0.00988253
0.81 0.0100816
0.82 0.0102848
0.83 0.010492
0.84 0.0107033
0.85 0.0109189
0.86 0.0111389
0.87 0.0113632
0.88 0.0115921
0.89 0.0118255
0.9 0.0120637
0.91 0.0123066
0.92 0.0125544
0.93 0.0128072
0.94 0.0130651
0.95 0.0133281
0.96 0.0135964
0.97 0.0138701
0.98 0.0141493
0.99 0.014434
