0 0.008
0.01 0.00816096
0.02 0.00832515
0.03 0.00849265
0.04 0.00866352
0.05 0.00883782
0.06 0.00901563
0.07 0.00919702
0.08 0.00938205
0.09 0.00957081
0.1 0.00976335
0.11 0.00995977
0.12 0.0101601
0.13 0.0103645
0.14 0.010573
0.15 0.0107857
0.16 0.0110027
0.17 0.011224
0.18 0.0114498
0.19 0.0116801
0.2 0.011915
0.21 0.0121546
0.22 0.0123991
0.23 0.0126484
0.24 0.0129028
0.25 0.0131623
0.26 0.013427
0.27 0.0136969
0.28 0.0139723
0.29 0.0142533
0.3 0.0145398
0.31 0.0148321
0.32 0.0151303
0.33 0.0154344
0.34 0.0157447
0.35 0.0160611
0.36 0.0163839
0.37 0.0167132
0.38 0.0170491
0.39 0.0173916
0.4 0.0177411
0.41 0.0180975
0.42 0.0184611
0.43 0.0188319
0.44 0.0192102
0.45 0.019596
0.46 0.0199896
0.47 0.020391
0.48 0.0208004
0.49 0.0212181
0.5 0.021644
0.51 0.0220785
0.52 0.0225217
0.53 0.0229737
0.54 0.0234347
0.55 0.0239049
0.56 0.0243845
0.57 0.0248737
0.58 0.0253727
0.59 0.0258815
0.6 0.0264006
0.61 0.0269299
0.62 0.0274698
0.63 0.0280205
0.64 0.0285821
0.65 0.029155
0.66 0.0297392
0.67 0.030335
0.68 0.0309427
0.69 0.0315624
0.7 0.0321945
0.71 0.0328391
0.72 0.0334965
0.73 0.034167
0.74 0.0348508
0.75 0.0355481
0.76 0.0362593
0.77 0.0369846
0.78 0.0377242
0.79 0.0384785
0.8 0.0392477
0.81 0.0400322
0.82 0.0408321
0.83 0.0416479
0.84 0.0424798
0.85 0.0433282
0.86 0.0441932
0.87 0.0450754
0.88 0.0459749
0.89 0.0468922
0.9 0.0478276
0.91 0.0487814
0.92 0.049754
0.93 0.0507457
0.94 0.0517569
0.95 0.0527879
0.96 0.0538393
0.97 0.0549112
0.98 0.0560042
0.99 0.0571186
