0 0.001
0.01 0.00102019
0.02 0.00104079
0.03 0.0010618
0.04 0.00108324
0.05 0.00110512
0.06 0.00112743
0.07 0.00115019
0.08 0.00117342
0.09 0.00119711
0.1 0.00122128
0.11 0.00124594
0.12 0.0012711
0.13 0.00129676
0.14 0.00132294
0.15 0.00134965
0.16 0.0013769
0.17 0.0014047
0.18 0.00143307
0.19 0.001462
0.2 0.00149152
0.21 0.00152163
0.22 0.00155235
0.23 0.0015837
0.24 0.00161567
0.25 0.00164829
0.26 0.00168157
0.27 0.00171552
0.28 0.00175016
0.29 0.00178549
0.3 0.00182154
0.31 0.00185831
0.32 0.00189583
0.33 0.00193411
0.34 0.00197315
0.35 0.00201299
0.36 0.00205363
0.37 0.00209509
0.38 0.00213738
0.39 0.00218053
0.4 0.00222455
0.41 0.00226946
0.42 0.00231528
0.43 0.00236201
0.44 0.0024097
0.45 0.00245834
0.46 0.00250797
0.47 0.00255859
0.48 0.00261024
0.49 0.00266293
0.5 0.00271668
0.51 0.00277152
0.52 0.00282747
0.53 0.00288454
0.54 0.00294276
0.55 0.00300216
0.56 0.00306276
0.57 0.00312457
0.58 0.00318764
0.59 0.00325198
0.6 0.00331761
0.61 0.00338457
0.62 0.00345288
0.63 0.00352256
0.64 0.00359366
0.65 0.00366618
0.66 0.00374017
0.67 0.00381565
0.68 0.00389265
0.69 0.0039712
0.7 0.00405134
0.71 0.00413309
0.72 0.00421649
0.73 0.00430157
0.74 0.00438837
0.75 0.00447692
0.76 0.00456725
0.77 0.0046594
0.78 0.00475341
0.79 0.00484931
0.8 0.00494715
0.81 0.00504696
0.82 0.00514878
0.83 0.00525265
0.84 0.00535861
0.85 0.00546671
0.86 0.00557698
0.87 0.00568948
0.88 0.00580424
0.89 0.00592132
0.9 0.00604075
0.91 0.00616259
0.92 0.00628688
0.93 0.00641367
0.94 0.00654302
0.95 0.00667497
0.96 0.00680958
0.97 0.00694689
0.98 0.00708698
0.99 0.00722988
