0 0.004
0.01 0.00408064
0.02 0.00416291
0.03 0.00424684
0.04 0.00433245
0.05 0.0044198
0.06 0.0045089
0.07 0.0045998
0.08 0.00469253
0.09 0.00478714
0.1 0.00488364
0.11 0.0049821
0.12 0.00508253
0.13 0.00518499
0.14 0.00528952
0.15 0.00539615
0.16 0.00550493
0.17 0.00561589
0.18 0.0057291
0.19 0.00584459
0.2 0.0059624
0.21 0.00608258
0.22 0.00620519
0.23 0.00633026
0.24 0.00645785
0.25 0.00658801
0.26 0.00672079
0.27 0.00685625
0.28 0.00699443
0.29 0.00713539
0.3 0.00727919
0.31 0.00742589
0.32 0.00757554
0.33 0.0077282
0.34 0.00788393
0.35 0.00804279
0.36 0.00820485
0.37 0.00837017
0.38 0.00853882
0.39 0.00871085
0.4 0.00888635
0.41 0.00906538
0.42 0.00924801
0.43 0.0094343
0.44 0.00962435
0.45 0.00981821
0.46 0.010016
0.47 0.0102177
0.48 0.0104235
0.49 0.0106334
0.5 0.0108476
0.51 0.011066
0.52 0.0112889
0.53 0.0115162
0.54 0.011748
0.55 0.0119846
0.56 0.0122258
0.57 0.012472
0.58 0.012723
0.59 0.0129791
0.6 0.0132404
0.61 0.0135069
0.62 0.0137787
0.63 0.014056
0.64 0.0143388
0.65 0.0146273
0.66 0.0149216
0.67 0.0152218
0.68 0.0155281
0.69 0.0158404
0.7 0.016159
0.71 0.016484
0.72 0.0168155
0.73 0.0171537
0.74 0.0174986
0.75 0.0178504
0.76 0.0182093
0.77 0.0185753
0.78 0.0189487
0.79 0.0193295
0.8 0.019718
0.81 0.0201142
0.82 0.0205184
0.83 0.0209306
0.84 0.0213511
0.85 0.0217799
0.86 0.0222174
0.87 0.0226635
0.88 0.0231186
0.89 0.0235828
0.9 0.0240562
0.91 0.0245391
0.92 0.0250316
0.93 0.0255339
0.94 0.0260462
0.95 0.0265688
0.96 0.0271017
0.97 0.0276453
0.98 0.0281997
0.99 0.0287651
