0 0.00571429
0.01 0.00582939
0.02 0.00594681
0.03 0.0060666
0.04 0.0061888
0.05 0.00631346
0.06 0.00644062
0.07 0.00657036
0.08 0.0067027
0.09 0.0068377
0.1 0.00697543
0.11 0.00711593
0.12 0.00725925
0.13 0.00740546
0.14 0.00755461
0.15 0.00770677
0.16 0.00786198
0.17 0.00802032
0.18 0.00818185
0.19 0.00834662
0.2 0.00851471
0.21 0.00868618
0.22 0.0088611
0.23 0.00903953
0.24 0.00922155
0.25 0.00940724
0.26 0.00959665
0.27 0.00978988
0.28 0.00998699
0.29 0.0101881
0.3 0.0103932
0.31 0.0106024
0.32 0.0108158
0.33 0.0110336
0.34 0.0112557
0.35 0.0114822
0.36 0.0117133
0.37 0.0119491
0.38 0.0121896
0.39 0.0124349
0.4 0.0126851
0.41 0.0129404
0.42 0.0132007
0.43 0.0134664
0.44 0.0137373
0.45 0.0140137
0.46 0.0142956
0.47 0.0145831
0.48 0.0148765
0.49 0.0151757
0.5 0.0154809
0.51 0.0157922
0.52 0.0161098
0.53 0.0164337
0.54 0.0167641
0.55 0.0171012
0.56 0.0174449
0.57 0.0177956
0.58 0.0181533
0.59 0.0185181
0.6 0.0188903
0.61 0.0192699
0.62 0.019657
0.63 0.020052
0.64 0.0204548
0.65 0.0208657
0.66 0.0212847
0.67 0.0217122
0.68 0.0221482
0.69 0.0225929
0.7 0.0230465
0.71 0.0235091
0.72 0.023981
0.73 0.0244623
0.74 0.0249532
0.75 0.0254539
0.76 0.0259645
0.77 0.0264853
0.78 0.0270166
0.79 0.0275584
0.8 0.0281109
0.81 0.0286745
0.82 0.0292493
0.83 0.0298356
0.84 0.0304335
0.85 0.0310433
0.86 0.0316652
0.87 0.0322994
0.88 0.0329463
0.89 0.033606
0.9 0.0342788
0.91 0.034965
0.92 0.0356647
0.93 0.0363784
0.94 0.0371062
0.95 0.0378484
0.96 0.0386053
0.97 0.0393772
0.98 0.0401643
0.99 0.040967
