0 0.0004
0.01 0.000408079
0.02 0.000416321
0.03 0.00042473
0.04 0.000433308
0.05 0.00044206
0.06 0.000450988
0.07 0.000460097
0.08 0.000469389
0.09 0.00047887
0.1 0.000488541
0.11 0.000498409
0.12 0.000508475
0.13 0.000518745
0.14 0.000529222
0.15 0.000539911
0.16 0.000550815
0.17 0.00056194
0.18 0.00057329
0.19 0.000584868
0.2 0.000596681
0.21 0.000608732
0.22 0.000621026
0.23 0.000633569
0.24 0.000646365
0.25 0.00065942
0.26 0.000672738
0.27 0.000686325
0.28 0.000700186
0.29 0.000714328
0.3 0.000728755
0.31 0.000743473
0.32 0.000758488
0.33 0.000773807
0.34 0.000789435
0.35 0.000805379
0.36 0.000821644
0.37 0.000838238
0.38 0.000855168
0.39 0.000872439
0.4 0.000890058
0.41 0.000908034
0.42 0.000926372
0.43 0.000945081
0.44 0.000964167
0.45 0.000983639
0.46 0.0010035
0.47 0.00102377
0.48 0.00104445
0.49 0.00106554
0.5 0.00108706
0.51 0.00110901
0.52 0.00113141
0.53 0.00115426
0.54 0.00117756
0.55 0.00120135
0.56 0.00122561
0.57 0.00125036
0.58 0.00127561
0.59 0.00130137
0.6 0.00132765
0.61 0.00135446
0.62 0.00138181
0.63 0.00140971
0.64 0.00143818
0.65 0.00146722
0.66 0.00149685
0.67 0.00152707
0.68 0.00155791
0.69 0.00158937
0.7 0.00162146
0.71 0.0016542
0.72 0.00168761
0.73 0.00172168
0.74 0.00175645
0.75 0.00179191
0.76 0.00182809
0.77 0.00186501
0.78 0.00190266
0.79 0.00194108
0.8 0.00198027
0.81 0.00202025
0.82 0.00206104
0.83 0.00210266
0.84 0.00214511
0.85 0.00218842
0.86 0.0022326
0.87 0.00227768
0.88 0.00232366
0.89 0.00237058
0.9 0.00241844
0.91 0.00246726
0.92 0.00251707
0.93 0.00256788
0.94 0.00261972
0.95 0.00267261
0.96 0.00272656
0.97 0.0027816
0.98 0.00283775
0.99 0.00289504
