-1 0
-2 0
-3 0
-3 -1
-3 -2
-4 -2
-4 -3
-5 -3
-5 -2
-6 -2
-7 -2
-7 -1
-6 -1
-6 0
-5 0
-5 1
-4 1
-4 2
-4 3
-5 3
-5 4
-4 4
-3 4
-2 4
-1 4
-1 5
-2 5
-2 6
-2 7
-3 7
-3 6
-3 5
-4 5
-4 6
-4 7
-4 8
-3 8
-2 8
-1 8
-1 9
-2 9
-3 9
-3 10
-2 10
-1 10
-1 11
0 11
0 10
1 10
1 9
0 9
0 8
0 7
1 7
2 7
2 6
1 6
0 6
0 5
0 4
0 3
1 3
1 4
1 5
2 5
2 4
3 4
3 5
3 6
4 6
4 5
5 5
5 6
6 6
7 6
8 6
8 7
8 8
7 8
7 7
6 7
6 8
6 9
6 10
6 11
7 11
7 10
7 9
8 9
9 9
9 10
10 10
10 9
11 9
12 9
13 9
13 8
14 8
15 8
16 8
17 8
17 7
17 6
17 5
17 4
16 4
15 4
15 5
16 5
16 6
16 7
15 7
14 7
13 7
13 6
13 5
13 4
12 4
12 3
13 3
14 3
14 2
15 2
16 2
16 1
17 1
17 2
17 3
18 3
18 4
18 5
19 5
20 5
21 5
21 4
22 4
22 3
23 3
23 2
23 1
24 1
25 1
25 2
24 2
24 3
25 3
25 4
26 4
26 3
26 2
26 1
27 1
27 2
27 3
28 3
29 3
30 3
30 2
30 1
30 0
31 0
32 0
33 0
33 1
32 1
31 1
31 2
32 2
33 2
33 3
34 3
34 2
35 2
36 2
36 3
37 3
37 2
37 1
37 0
37 -1
38 -1
38 0
39 0
39 -1
39 -2
38 -2
38 -3
39 -3
40 -3
40 -2
40 -1
41 -1
42 -1
42 -2
43 -2
44 -2
44 -1
43 -1
43 0
44 0
45 0
45 -1
45 -2
45 -3
45 -4
44 -4
43 -4
43 -5
43 -6
44 -6
44 -5
45 -5
45 -6
46 -6
46 -5
47 -5
47 -4
46 -4
46 -3
47 -3
47 -2
48 -2
48 -1
49 -1
49 -2
49 -3
49 -4
48 -4
48 -5
49 -5
50 -5
51 -5
52 -5
52 -4
53 -4
53 -5
53 -6
52 -6
51 -6
50 -6
49 -6
49 -7
50 -7
50 -8
50 -9
49 -9
49 -10
50 -10
51 -10
51 -11
52 -11
53 -11
54 -11
54 -10
53 -10
52 -10
52 -9
51 -9
51 -8
52 -8
52 -7
53 -7
54 -7
54 -6
55 -6
55 -7
56 -7
56 -8
55 -8
54 -8
53 -8
53 -9
54 -9
55 -9
56 -9
56 -10
56 -11
55 -11
55 -12
54 -12
54 -13
53 -13
53 -12
52 -12
51 -12
51 -13
52 -13
52 -14
51 -14
50 -14
50 -13
50 -12
50 -11
49 -11
48 -11
48 -12
49 -12
49 -13
49 -14
48 -14
47 -14
47 -15
48 -15
48 -16
47 -16
46 -16
46 -15
45 -15
44 -15
44 -16
45 -16
45 -17
46 -17
47 -17
47 -18
46 -18
46 -19
47 -19
47 -20
46 -20
46 -21
46 -22
46 -23
47 -23
47 -22
47 -21
48 -21
49 -21
50 -21
50 -20
49 -20
48 -20
48 -19
49 -19
50 -19
51 -19
51 -20
52 -20
52 -19
53 -19
53 -18
52 -18
51 -18
50 -18
49 -18
48 -18
48 -17
49 -17
49 -16
49 -15
50 -15
50 -16
51 -16
52 -16
53 -16
53 -15
54 -15
55 -15
56 -15
56 -16
55 -16
55 -17
55 -18
55 -19
55 -20
56 -20
56 -21
56 -22
57 -22
57 -21
57 -20
57 -19
56 -19
56 -18
56 -17
57 -17
58 -17
58 -16
58 -15
59 -15
59 -14
58 -14
58 -13
57 -13
56 -13
56 -12
57 -12
57 -11
57 -10
57 -9
58 -9
58 -10
59 -10
59 -9
60 -9
61 -9
61 -10
60 -10
60 -11
61 -11
61 -12
60 -12
60 -13
61 -13
61 -14
60 -14
60 -15
60 -16
59 -16
59 -17
60 -17
60 -18
60 -19
59 -19
59 -20
59 -21
59 -22
60 -22
61 -22
62 -22
63 -22
63 -23
62 -23
62 -24
62 -25
62 -26
62 -27
61 -27
60 -27
60 -28
61 -28
61 -29
62 -29
63 -29
63 -28
64 -28
65 -28
65 -29
66 -29
67 -29
67 -28
66 -28
66 -27
66 -26
67 -26
68 -26
69 -26
69 -25
70 -25
70 -24
70 -23
69 -23
68 -23
67 -23
67 -22
68 -22
69 -22
70 -22
71 -22
71 -21
70 -21
70 -20
69 -20
69 -21
68 -21
67 -21
66 -21
66 -20
65 -20
65 -21
65 -22
65 -23
64 -23
64 -22
64 -21
63 -21
63 -20
62 -20
62 -21
61 -21
60 -21
60 -20
61 -20
61 -19
61 -18
61 -17
61 -16
61 -15
62 -15
62 -14
63 -14
63 -13
63 -12
64 -12
65 -12
65 -11
64 -11
63 -11
62 -11
62 -10
62 -9
63 -9
63 -10
64 -10
65 -10
65 -9
65 -8
65 -7
64 -7
63 -7
62 -7
62 -6
62 -5
61 -5
61 -6
60 -6
60 -7
61 -7
61 -8
60 -8
59 -8
59 -7
59 -6
58 -6
58 -7
58 -8
57 -8
57 -7
57 -6
56 -6
56 -5
56 -4
56 -3
55 -3
55 -4
55 -5
54 -5
54 -4
54 -3
53 -3
53 -2
53 -1
53 0
53 1
52 1
52 0
52 -1
51 -1
51 -2
52 -2
52 -3
51 -3
51 -4
50 -4
50 -3
50 -2
50 -1
50 0
49 0
49 1
49 2
48 2
48 3
48 4
49 4
49 5
49 6
49 7
48 7
48 8
49 8
50 8
50 7
50 6
51 6
51 5
50 5
50 4
51 4
52 4
52 5
52 6
53 6
53 7
52 7
51 7
51 8
51 9
52 9
52 10
52 11
53 11
54 11
54 10
55 10
55 9
55 8
56 8
56 7
57 7
57 8
58 8
58 7
59 7
60 7
61 7
61 8
62 8
62 7
62 6
61 6
61 5
60 5
60 6
59 6
59 5
59 4
60 4
60 3
61 3
62 3
63 3
63 4
64 4
65 4
66 4
66 3
67 3
68 3
69 3
69 4
68 4
68 5
69 5
69 6
68 6
67 6
67 7
68 7
69 7
69 8
70 8
70 7
71 7
72 7
73 7
73 6
74 6
74 5
75 5
76 5
77 5
78 5
78 6
77 6
77 7
76 7
76 8
76 9
77 9
78 9
78 10
77 10
76 10
75 10
75 9
75 8
75 7
74 7
74 8
73 8
72 8
72 9
72 10
72 11
71 11
71 12
71 13
70 13
70 14
71 14
72 14
72 15
73 15
73 16
72 16
72 17
71 17
71 18
70 18
70 17
70 16
71 16
71 15
70 15
69 15
69 14
69 13
68 13
68 14
67 14
67 13
67 12
68 12
69 12
70 12
70 11
70 10
70 9
69 9
68 9
68 8
67 8
67 9
67 10
67 11
66 11
65 11
64 11
64 12
64 13
64 14
63 14
63 13
62 13
62 14
62 15
63 15
63 16
62 16
62 17
61 17
61 18
60 18
59 18
59 17
60 17
60 16
60 15
61 15
61 14
61 13
60 13
60 12
61 12
62 12
62 11
62 10
61 10
61 11
60 11
60 10
59 10
58 10
58 11
59 11
59 12
58 12
57 12
57 13
56 13
56 14
57 14
58 14
58 13
59 13
59 14
59 15
58 15
57 15
56 15
56 16
56 17
55 17
55 16
55 15
54 15
54 14
53 14
53 15
52 15
52 16
52 17
52 18
53 18
53 17
53 16
54 16
54 17
54 18
54 19
53 19
53 20
54 20
55 20
55 19
55 18
56 18
56 19
57 19
58 19
59 19
59 20
58 20
57 20
56 20
56 21
55 21
55 22
56 22
56 23
55 23
55 24
55 25
54 25
54 24
53 24
53 23
54 23
54 22
54 21
53 21
53 22
52 22
52 21
52 20
52 19
51 19
51 18
51 17
51 16
50 16
50 17
49 17
48 17
48 16
48 15
49 15
50 15
50 14
49 14
48 14
47 14
46 14
46 15
46 16
47 16
47 17
47 18
46 18
45 18
45 19
44 19
44 18
43 18
43 19
43 20
43 21
44 21
45 21
45 22
44 22
43 22
43 23
43 24
43 25
42 25
42 24
42 23
42 22
42 21
42 20
42 19
42 18
42 17
43 17
44 17
45 17
45 16
45 15
44 15
43 15
43 14
44 14
45 14
45 13
46 13
47 13
47 12
48 12
48 11
47 11
47 10
48 10
48 9
47 9
47 8
47 7
47 6
47 5
46 5
46 4
46 3
47 3
47 2
47 1
48 1
48 0
47 0
47 -1
46 -1
46 0
46 1
45 1
45 2
44 2
44 1
43 1
42 1
42 2
43 2
43 3
42 3
42 4
42 5
43 5
43 4
44 4
44 3
45 3
45 4
45 5
44 5
44 6
45 6
46 6
46 7
45 7
44 7
43 7
43 6
42 6
41 6
41 5
41 4
40 4
40 5
40 6
39 6
39 7
39 8
39 9
39 10
40 10
40 9
40 8
41 8
41 7
42 7
42 8
43 8
44 8
45 8
46 8
46 9
45 9
45 10
44 10
43 10
42 10
42 9
41 9
41 10
41 11
42 11
43 11
43 12
42 12
41 12
41 13
40 13
40 14
39 14
39 13
38 13
38 14
38 15
39 15
40 15
41 15
41 14
42 14
42 15
42 16
41 16
40 16
39 16
39 17
40 17
41 17
41 18
40 18
39 18
39 19
40 19
41 19
41 20
41 21
40 21
39 21
38 21
38 20
37 20
37 19
38 19
38 18
37 18
37 17
38 17
38 16
37 16
36 16
36 15
35 15
34 15
34 14
33 14
32 14
32 13
32 12
32 11
31 11
31 10
32 10
33 10
33 9
34 9
34 10
35 10
36 10
37 10
37 11
36 11
35 11
34 11
33 11
33 12
33 13
34 13
35 13
35 14
36 14
36 13
37 13
37 12
38 12
38 11
38 10
38 9
37 9
37 8
36 8
36 9
35 9
35 8
34 8
33 8
33 7
34 7
35 7
36 7
36 6
36 5
37 5
37 4
36 4
35 4
34 4
33 4
32 4
32 3
31 3
31 4
31 5
32 5
32 6
31 6
31 7
30 7
30 6
30 5
30 4
29 4
29 5
28 5
28 6
29 6
29 7
28 7
27 7
26 7
25 7
24 7
24 6
23 6
22 6
21 6
20 6
19 6
18 6
18 7
19 7
20 7
20 8
19 8
18 8
18 9
19 9
20 9
20 10
19 10
18 10
18 11
18 12
19 12
19 11
20 11
20 12
21 12
22 12
22 11
21 11
21 10
22 10
23 10
23 9
24 9
24 8
25 8
25 9
26 9
26 8
27 8
27 9
27 10
28 10
28 11
28 12
29 12
29 13
29 14
30 14
30 15
31 15
32 15
33 15
33 16
32 16
31 16
31 17
30 17
30 16
29 16
29 15
28 15
28 16
27 16
27 15
26 15
26 14
27 14
27 13
26 13
25 13
24 13
24 12
23 12
23 13
23 14
22 14
21 14
20 14
19 14
19 13
18 13
18 14
17 14
17 13
16 13
16 14
15 14
15 13
14 13
14 12
14 11
15 11
15 12
16 12
17 12
17 11
16 11
16 10
17 10
17 9
16 9
15 9
14 9
14 10
13 10
13 11
13 12
13 13
12 13
12 12
12 11
11 11
11 12
11 13
11 14
12 14
13 14
13 15
12 15
12 16
13 16
13 17
13 18
13 19
13 20
13 21
12 21
12 20
11 20
10 20
10 19
9 19
9 20
8 20
7 20
7 19
6 19
6 18
6 17
5 17
5 18
4 18
4 19
3 19
2 19
1 19
1 18
0 18
-1 18
-1 17
0 17
1 17
1 16
2 16
2 17
2 18
3 18
3 17
4 17
4 16
3 16
3 15
2 15
2 14
3 14
4 14
4 15
5 15
5 16
6 16
6 15
7 15
8 15
8 16
9 16
10 16
10 15
9 15
9 14
10 14
10 13
9 13
8 13
8 14
7 14
6 14
5 14
5 13
6 13
7 13
7 12
6 12
5 12
4 12
4 11
3 11
3 10
4 10
4 9
3 9
3 8
2 8
2 9
2 10
2 11
1 11
1 12
0 12
-1 12
-1 13
0 13
1 13
1 14
1 15
0 15
0 16
-1 16
-2 16
-2 17
-3 17
-3 16
-4 16
-5 16
-5 17
-4 17
-4 18
-5 18
-6 18
-6 17
-6 16
-7 16
-7 15
-6 15
-5 15
-4 15
-4 14
-5 14
-5 13
-6 13
-7 13
-8 13
-8 12
-9 12
-9 13
-10 13
-11 13
-11 12
-10 12
-10 11
-11 11
-12 11
-12 12
-12 13
-12 14
-12 15
-13 15
-13 16
-14 16
-14 17
-15 17
-15 18
-15 19
-16 19
-16 20
-15 20
-15 21
-16 21
-17 21
-17 22
-16 22
-16 23
-16 24
-15 24
-15 25
-16 25
-16 26
-16 27
-17 27
-18 27
-19 27
-19 26
-18 26
-17 26
-17 25
-18 25
-18 24
-19 24
-19 25
-20 25
-20 24
-20 23
-19 23
-18 23
-18 22
-18 21
-18 20
-17 20
-17 19
-17 18
-16 18
-16 17
-16 16
-16 15
-16 14
-16 13
-17 13
-18 13
-19 13
-19 14
-20 14
-20 13
-21 13
-21 14
-21 15
-21 16
-20 16
-19 16
-18 16
-18 15
-18 14
-17 14
-17 15
-17 16
-17 17
-18 17
-18 18
-19 18
-19 17
-20 17
-20 18
-21 18
-21 19
-21 20
-21 21
-20 21
-20 22
-21 22
-22 22
-22 23
-22 24
-21 24
-21 25
-22 25
-22 26
-23 26
-23 27
-23 28
-24 28
-24 27
-24 26
-24 25
-24 24
-24 23
-25 23
-25 22
-26 22
-26 21
-26 20
-26 19
-25 19
-25 18
-26 18
-26 17
-25 17
-24 17
-24 18
-24 19
-24 20
-23 20
-23 21
-22 21
-22 20
-22 19
-23 19
-23 18
-22 18
-22 17
-23 17
-23 16
-22 16
-22 15
-23 15
-24 15
-24 14
-25 14
-25 13
-24 13
-23 13
-23 14
-22 14
-22 13
-22 12
-23 12
-23 11
-22 11
-22 10
-23 10
-23 9
-22 9
-21 9
-21 8
-21 7
-21 6
-21 5
-20 5
-19 5
-18 5
-18 6
-17 6
-17 5
-17 4
-18 4
-19 4
-19 3
-20 3
-20 2
-19 2
-18 2
-18 3
-17 3
-16 3
-16 2
-17 2
-17 1
-18 1
-19 1
-19 0
-20 0
-20 1
-21 1
-21 2
-22 2
-22 3
-23 3
-23 2
-23 1
-23 0
-22 0
-22 -1
-21 -1
-20 -1
-19 -1
-18 -1
-18 0
-17 0
-17 -1
-16 -1
-15 -1
-14 -1
-14 0
-14 1
-13 1
-13 2
-12 2
-12 1
-11 1
-10 1
-9 1
-8 1
-7 1
-7 0
-8 0
-9 0
-9 -1
-8 -1
-8 -2
-8 -3
-9 -3
-10 -3
-11 -3
-12 -3
-12 -4
-12 -5
-11 -5
-10 -5
-10 -6
-11 -6
-11 -7
-10 -7
-10 -8
-9 -8
-9 -9
-9 -10
-10 -10
-10 -11
-9 -11
-9 -12
-8 -12
-8 -11
-8 -10
-8 -9
-8 -8
-8 -7
-8 -6
-9 -6
-9 -5
-8 -5
-8 -4
-7 -4
-6 -4
-5 -4
-4 -4
-3 -4
-3 -5
-3 -6
-2 -6
-1 -6
-1 -7
-1 -8
-1 -9
-2 -9
-2 -10
-2 -11
-1 -11
0 -11
0 -10
1 -10
2 -10
3 -10
3 -9
2 -9
2 -8
1 -8
1 -7
2 -7
2 -6
3 -6
3 -7
3 -8
4 -8
5 -8
5 -9
5 -10
5 -11
4 -11
4 -12
5 -12
5 -13
5 -14
5 -15
6 -15
6 -16
5 -16
5 -17
4 -17
3 -17
3 -18
2 -18
1 -18
1 -19
0 -19
0 -20
1 -20
1 -21
2 -21
2 -20
2 -19
3 -19
3 -20
3 -21
3 -22
2 -22
1 -22
1 -23
0 -23
0 -22
0 -21
-1 -21
-2 -21
-2 -20
-3 -20
-3 -19
-2 -19
-1 -19
-1 -18
0 -18
0 -17
1 -17
2 -17
2 -16
3 -16
3 -15
4 -15
4 -14
3 -14
3 -13
2 -13
2 -14
2 -15
1 -15
1 -16
0 -16
0 -15
-1 -15
-1 -16
-2 -16
-2 -15
-3 -15
-3 -14
-2 -14
-2 -13
-3 -13
-3 -12
-4 -12
-5 -12
-5 -11
-5 -10
-6 -10
-7 -10
-7 -11
-6 -11
-6 -12
-6 -13
-5 -13
-4 -13
-4 -14
-5 -14
-6 -14
-6 -15
-7 -15
-7 -16
-7 -17
-8 -17
-9 -17
-10 -17
-10 -18
-9 -18
-8 -18
-7 -18
-7 -19
-8 -19
-8 -20
-9 -20
-9 -19
-10 -19
-11 -19
-11 -18
-11 -17
-12 -17
-12 -18
-12 -19
-13 -19
-13 -18
-13 -17
-14 -17
-14 -16
-14 -15
-13 -15
-13 -14
-12 -14
-12 -13
-13 -13
-14 -13
-14 -14
-15 -14
-16 -14
-17 -14
-17 -13
-16 -13
-15 -13
-15 -12
-15 -11
-16 -11
-16 -10
-16 -9
-16 -8
-16 -7
-16 -6
-16 -5
-16 -4
-17 -4
-17 -5
-18 -5
-19 -5
-19 -4
-18 -4
-18 -3
-17 -3
-16 -3
-16 -2
-17 -2
-18 -2
-19 -2
-19 -3
-20 -3
-21 -3
-21 -2
-22 -2
-22 -3
-22 -4
-23 -4
-24 -4
-25 -4
-25 -5
-25 -6
-24 -6
-24 -5
-23 -5
-22 -5
-21 -5
-21 -4
-20 -4
-20 -5
-20 -6
-19 -6
-19 -7
-20 -7
-21 -7
-22 -7
-22 -8
-22 -9
-21 -9
-21 -8
-20 -8
-19 -8
-19 -9
-20 -9
-20 -10
-21 -10
-21 -11
-21 -12
-22 -12
-23 -12
-23 -11
-23 -10
-23 -9
-23 -8
-24 -8
-24 -7
-25 -7
-25 -8
-26 -8
-27 -8
-27 -9
-27 -10
-28 -10
-28 -11
-29 -11
-29 -10
-30 -10
-31 -10
-31 -9
-32 -9
-33 -9
-33 -8
-32 -8
-31 -8
-31 -7
-31 -6
-31 -5
-30 -5
-30 -4
-31 -4
-32 -4
-33 -4
-33 -5
-32 -5
-32 -6
-33 -6
-34 -6
-34 -7
-34 -8
-34 -9
-35 -9
-35 -10
-35 -11
-35 -12
-35 -13
-35 -14
-34 -14
-34 -13
-34 -12
-34 -11
-34 -10
-33 -10
-32 -10
-32 -11
-32 -12
-31 -12
-31 -11
-30 -11
-30 -12
-29 -12
-28 -12
-27 -12
-27 -11
-26 -11
-26 -10
-26 -9
-25 -9
-24 -9
-24 -10
-24 -11
-24 -12
-25 -12
-25 -13
-24 -13
-24 -14
-25 -14
-26 -14
-26 -15
-27 -15
-28 -15
-28 -14
-28 -13
-29 -13
-30 -13
-30 -14
-30 -15
-31 -15
-32 -15
-33 -15
-34 -15
-34 -16
-35 -16
-35 -15
-36 -15
-37 -15
-37 -16
-36 -16
-36 -17
-36 -18
-36 -19
-37 -19
-37 -18
-37 -17
-38 -17
-38 -18
-38 -19
-38 -20
-37 -20
-36 -20
-35 -20
-35 -21
-36 -21
-36 -22
-35 -22
-35 -23
-35 -24
-36 -24
-36 -23
-37 -23
-37 -22
-38 -22
-38 -23
-38 -24
-37 -24
-37 -25
-36 -25
-36 -26
-37 -26
-37 -27
-38 -27
-38 -28
-37 -28
-36 -28
-36 -27
-35 -27
-35 -26
-34 -26
-34 -27
-34 -28
-35 -28
-35 -29
-36 -29
-37 -29
-37 -30
-37 -31
-36 -31
-36 -32
-37 -32
-38 -32
-38 -33
-38 -34
-39 -34
-39 -35
-39 -36
-40 -36
-41 -36
-42 -36
-42 -37
-41 -37
-41 -38
-40 -38
-40 -37
-39 -37
-38 -37
-37 -37
-37 -36
-38 -36
-38 -35
-37 -35
-37 -34
-36 -34
-35 -34
-35 -33
-34 -33
-34 -34
-33 -34
-33 -33
-33 -32
-33 -31
-32 -31
-32 -32
-32 -33
-31 -33
-31 -34
-30 -34
-30 -33
-30 -32
-29 -32
-28 -32
-28 -33
-29 -33
-29 -34
-28 -34
-27 -34
-26 -34
-26 -35
-27 -35
-27 -36
-26 -36
-26 -37
-27 -37
-28 -37
-28 -38
-28 -39
-27 -39
-27 -38
-26 -38
-25 -38
-25 -37
-24 -37
-24 -36
-23 -36
-23 -37
-23 -38
-22 -38
-22 -37
-22 -36
-21 -36
-20 -36
-20 -35
-21 -35
-21 -34
-21 -33
-21 -32
-20 -32
-20 -33
-20 -34
-19 -34
-19 -35
-18 -35
-18 -36
-19 -36
-19 -37
-20 -37
-20 -38
-21 -38
-21 -39
-20 -39
-20 -40
-20 -41
-19 -41
-19 -40
-19 -39
-18 -39
-18 -40
-18 -41
-17 -41
-17 -42
-16 -42
-16 -43
-16 -44
-16 -45
-16 -46
-16 -47
-16 -48
-15 -48
-15 -49
-14 -49
-13 -49
-13 -48
-12 -48
-12 -49
-11 -49
-11 -50
-10 -50
-9 -50
-9 -49
-10 -49
-10 -48
-11 -48
-11 -47
-10 -47
-9 -47
-9 -46
-9 -45
-10 -45
-10 -44
-9 -44
-9 -43
-9 -42
-10 -42
-10 -41
-9 -41
-9 -40
-8 -40
-7 -40
-6 -40
-6 -39
-7 -39
-7 -38
-7 -37
-8 -37
-8 -36
-9 -36
-9 -37
-10 -37
-10 -38
-9 -38
-8 -38
-8 -39
-9 -39
-10 -39
-11 -39
-11 -38
-12 -38
-12 -39
-12 -40
-11 -40
-11 -41
-11 -42
-11 -43
-11 -44
-12 -44
-12 -43
-13 -43
-13 -44
-14 -44
-14 -43
-14 -42
-13 -42
-12 -42
-12 -41
-13 -41
-13 -40
-13 -39
-14 -39
-14 -40
-15 -40
-15 -39
-15 -38
-14 -38
-13 -38
-13 -37
-13 -36
-13 -35
-12 -35
-11 -35
-10 -35
-9 -35
-8 -35
-8 -34
-7 -34
-6 -34
-5 -34
-5 -35
-5 -36
-5 -37
-5 -38
-5 -39
-5 -40
-5 -41
-6 -41
-7 -41
-8 -41
-8 -42
-8 -43
-7 -43
-7 -44
-7 -45
-8 -45
-8 -46
-7 -46
-7 -47
-7 -48
-7 -49
-6 -49
-6 -50
-5 -50
-5 -51
-5 -52
-6 -52
-6 -53
-7 -53
-7 -54
-8 -54
-8 -53
-9 -53
-9 -54
-9 -55
-10 -55
-10 -54
-11 -54
-11 -55
-12 -55
-12 -56
-12 -57
-12 -58
-13 -58
-14 -58
-14 -57
-13 -57
-13 -56
-13 -55
-14 -55
-14 -56
-15 -56
-15 -55
-15 -54
-14 -54
-13 -54
-12 -54
-12 -53
-13 -53
-14 -53
-15 -53
-16 -53
-17 -53
-18 -53
-18 -52
-19 -52
-19 -51
-20 -51
-21 -51
-22 -51
-22 -52
-23 -52
-23 -51
-24 -51
-24 -52
-24 -53
-24 -54
-24 -55
-24 -56
-25 -56
-25 -55
-25 -54
-25 -53
-26 -53
-27 -53
-27 -52
-26 -52
-25 -52
-25 -51
-25 -50
-25 -49
-25 -48
-26 -48
-26 -49
-26 -50
-26 -51
-27 -51
-27 -50
-28 -50
-28 -51
-28 -52
-28 -53
-29 -53
-30 -53
-30 -52
-31 -52
-31 -53
-31 -54
-30 -54
-29 -54
-28 -54
-27 -54
-26 -54
-26 -55
-27 -55
-27 -56
-28 -56
-29 -56
-29 -57
-28 -57
-27 -57
-27 -58
-28 -58
-29 -58
-29 -59
-28 -59
-28 -60
-27 -60
-27 -61
-26 -61
-25 -61
-24 -61
-23 -61
-23 -62
-23 -63
-24 -63
-24 -62
-25 -62
-26 -62
-27 -62
-28 -62
-29 -62
-29 -63
-30 -63
-30 -62
-30 -61
-30 -60
-31 -60
-31 -61
-32 -61
-32 -62
-33 -62
-33 -61
-34 -61
-34 -62
-34 -63
-34 -64
-33 -64
-33 -63
-32 -63
-31 -63
-31 -64
-32 -64
-32 -65
-33 -65
-33 -66
-33 -67
-32 -67
-32 -68
-33 -68
-34 -68
-34 -67
-34 -66
-34 -65
-35 -65
-35 -66
-36 -66
-37 -66
-37 -67
-37 -68
-38 -68
-39 -68
-39 -67
-40 -67
-41 -67
-41 -68
-40 -68
-40 -69
-40 -70
-39 -70
-39 -71
-40 -71
-40 -72
-41 -72
-41 -71
-41 -70
-42 -70
-43 -70
-43 -69
-42 -69
-42 -68
-43 -68
-44 -68
-45 -68
-45 -67
-44 -67
-44 -66
-44 -65
-43 -65
-43 -66
-43 -67
-42 -67
-42 -66
-41 -66
-40 -66
-39 -66
-39 -65
-40 -65
-40 -64
-41 -64
-42 -64
-43 -64
-43 -63
-42 -63
-42 -62
-43 -62
-44 -62
-44 -61
-43 -61
-43 -60
-42 -60
-42 -61
-41 -61
-41 -60
-41 -59
-42 -59
-43 -59
-43 -58
-44 -58
-44 -59
-45 -59
-45 -58
-46 -58
-47 -58
-47 -59
-46 -59
-46 -60
-47 -60
-47 -61
-46 -61
-46 -62
-46 -63
-45 -63
-44 -63
-44 -64
-45 -64
-46 -64
-46 -65
-47 -65
-47 -64
-47 -63
-47 -62
-48 -62
-48 -63
-48 -64
-48 -65
-49 -65
-49 -64
-49 -63
-49 -62
-50 -62
-50 -61
-50 -60
-50 -59
-49 -59
-48 -59
-48 -58
-49 -58
-50 -58
-50 -57
-50 -56
-51 -56
-51 -57
-51 -58
-51 -59
-51 -60
-52 -60
-52 -59
-52 -58
-53 -58
-53 -59
-53 -60
-54 -60
-54 -59
-55 -59
-55 -58
-54 -58
-54 -57
-54 -56
-53 -56
-53 -57
-52 -57
-52 -56
-52 -55
-53 -55
-54 -55
-54 -54
-55 -54
-55 -53
-55 -52
-56 -52
-57 -52
-57 -53
-57 -54
-57 -55
-56 -55
-55 -55
-55 -56
-56 -56
-57 -56
-57 -57
-58 -57
-58 -56
-58 -55
-59 -55
-59 -54
-59 -53
-58 -53
