0 -1
-1 -1
-1 -2
-2 -2
-2 -3
-3 -3
-3 -2
-3 -1
-2 -1
-2 0
-2 1
-2 2
-1 2
-1 1
0 1
1 1
1 2
2 2
2 3
1 3
1 4
2 4
2 5
1 5
0 5
-1 5
-1 4
0 4
0 3
-1 3
-2 3
-3 3
-3 4
-3 5
-2 5
-2 6
-1 6
0 6
1 6
1 7
0 7
-1 7
-1 8
0 8
1 8
1 9
2 9
2 8
2 7
2 6
3 6
4 6
5 6
6 6
6 5
6 4
6 3
7 3
8 3
8 4
9 4
10 4
10 3
10 2
10 1
11 1
12 1
13 1
14 1
15 1
15 0
15 -1
14 -1
14 0
13 0
13 -1
12 -1
12 0
11 0
11 -1
11 -2
12 -2
13 -2
14 -2
14 -3
13 -3
13 -4
14 -4
14 -5
14 -6
14 -7
15 -7
16 -7
16 -8
17 -8
18 -8
19 -8
20 -8
20 -9
20 -10
21 -10
21 -9
21 -8
22 -8
22 -9
23 -9
24 -9
24 -10
23 -10
23 -11
22 -11
21 -11
20 -11
19 -11
18 -11
18 -10
18 -9
17 -9
16 -9
16 -10
17 -10
17 -11
17 -12
18 -12
19 -12
19 -13
20 -13
20 -12
21 -12
21 -13
21 -14
20 -14
20 -15
19 -15
19 -16
20 -16
21 -16
21 -15
22 -15
22 -16
23 -16
24 -16
25 -16
25 -15
26 -15
26 -16
27 -16
27 -17
28 -17
28 -18
29 -18
29 -19
29 -20
30 -20
30 -21
30 -22
30 -23
29 -23
29 -22
29 -21
28 -21
28 -22
28 -23
28 -24
29 -24
30 -24
31 -24
32 -24
32 -23
33 -23
34 -23
34 -22
33 -22
32 -22
32 -21
31 -21
31 -20
32 -20
33 -20
33 -21
34 -21
35 -21
36 -21
36 -22
35 -22
35 -23
35 -24
34 -24
33 -24
33 -25
34 -25
35 -25
36 -25
36 -24
36 -23
37 -23
38 -23
38 -22
39 -22
39 -23
39 -24
38 -24
37 -24
37 -25
38 -25
39 -25
39 -26
39 -27
38 -27
38 -26
37 -26
37 -27
36 -27
36 -26
35 -26
34 -26
33 -26
33 -27
34 -27
35 -27
35 -28
34 -28
34 -29
33 -29
32 -29
32 -30
32 -31
32 -32
32 -33
32 -34
32 -35
33 -35
33 -34
33 -33
33 -32
34 -32
34 -33
34 -34
35 -34
36 -34
37 -34
37 -33
36 -33
36 -32
35 -32
35 -31
34 -31
33 -31
33 -30
34 -30
35 -30
36 -30
36 -31
37 -31
37 -30
38 -30
38 -29
39 -29
40 -29
41 -29
41 -30
41 -31
41 -32
42 -32
42 -33
43 -33
44 -33
44 -34
44 -35
44 -36
43 -36
43 -37
43 -38
44 -38
44 -37
45 -37
45 -38
46 -38
47 -38
48 -38
48 -37
49 -37
49 -38
50 -38
50 -37
50 -36
49 -36
49 -35
50 -35
50 -34
49 -34
49 -33
48 -33
48 -34
48 -35
48 -36
47 -36
47 -37
46 -37
46 -36
45 -36
45 -35
45 -34
46 -34
47 -34
47 -33
46 -33
45 -33
45 -32
46 -32
47 -32
48 -32
48 -31
49 -31
49 -32
50 -32
50 -33
51 -33
51 -34
51 -35
52 -35
52 -36
51 -36
51 -37
52 -37
53 -37
54 -37
55 -37
55 -38
54 -38
54 -39
54 -40
55 -40
55 -39
56 -39
56 -40
57 -40
58 -40
58 -39
57 -39
57 -38
57 -37
57 -36
56 -36
56 -35
56 -34
56 -33
56 -32
55 -32
54 -32
53 -32
52 -32
51 -32
51 -31
52 -31
53 -31
54 -31
55 -31
56 -31
57 -31
57 -32
57 -33
57 -34
58 -34
58 -35
58 -36
59 -36
59 -37
58 -37
58 -38
59 -38
59 -39
59 -40
59 -41
59 -42
60 -42
61 -42
62 -42
62 -41
61 -41
61 -40
62 -40
63 -40
63 -41
64 -41
64 -40
64 -39
64 -38
64 -37
64 -36
64 -35
63 -35
63 -36
63 -37
62 -37
61 -37
61 -38
61 -39
60 -39
60 -38
60 -37
60 -36
60 -35
60 -34
61 -34
62 -34
62 -33
61 -33
61 -32
62 -32
63 -32
63 -33
63 -34
64 -34
64 -33
64 -32
64 -31
63 -31
62 -31
62 -30
63 -30
64 -30
65 -30
66 -30
66 -29
65 -29
64 -29
63 -29
63 -28
62 -28
61 -28
61 -27
62 -27
63 -27
64 -27
64 -28
65 -28
65 -27
66 -27
66 -26
67 -26
67 -25
68 -25
69 -25
70 -25
70 -26
71 -26
72 -26
72 -25
71 -25
71 -24
70 -24
70 -23
70 -22
70 -21
70 -20
70 -19
70 -18
71 -18
71 -19
72 -19
72 -18
73 -18
73 -19
74 -19
74 -20
75 -20
75 -19
75 -18
74 -18
74 -17
74 -16
73 -16
73 -15
73 -14
73 -13
72 -13
72 -14
72 -15
72 -16
71 -16
71 -17
70 -17
70 -16
70 -15
70 -14
69 -14
69 -15
68 -15
68 -14
67 -14
67 -13
67 -12
67 -11
66 -11
65 -11
65 -12
65 -13
64 -13
64 -14
64 -15
65 -15
65 -16
65 -17
66 -17
66 -16
67 -16
68 -16
69 -16
69 -17
69 -18
68 -18
68 -17
67 -17
67 -18
66 -18
65 -18
64 -18
64 -19
65 -19
66 -19
66 -20
67 -20
67 -21
66 -21
66 -22
65 -22
65 -23
66 -23
66 -24
65 -24
64 -24
64 -23
64 -22
63 -22
63 -23
63 -24
63 -25
64 -25
65 -25
65 -26
64 -26
63 -26
62 -26
62 -25
61 -25
61 -24
62 -24
62 -23
62 -22
61 -22
61 -23
60 -23
60 -24
59 -24
59 -25
59 -26
59 -27
58 -27
57 -27
57 -28
58 -28
58 -29
57 -29
56 -29
56 -28
56 -27
56 -26
55 -26
54 -26
53 -26
52 -26
51 -26
51 -25
50 -25
50 -24
51 -24
52 -24
53 -24
54 -24
54 -25
55 -25
56 -25
57 -25
57 -26
58 -26
58 -25
58 -24
57 -24
56 -24
55 -24
55 -23
54 -23
53 -23
52 -23
52 -22
53 -22
53 -21
53 -20
52 -20
51 -20
51 -21
51 -22
51 -23
50 -23
49 -23
49 -24
49 -25
48 -25
48 -24
48 -23
47 -23
47 -24
46 -24
46 -25
45 -25
45 -24
44 -24
43 -24
43 -23
43 -22
44 -22
44 -23
45 -23
45 -22
45 -21
45 -20
46 -20
47 -20
47 -21
47 -22
48 -22
49 -22
50 -22
50 -21
49 -21
48 -21
48 -20
49 -20
50 -20
50 -19
51 -19
52 -19
52 -18
53 -18
54 -18
55 -18
56 -18
56 -17
57 -17
58 -17
59 -17
60 -17
60 -18
59 -18
59 -19
58 -19
58 -18
57 -18
57 -19
57 -20
56 -20
56 -21
55 -21
54 -21
54 -22
55 -22
56 -22
56 -23
57 -23
58 -23
58 -22
57 -22
57 -21
58 -21
59 -21
59 -22
60 -22
60 -21
61 -21
62 -21
63 -21
64 -21
65 -21
65 -20
64 -20
63 -20
63 -19
62 -19
62 -18
62 -17
62 -16
63 -16
63 -15
63 -14
63 -13
63 -12
62 -12
62 -11
63 -11
64 -11
64 -10
63 -10
62 -10
62 -9
63 -9
64 -9
65 -9
65 -10
66 -10
67 -10
68 -10
69 -10
69 -9
70 -9
70 -10
71 -10
71 -11
72 -11
72 -10
73 -10
73 -11
73 -12
74 -12
74 -13
74 -14
74 -15
75 -15
75 -16
75 -17
76 -17
76 -16
77 -16
78 -16
78 -15
79 -15
79 -16
79 -17
79 -18
79 -19
80 -19
81 -19
82 -19
82 -20
81 -20
81 -21
82 -21
82 -22
82 -23
83 -23
84 -23
85 -23
85 -24
86 -24
87 -24
88 -24
88 -25
88 -26
88 -27
89 -27
89 -26
90 -26
90 -27
90 -28
89 -28
88 -28
87 -28
87 -27
86 -27
85 -27
85 -28
84 -28
84 -29
84 -30
83 -30
83 -31
84 -31
84 -32
84 -33
85 -33
85 -32
86 -32
86 -33
86 -34
87 -34
87 -33
87 -32
87 -31
86 -31
86 -30
85 -30
85 -29
86 -29
87 -29
88 -29
88 -30
88 -31
88 -32
89 -32
90 -32
90 -33
89 -33
88 -33
88 -34
89 -34
90 -34
90 -35
91 -35
91 -36
90 -36
90 -37
89 -37
88 -37
88 -36
88 -35
87 -35
86 -35
85 -35
84 -35
83 -35
82 -35
81 -35
81 -36
82 -36
82 -37
83 -37
83 -36
84 -36
84 -37
85 -37
86 -37
86 -36
87 -36
87 -37
87 -38
86 -38
86 -39
85 -39
85 -38
84 -38
83 -38
82 -38
82 -39
82 -40
82 -41
83 -41
83 -40
83 -39
84 -39
84 -40
84 -41
84 -42
83 -42
83 -43
84 -43
84 -44
85 -44
85 -45
84 -45
83 -45
82 -45
82 -46
83 -46
83 -47
83 -48
83 -49
84 -49
84 -50
83 -50
83 -51
83 -52
84 -52
84 -53
84 -54
83 -54
83 -53
82 -53
82 -54
82 -55
81 -55
81 -54
81 -53
80 -53
79 -53
79 -52
79 -51
78 -51
77 -51
76 -51
76 -52
77 -52
78 -52
78 -53
78 -54
79 -54
80 -54
80 -55
79 -55
78 -55
77 -55
77 -54
77 -53
76 -53
75 -53
75 -52
75 -51
74 -51
74 -52
74 -53
73 -53
73 -52
73 -51
72 -51
71 -51
71 -52
70 -52
69 -52
69 -53
70 -53
70 -54
69 -54
68 -54
67 -54
67 -55
68 -55
69 -55
69 -56
69 -57
68 -57
68 -58
68 -59
68 -60
69 -60
69 -59
69 -58
70 -58
71 -58
71 -59
72 -59
72 -58
73 -58
73 -59
73 -60
72 -60
72 -61
73 -61
74 -61
74 -60
74 -59
74 -58
74 -57
73 -57
72 -57
71 -57
70 -57
70 -56
70 -55
71 -55
71 -56
72 -56
73 -56
74 -56
74 -55
74 -54
75 -54
76 -54
76 -55
75 -55
75 -56
76 -56
77 -56
78 -56
79 -56
79 -57
78 -57
77 -57
76 -57
75 -57
75 -58
76 -58
77 -58
78 -58
78 -59
79 -59
80 -59
80 -58
81 -58
81 -59
82 -59
82 -60
81 -60
80 -60
80 -61
81 -61
81 -62
80 -62
79 -62
79 -61
78 -61
78 -62
78 -63
78 -64
79 -64
80 -64
81 -64
81 -63
82 -63
82 -64
83 -64
83 -63
83 -62
83 -61
84 -61
84 -60
83 -60
83 -59
84 -59
84 -58
83 -58
82 -58
82 -57
81 -57
80 -57
80 -56
81 -56
82 -56
83 -56
83 -55
84 -55
85 -55
86 -55
86 -56
87 -56
87 -57
88 -57
88 -58
89 -58
90 -58
90 -57
90 -56
90 -55
91 -55
91 -56
91 -57
91 -58
91 -59
91 -60
90 -60
89 -60
89 -61
90 -61
91 -61
91 -62
90 -62
89 -62
88 -62
87 -62
86 -62
86 -61
85 -61
85 -62
85 -63
84 -63
84 -64
85 -64
85 -65
85 -66
84 -66
84 -65
83 -65
82 -65
81 -65
81 -66
80 -66
80 -65
79 -65
78 -65
78 -66
78 -67
79 -67
79 -68
80 -68
81 -68
81 -69
80 -69
79 -69
79 -70
78 -70
77 -70
76 -70
75 -70
74 -70
74 -71
75 -71
76 -71
76 -72
77 -72
78 -72
78 -73
79 -73
79 -74
80 -74
80 -73
80 -72
80 -71
81 -71
82 -71
83 -71
84 -71
85 -71
85 -70
84 -70
84 -69
85 -69
86 -69
87 -69
87 -70
87 -71
86 -71
86 -72
87 -72
88 -72
88 -71
89 -71
89 -70
88 -70
88 -69
89 -69
90 -69
91 -69
92 -69
92 -68
92 -67
91 -67
91 -68
90 -68
89 -68
88 -68
87 -68
87 -67
86 -67
86 -66
87 -66
87 -65
88 -65
89 -65
89 -66
90 -66
90 -65
91 -65
91 -64
91 -63
92 -63
92 -64
93 -64
94 -64
95 -64
95 -65
95 -66
95 -67
94 -67
94 -66
93 -66
93 -67
93 -68
93 -69
93 -70
93 -71
92 -71
92 -70
91 -70
90 -70
90 -71
90 -72
90 -73
90 -74
90 -75
91 -75
92 -75
92 -74
91 -74
91 -73
92 -73
92 -72
93 -72
94 -72
95 -72
95 -71
94 -71
94 -70
95 -70
96 -70
97 -70
97 -69
96 -69
95 -69
94 -69
94 -68
95 -68
96 -68
97 -68
98 -68
98 -69
98 -70
98 -71
99 -71
99 -70
100 -70
101 -70
101 -71
100 -71
100 -72
100 -73
100 -74
101 -74
101 -73
101 -72
102 -72
102 -71
103 -71
103 -72
103 -73
104 -73
104 -74
103 -74
103 -75
104 -75
104 -76
105 -76
105 -77
106 -77
107 -77
108 -77
108 -78
109 -78
110 -78
110 -79
111 -79
111 -78
112 -78
112 -79
113 -79
114 -79
114 -80
114 -81
113 -81
113 -82
114 -82
115 -82
115 -81
115 -80
115 -79
116 -79
116 -80
116 -81
116 -82
117 -82
118 -82
118 -83
117 -83
116 -83
116 -84
115 -84
114 -84
113 -84
112 -84
112 -85
111 -85
110 -85
109 -85
108 -85
108 -86
109 -86
110 -86
110 -87
109 -87
109 -88
109 -89
108 -89
108 -90
109 -90
109 -91
108 -91
108 -92
109 -92
109 -93
109 -94
108 -94
107 -94
106 -94
106 -95
107 -95
107 -96
106 -96
106 -97
105 -97
105 -96
104 -96
104 -95
103 -95
102 -95
102 -94
102 -93
102 -92
102 -91
102 -90
102 -89
101 -89
101 -90
101 -91
101 -92
101 -93
101 -94
101 -95
101 -96
100 -96
99 -96
99 -95
98 -95
97 -95
97 -96
97 -97
98 -97
99 -97
99 -98
100 -98
100 -99
99 -99
98 -99
98 -98
97 -98
97 -99
97 -100
98 -100
99 -100
99 -101
98 -101
97 -101
96 -101
96 -100
95 -100
95 -99
94 -99
93 -99
93 -98
92 -98
91 -98
90 -98
89 -98
89 -97
90 -97
91 -97
92 -97
92 -96
92 -95
91 -95
91 -96
90 -96
89 -96
88 -96
88 -95
88 -94
89 -94
89 -95
90 -95
90 -94
91 -94
92 -94
92 -93
92 -92
93 -92
94 -92
94 -93
94 -94
93 -94
93 -95
93 -96
93 -97
94 -97
95 -97
95 -98
96 -98
96 -97
96 -96
96 -95
95 -95
95 -94
96 -94
97 -94
98 -94
98 -93
99 -93
99 -94
100 -94
100 -93
100 -92
100 -91
99 -91
99 -90
99 -89
99 -88
98 -88
98 -89
97 -89
96 -89
96 -90
95 -90
94 -90
93 -90
93 -89
93 -88
93 -87
93 -86
93 -85
94 -85
95 -85
96 -85
96 -86
97 -86
98 -86
98 -85
97 -85
97 -84
96 -84
95 -84
94 -84
94 -83
94 -82
95 -82
95 -83
96 -83
96 -82
97 -82
97 -81
97 -80
98 -80
98 -79
98 -78
97 -78
97 -79
96 -79
96 -80
96 -81
95 -81
94 -81
93 -81
93 -82
93 -83
93 -84
92 -84
92 -83
92 -82
92 -81
92 -80
93 -80
93 -79
94 -79
94 -78
93 -78
93 -77
94 -77
94 -76
95 -76
96 -76
96 -75
95 -75
94 -75
93 -75
93 -76
92 -76
92 -77
91 -77
91 -76
90 -76
90 -77
89 -77
89 -78
90 -78
91 -78
92 -78
92 -79
91 -79
90 -79
89 -79
88 -79
88 -78
88 -77
88 -76
89 -76
89 -75
88 -75
87 -75
87 -74
87 -73
86 -73
85 -73
84 -73
83 -73
82 -73
81 -73
81 -74
82 -74
83 -74
84 -74
84 -75
85 -75
86 -75
86 -76
86 -77
85 -77
85 -76
84 -76
83 -76
83 -77
84 -77
84 -78
84 -79
83 -79
83 -78
82 -78
81 -78
81 -77
81 -76
82 -76
82 -75
81 -75
80 -75
79 -75
79 -76
79 -77
78 -77
77 -77
76 -77
76 -78
75 -78
75 -77
74 -77
73 -77
73 -78
74 -78
74 -79
73 -79
73 -80
72 -80
72 -79
72 -78
72 -77
72 -76
73 -76
74 -76
75 -76
75 -75
76 -75
76 -76
77 -76
78 -76
78 -75
77 -75
77 -74
76 -74
75 -74
75 -73
74 -73
73 -73
73 -74
74 -74
74 -75
73 -75
72 -75
72 -74
72 -73
72 -72
72 -71
72 -70
72 -69
73 -69
73 -68
73 -67
74 -67
75 -67
75 -68
76 -68
76 -69
77 -69
78 -69
78 -68
77 -68
77 -67
77 -66
76 -66
75 -66
75 -65
76 -65
77 -65
77 -64
77 -63
77 -62
76 -62
76 -61
77 -61
77 -60
77 -59
76 -59
75 -59
75 -60
75 -61
75 -62
74 -62
73 -62
72 -62
71 -62
70 -62
70 -63
70 -64
69 -64
69 -63
69 -62
68 -62
67 -62
67 -63
66 -63
66 -62
65 -62
64 -62
64 -61
65 -61
66 -61
67 -61
67 -60
66 -60
65 -60
64 -60
63 -60
63 -61
62 -61
62 -62
63 -62
63 -63
62 -63
61 -63
60 -63
60 -62
61 -62
61 -61
61 -60
60 -60
60 -59
61 -59
62 -59
62 -58
63 -58
63 -57
62 -57
62 -56
63 -56
64 -56
64 -55
63 -55
62 -55
61 -55
60 -55
60 -56
59 -56
58 -56
58 -57
58 -58
59 -58
59 -59
59 -60
59 -61
59 -62
58 -62
58 -63
58 -64
59 -64
59 -65
59 -66
60 -66
60 -67
59 -67
58 -67
57 -67
57 -66
57 -65
57 -64
57 -63
57 -62
57 -61
58 -61
58 -60
58 -59
57 -59
57 -60
56 -60
55 -60
55 -59
54 -59
54 -58
55 -58
56 -58
57 -58
57 -57
57 -56
57 -55
58 -55
58 -54
58 -53
59 -53
60 -53
60 -54
61 -54
61 -53
62 -53
62 -54
63 -54
64 -54
65 -54
65 -53
64 -53
63 -53
63 -52
62 -52
62 -51
62 -50
61 -50
61 -51
61 -52
60 -52
60 -51
60 -50
60 -49
61 -49
61 -48
62 -48
62 -47
63 -47
63 -46
63 -45
62 -45
62 -44
62 -43
61 -43
61 -44
61 -45
60 -45
59 -45
58 -45
57 -45
56 -45
56 -44
57 -44
58 -44
59 -44
60 -44
60 -43
59 -43
58 -43
57 -43
57 -42
58 -42
58 -41
57 -41
56 -41
55 -41
55 -42
56 -42
56 -43
55 -43
55 -44
55 -45
54 -45
54 -44
54 -43
54 -42
53 -42
53 -43
52 -43
52 -44
53 -44
53 -45
52 -45
52 -46
51 -46
51 -45
50 -45
50 -46
49 -46
48 -46
48 -47
49 -47
50 -47
50 -48
49 -48
48 -48
48 -49
49 -49
49 -50
48 -50
47 -50
47 -51
48 -51
49 -51
50 -51
51 -51
51 -50
51 -49
51 -48
52 -48
52 -47
53 -47
53 -46
54 -46
54 -47
55 -47
55 -46
56 -46
57 -46
58 -46
59 -46
59 -47
59 -48
59 -49
59 -50
59 -51
58 -51
58 -50
58 -49
58 -48
58 -47
57 -47
56 -47
56 -48
57 -48
57 -49
56 -49
56 -50
57 -50
57 -51
56 -51
55 -51
54 -51
53 -51
53 -50
54 -50
55 -50
55 -49
54 -49
54 -48
53 -48
53 -49
52 -49
52 -50
52 -51
52 -52
52 -53
51 -53
51 -54
52 -54
53 -54
53 -55
53 -56
54 -56
54 -55
55 -55
56 -55
56 -56
55 -56
55 -57
54 -57
53 -57
53 -58
52 -58
52 -57
51 -57
51 -58
51 -59
51 -60
51 -61
50 -61
50 -62
49 -62
48 -62
48 -63
49 -63
49 -64
48 -64
47 -64
46 -64
45 -64
45 -65
45 -66
44 -66
44 -67
43 -67
43 -66
42 -66
42 -67
41 -67
41 -68
42 -68
43 -68
43 -69
43 -70
43 -71
43 -72
43 -73
42 -73
42 -72
41 -72
40 -72
40 -73
40 -74
40 -75
39 -75
38 -75
38 -74
39 -74
39 -73
39 -72
39 -71
39 -70
40 -70
40 -69
39 -69
38 -69
37 -69
37 -68
37 -67
38 -67
39 -67
39 -68
40 -68
40 -67
40 -66
39 -66
39 -65
38 -65
38 -64
38 -63
39 -63
39 -64
40 -64
40 -63
40 -62
39 -62
39 -61
40 -61
40 -60
41 -60
41 -61
41 -62
42 -62
43 -62
44 -62
44 -61
44 -60
43 -60
43 -59
43 -58
44 -58
44 -59
45 -59
45 -60
45 -61
46 -61
46 -60
47 -60
47 -59
47 -58
48 -58
48 -57
47 -57
47 -56
47 -55
46 -55
46 -56
46 -57
45 -57
45 -56
45 -55
45 -54
46 -54
46 -53
47 -53
48 -53
48 -52
47 -52
46 -52
46 -51
46 -50
46 -49
45 -49
45 -50
45 -51
44 -51
44 -50
43 -50
42 -50
41 -50
41 -49
42 -49
43 -49
44 -49
44 -48
44 -47
44 -46
45 -46
45 -47
45 -48
46 -48
47 -48
47 -47
46 -47
46 -46
47 -46
47 -45
46 -45
46 -44
47 -44
48 -44
48 -45
49 -45
49 -44
50 -44
51 -44
51 -43
50 -43
50 -42
51 -42
51 -41
50 -41
50 -40
49 -40
49 -41
49 -42
48 -42
48 -43
47 -43
46 -43
45 -43
45 -44
45 -45
44 -45
44 -44
44 -43
43 -43
43 -44
42 -44
42 -43
42 -42
41 -42
41 -41
40 -41
39 -41
39 -42
40 -42
40 -43
41 -43
41 -44
41 -45
40 -45
39 -45
38 -45
38 -44
37 -44
37 -45
36 -45
35 -45
34 -45
33 -45
33 -44
33 -43
32 -43
32 -42
32 -41
32 -40
31 -40
31 -41
31 -42
31 -43
31 -44
32 -44
32 -45
32 -46
33 -46
34 -46
34 -47
33 -47
32 -47
31 -47
31 -46
30 -46
29 -46
29 -47
30 -47
30 -48
31 -48
32 -48
33 -48
34 -48
34 -49
33 -49
32 -49
31 -49
30 -49
29 -49
29 -48
28 -48
28 -49
27 -49
27 -48
27 -47
27 -46
26 -46
26 -45
27 -45
28 -45
28 -44
29 -44
29 -43
28 -43
28 -42
29 -42
29 -41
29 -40
29 -39
29 -38
28 -38
27 -38
26 -38
26 -37
25 -37
24 -37
23 -37
23 -38
22 -38
22 -39
22 -40
23 -40
24 -40
24 -39
24 -38
25 -38
25 -39
26 -39
27 -39
27 -40
28 -40
28 -41
27 -41
27 -42
26 -42
26 -43
27 -43
27 -44
26 -44
25 -44
25 -43
25 -42
24 -42
24 -43
24 -44
23 -44
23 -43
23 -42
23 -41
22 -41
22 -42
22 -43
22 -44
21 -44
21 -43
20 -43
20 -44
20 -45
19 -45
19 -44
18 -44
18 -43
17 -43
17 -42
16 -42
15 -42
15 -43
16 -43
16 -44
17 -44
17 -45
16 -45
16 -46
16 -47
15 -47
14 -47
14 -46
15 -46
15 -45
15 -44
14 -44
14 -43
13 -43
13 -44
12 -44
12 -43
12 -42
13 -42
13 -41
14 -41
15 -41
16 -41
17 -41
17 -40
17 -39
17 -38
16 -38
15 -38
14 -38
14 -37
13 -37
13 -38
12 -38
12 -39
13 -39
14 -39
15 -39
16 -39
16 -40
15 -40
14 -40
13 -40
12 -40
12 -41
11 -41
11 -40
10 -40
10 -41
10 -42
11 -42
11 -43
10 -43
10 -44
11 -44
11 -45
10 -45
10 -46
9 -46
9 -45
9 -44
8 -44
8 -45
8 -46
8 -47
8 -48
8 -49
9 -49
9 -50
10 -50
10 -49
10 -48
10 -47
11 -47
11 -48
11 -49
12 -49
13 -49
13 -50
14 -50
14 -51
13 -51
13 -52
12 -52
12 -51
12 -50
11 -50
11 -51
11 -52
10 -52
10 -51
9 -51
8 -51
8 -52
9 -52
9 -53
9 -54
9 -55
10 -55
10 -56
11 -56
12 -56
12 -55
12 -54
11 -54
10 -54
10 -53
11 -53
12 -53
13 -53
13 -54
13 -55
13 -56
14 -56
15 -56
15 -55
14 -55
14 -54
15 -54
16 -54
17 -54
18 -54
18 -55
19 -55
20 -55
20 -54
21 -54
21 -53
20 -53
19 -53
18 -53
18 -52
17 -52
17 -53
16 -53
15 -53
14 -53
14 -52
15 -52
15 -51
15 -50
16 -50
16 -51
17 -51
18 -51
18 -50
18 -49
18 -48
18 -47
17 -47
17 -46
18 -46
19 -46
19 -47
19 -48
20 -48
21 -48
21 -49
22 -49
23 -49
24 -49
24 -48
24 -47
24 -46
25 -46
25 -47
25 -48
26 -48
26 -49
25 -49
25 -50
24 -50
24 -51
25 -51
25 -52
25 -53
25 -54
25 -55
25 -56
24 -56
23 -56
23 -55
24 -55
24 -54
24 -53
24 -52
23 -52
23 -53
22 -53
22 -54
22 -55
21 -55
21 -56
22 -56
22 -57
21 -57
21 -58
22 -58
23 -58
23 -59
24 -59
24 -58
25 -58
26 -58
27 -58
27 -57
28 -57
29 -57
29 -58
30 -58
30 -57
30 -56
31 -56
31 -57
32 -57
32 -56
33 -56
33 -57
33 -58
33 -59
32 -59
32 -60
32 -61
33 -61
34 -61
34 -60
35 -60
35 -61
35 -62
36 -62
37 -62
38 -62
38 -61
37 -61
36 -61
36 -60
37 -60
38 -60
39 -60
39 -59
38 -59
37 -59
36 -59
36 -58
35 -58
34 -58
34 -57
34 -56
35 -56
35 -55
36 -55
36 -56
37 -56
38 -56
38 -55
37 -55
37 -54
37 -53
36 -53
36 -54
35 -54
34 -54
34 -53
35 -53
35 -52
35 -51
34 -51
34 -50
35 -50
35 -49
35 -48
35 -47
36 -47
36 -48
36 -49
37 -49
38 -49
39 -49
39 -50
38 -50
37 -50
36 -50
36 -51
36 -52
37 -52
38 -52
38 -53
38 -54
39 -54
39 -55
39 -56
39 -57
39 -58
40 -58
41 -58
41 -57
42 -57
43 -57
44 -57
44 -56
44 -55
43 -55
43 -56
42 -56
42 -55
42 -54
43 -54
43 -53
44 -53
45 -53
45 -52
44 -52
43 -52
