1 0
2 0
2 1
1 1
0 1
-1 1
-1 2
0 2
0 3
-1 3
-1 4
-2 4
-2 3
-2 2
-2 1
-3 1
-4 1
-4 2
-3 2
-3 3
-3 4
-3 5
-4 5
-4 4
-5 4
-5 3
-5 2
-6 2
-7 2
-7 1
-6 1
-5 1
-5 0
-6 0
-7 0
-8 0
-8 -1
-9 -1
-9 0
-10 0
-10 -1
-11 -1
-11 -2
-11 -3
-10 -3
-10 -2
-9 -2
-9 -3
-9 -4
-8 -4
-7 -4
-7 -3
-8 -3
-8 -2
-7 -2
-7 -1
-6 -1
-6 -2
-6 -3
-6 -4
-6 -5
-6 -6
-7 -6
-7 -7
-6 -7
-5 -7
-5 -6
-5 -5
-5 -4
-4 -4
-4 -5
-4 -6
-3 -6
-3 -5
-3 -4
-2 -4
-2 -5
-1 -5
-1 -4
-1 -3
-2 -3
-3 -3
-3 -2
-2 -2
-2 -1
-2 0
-1 0
-1 -1
0 -1
1 -1
2 -1
3 -1
4 -1
4 0
3 0
3 1
4 1
5 1
6 1
7 1
7 0
8 0
9 0
9 1
10 1
11 1
11 2
11 3
11 4
11 5
11 6
10 6
9 6
9 7
8 7
7 7
7 6
8 6
8 5
8 4
9 4
9 5
10 5
10 4
10 3
9 3
9 2
8 2
7 2
6 2
5 2
4 2
3 2
2 2
1 2
1 3
2 3
2 4
3 4
3 3
4 3
5 3
5 4
5 5
4 5
3 5
3 6
2 6
2 5
1 5
1 4
0 4
0 5
0 6
0 7
1 7
1 8
1 9
0 9
0 10
1 10
2 10
2 9
2 8
3 8
3 9
3 10
4 10
4 11
5 11
6 11
6 12
5 12
5 13
5 14
4 14
3 14
3 15
4 15
5 15
6 15
6 14
6 13
7 13
7 12
8 12
9 12
10 12
10 11
11 11
11 12
11 13
11 14
11 15
12 15
13 15
14 15
14 14
13 14
12 14
12 13
12 12
12 11
13 11
13 12
14 12
14 11
14 10
14 9
13 9
13 10
12 10
12 9
12 8
13 8
14 8
15 8
15 7
16 7
16 6
17 6
17 7
17 8
16 8
16 9
16 10
16 11
17 11
17 12
17 13
16 13
16 12
15 12
15 13
15 14
15 15
15 16
14 16
13 16
12 16
12 17
12 18
11 18
11 19
10 19
10 20
10 21
10 22
11 22
11 21
12 21
12 22
12 23
12 24
11 24
11 25
11 26
12 26
13 26
13 27
12 27
12 28
13 28
13 29
12 29
11 29
10 29
10 28
11 28
11 27
10 27
9 27
9 26
8 26
8 25
7 25
7 26
7 27
7 28
7 29
8 29
8 28
9 28
9 29
9 30
8 30
8 31
7 31
7 30
6 30
5 30
5 31
5 32
4 32
4 33
4 34
5 34
6 34
6 33
6 32
7 32
8 32
9 32
10 32
11 32
12 32
12 33
12 34
13 34
13 35
12 35
11 35
11 36
12 36
13 36
14 36
14 35
14 34
15 34
16 34
16 33
15 33
14 33
14 32
14 31
13 31
12 31
12 30
13 30
14 30
14 29
15 29
15 28
15 27
14 27
14 26
15 26
16 26
16 25
15 25
14 25
13 25
13 24
14 24
14 23
13 23
13 22
13 21
14 21
14 22
15 22
15 23
15 24
16 24
16 23
17 23
17 24
17 25
18 25
18 24
18 23
18 22
17 22
16 22
16 21
17 21
18 21
19 21
19 20
19 19
20 19
20 20
20 21
20 22
21 22
21 21
21 20
21 19
21 18
21 17
20 17
19 17
19 18
18 18
18 19
17 19
17 18
17 17
18 17
18 16
19 16
19 15
19 14
18 14
18 13
18 12
18 11
19 11
19 12
19 13
20 13
20 12
20 11
21 11
22 11
22 12
23 12
23 13
23 14
23 15
24 15
25 15
25 14
24 14
24 13
25 13
26 13
26 12
25 12
24 12
24 11
24 10
24 9
23 9
22 9
21 9
21 10
20 10
19 10
18 10
17 10
17 9
18 9
19 9
20 9
20 8
21 8
22 8
22 7
22 6
22 5
23 5
23 6
23 7
24 7
25 7
25 6
25 5
25 4
25 3
25 2
25 1
25 0
25 -1
24 -1
24 -2
25 -2
26 -2
26 -1
27 -1
28 -1
28 -2
29 -2
29 -1
29 0
29 1
30 1
30 2
29 2
28 2
28 1
28 0
27 0
26 0
26 1
27 1
27 2
26 2
26 3
26 4
26 5
26 6
26 7
27 7
28 7
28 8
28 9
29 9
30 9
31 9
31 10
31 11
30 11
30 10
29 10
29 11
29 12
28 12
28 11
28 10
27 10
26 10
25 10
25 11
26 11
27 11
27 12
27 13
28 13
29 13
29 14
30 14
31 14
32 14
32 13
32 12
33 12
34 12
35 12
35 11
36 11
36 12
36 13
37 13
37 14
36 14
35 14
35 13
34 13
34 14
33 14
33 15
33 16
34 16
34 17
35 17
35 18
35 19
34 19
34 18
33 18
33 19
32 19
32 20
33 20
33 21
34 21
34 22
33 22
33 23
34 23
35 23
35 22
35 21
35 20
36 20
36 19
37 19
37 20
37 21
37 22
36 22
36 23
36 24
35 24
34 24
34 25
33 25
33 26
33 27
33 28
33 29
33 30
32 30
32 31
31 31
31 32
31 33
30 33
29 33
28 33
27 33
27 34
27 35
27 36
27 37
26 37
26 38
25 38
25 37
25 36
26 36
26 35
25 35
25 34
25 33
25 32
25 31
26 31
26 32
27 32
27 31
27 30
26 30
25 30
25 29
26 29
26 28
27 28
28 28
28 27
27 27
26 27
26 26
25 26
25 25
24 25
24 24
25 24
25 23
26 23
26 24
26 25
27 25
27 26
28 26
28 25
28 24
27 24
27 23
27 22
28 22
28 23
29 23
30 23
31 23
31 22
32 22
32 21
31 21
31 20
31 19
31 18
31 17
30 17
29 17
28 17
28 16
29 16
30 16
31 16
31 15
30 15
29 15
28 15
28 14
27 14
26 14
26 15
27 15
27 16
26 16
26 17
27 17
27 18
28 18
28 19
27 19
26 19
26 18
25 18
25 19
24 19
24 18
24 17
24 16
23 16
22 16
22 17
22 18
23 18
23 19
22 19
22 20
23 20
23 21
22 21
22 22
23 22
23 23
23 24
22 24
22 23
21 23
20 23
19 23
19 24
20 24
21 24
21 25
21 26
21 27
22 27
22 26
22 25
23 25
23 26
23 27
24 27
24 28
23 28
22 28
22 29
21 29
21 28
20 28
19 28
18 28
17 28
17 29
18 29
18 30
19 30
19 29
20 29
20 30
20 31
19 31
18 31
18 32
19 32
20 32
20 33
21 33
21 32
21 31
21 30
22 30
23 30
23 29
24 29
24 30
24 31
23 31
22 31
22 32
23 32
24 32
24 33
24 34
23 34
23 33
22 33
22 34
21 34
20 34
19 34
19 33
18 33
17 33
17 34
18 34
18 35
17 35
17 36
18 36
19 36
19 35
20 35
21 35
21 36
20 36
20 37
20 38
20 39
21 39
21 40
22 40
22 39
23 39
23 38
22 38
22 37
23 37
24 37
24 38
24 39
25 39
25 40
25 41
26 41
27 41
27 40
26 40
26 39
27 39
28 39
29 39
30 39
30 40
29 40
29 41
30 41
31 41
31 42
32 42
32 41
32 40
31 40
31 39
32 39
32 38
31 38
30 38
30 37
31 37
31 36
32 36
32 35
33 35
33 36
33 37
34 37
34 38
33 38
33 39
34 39
35 39
36 39
37 39
37 40
37 41
38 41
38 42
37 42
37 43
38 43
38 44
37 44
36 44
35 44
35 43
35 42
34 42
34 41
35 41
35 40
34 40
33 40
33 41
33 42
33 43
32 43
32 44
31 44
31 43
30 43
30 44
30 45
29 45
29 46
30 46
30 47
31 47
31 48
30 48
29 48
29 47
28 47
27 47
26 47
26 48
27 48
27 49
26 49
25 49
25 50
26 50
26 51
26 52
27 52
28 52
28 53
27 53
26 53
25 53
25 54
25 55
24 55
23 55
22 55
22 56
23 56
24 56
25 56
26 56
27 56
28 56
29 56
29 55
28 55
27 55
26 55
26 54
27 54
28 54
29 54
30 54
31 54
32 54
32 53
31 53
30 53
29 53
29 52
29 51
28 51
28 50
29 50
29 49
30 49
30 50
31 50
31 51
30 51
30 52
31 52
32 52
33 52
33 53
33 54
33 55
32 55
31 55
30 55
30 56
31 56
31 57
30 57
29 57
28 57
27 57
27 58
27 59
28 59
28 60
29 60
30 60
30 61
29 61
28 61
28 62
27 62
26 62
26 61
25 61
24 61
24 62
23 62
23 63
23 64
23 65
23 66
24 66
24 67
24 68
25 68
25 67
25 66
25 65
26 65
26 66
26 67
27 67
27 68
28 68
29 68
30 68
30 67
31 67
32 67
32 68
32 69
33 69
33 70
34 70
34 71
35 71
35 70
35 69
34 69
34 68
35 68
35 67
34 67
33 67
33 66
34 66
35 66
36 66
36 65
35 65
35 64
35 63
34 63
33 63
32 63
32 64
33 64
34 64
34 65
33 65
32 65
32 66
31 66
31 65
30 65
30 64
31 64
31 63
30 63
29 63
29 62
30 62
31 62
31 61
31 60
32 60
32 61
33 61
33 62
34 62
34 61
34 60
34 59
33 59
33 58
33 57
32 57
32 56
33 56
34 56
34 57
34 58
35 58
35 59
36 59
37 59
38 59
38 60
39 60
39 59
39 58
38 58
37 58
37 57
38 57
39 57
39 56
38 56
37 56
37 55
36 55
35 55
34 55
34 54
35 54
36 54
36 53
37 53
38 53
38 54
38 55
39 55
40 55
40 56
40 57
40 58
40 59
41 59
41 58
41 57
42 57
42 58
42 59
43 59
44 59
44 58
44 57
43 57
43 56
43 55
43 54
43 53
44 53
45 53
46 53
46 54
47 54
47 55
47 56
47 57
47 58
47 59
48 59
48 58
48 57
48 56
48 55
49 55
49 56
50 56
50 55
51 55
51 54
50 54
49 54
49 53
48 53
48 52
48 51
47 51
46 51
46 52
45 52
44 52
44 51
45 51
45 50
44 50
44 49
43 49
42 49
42 50
42 51
41 51
40 51
40 50
41 50
41 49
40 49
40 48
39 48
39 47
40 47
40 46
41 46
42 46
42 45
41 45
40 45
39 45
39 44
39 43
40 43
41 43
41 42
40 42
39 42
39 41
40 41
41 41
41 40
40 40
39 40
38 40
38 39
39 39
39 38
38 38
37 38
36 38
36 37
37 37
38 37
38 36
39 36
40 36
40 35
39 35
38 35
38 34
39 34
39 33
40 33
40 34
41 34
42 34
42 33
43 33
43 34
43 35
44 35
44 34
44 33
44 32
43 32
42 32
42 31
43 31
43 30
42 30
42 29
43 29
43 28
43 27
44 27
44 28
44 29
44 30
45 30
45 29
45 28
45 27
46 27
47 27
48 27
48 28
47 28
46 28
46 29
46 30
46 31
47 31
47 30
47 29
48 29
49 29
49 28
50 28
50 29
50 30
49 30
48 30
48 31
49 31
50 31
51 31
52 31
53 31
53 30
53 29
54 29
54 30
54 31
55 31
55 32
56 32
57 32
57 33
58 33
58 34
58 35
59 35
59 34
59 33
60 33
61 33
61 32
61 31
61 30
62 30
62 31
62 32
63 32
64 32
64 31
64 30
63 30
63 29
64 29
65 29
65 28
65 27
65 26
64 26
63 26
63 25
62 25
62 26
61 26
61 25
60 25
60 26
59 26
59 25
59 24
59 23
60 23
61 23
62 23
62 24
63 24
63 23
64 23
65 23
65 24
64 24
64 25
65 25
66 25
67 25
67 24
68 24
68 25
69 25
69 24
69 23
69 22
68 22
68 23
67 23
67 22
66 22
66 21
67 21
68 21
69 21
70 21
70 20
70 19
71 19
71 18
71 17
70 17
69 17
69 16
70 16
71 16
72 16
72 15
71 15
71 14
72 14
72 13
72 12
73 12
73 13
74 13
74 12
75 12
76 12
76 11
77 11
77 10
77 9
76 9
75 9
74 9
73 9
73 8
73 7
73 6
72 6
71 6
71 5
72 5
73 5
73 4
72 4
72 3
73 3
74 3
75 3
75 4
76 4
76 3
76 2
77 2
77 1
76 1
76 0
76 -1
75 -1
75 0
75 1
74 1
74 0
74 -1
74 -2
74 -3
75 -3
75 -2
76 -2
76 -3
76 -4
75 -4
74 -4
73 -4
73 -3
73 -2
73 -1
72 -1
72 -2
72 -3
72 -4
71 -4
71 -5
71 -6
71 -7
71 -8
71 -9
72 -9
72 -8
72 -7
72 -6
73 -6
74 -6
75 -6
76 -6
76 -7
77 -7
77 -8
76 -8
76 -9
77 -9
77 -10
77 -11
78 -11
78 -12
78 -13
78 -14
78 -15
77 -15
77 -14
76 -14
75 -14
74 -14
73 -14
72 -14
71 -14
70 -14
70 -13
70 -12
69 -12
69 -13
69 -14
69 -15
69 -16
70 -16
70 -17
69 -17
69 -18
69 -19
69 -20
70 -20
70 -19
70 -18
71 -18
72 -18
73 -18
73 -19
74 -19
74 -20
74 -21
73 -21
73 -22
73 -23
72 -23
72 -22
71 -22
70 -22
70 -21
69 -21
69 -22
69 -23
70 -23
70 -24
71 -24
72 -24
73 -24
74 -24
75 -24
75 -23
74 -23
74 -22
75 -22
76 -22
76 -21
77 -21
77 -20
76 -20
76 -19
76 -18
77 -18
77 -19
78 -19
78 -20
78 -21
78 -22
78 -23
79 -23
79 -22
79 -21
80 -21
80 -20
80 -19
79 -19
79 -18
78 -18
78 -17
79 -17
79 -16
79 -15
79 -14
79 -13
79 -12
79 -11
80 -11
80 -12
81 -12
81 -13
80 -13
80 -14
81 -14
81 -15
82 -15
82 -14
82 -13
82 -12
83 -12
83 -11
83 -10
84 -10
84 -11
84 -12
84 -13
83 -13
83 -14
84 -14
85 -14
85 -13
85 -12
85 -11
86 -11
87 -11
88 -11
88 -12
88 -13
87 -13
87 -14
86 -14
86 -15
87 -15
87 -16
86 -16
85 -16
85 -15
84 -15
83 -15
83 -16
82 -16
82 -17
82 -18
82 -19
83 -19
83 -18
84 -18
85 -18
86 -18
87 -18
87 -17
88 -17
88 -18
89 -18
89 -17
90 -17
90 -18
90 -19
89 -19
88 -19
87 -19
87 -20
88 -20
88 -21
87 -21
87 -22
87 -23
86 -23
86 -24
85 -24
85 -25
85 -26
85 -27
85 -28
84 -28
84 -27
83 -27
83 -28
82 -28
82 -27
82 -26
81 -26
80 -26
80 -27
81 -27
81 -28
81 -29
80 -29
80 -30
81 -30
82 -30
82 -29
83 -29
84 -29
85 -29
85 -30
85 -31
86 -31
86 -30
87 -30
87 -31
88 -31
88 -30
89 -30
89 -31
89 -32
90 -32
90 -31
91 -31
91 -30
91 -29
91 -28
92 -28
92 -27
93 -27
93 -26
93 -25
93 -24
92 -24
91 -24
91 -23
90 -23
90 -24
90 -25
91 -25
92 -25
92 -26
91 -26
90 -26
89 -26
89 -27
89 -28
88 -28
88 -27
88 -26
87 -26
87 -27
86 -27
86 -26
86 -25
87 -25
88 -25
89 -25
89 -24
89 -23
88 -23
88 -22
89 -22
90 -22
91 -22
92 -22
92 -23
93 -23
93 -22
94 -22
95 -22
96 -22
97 -22
97 -21
97 -20
96 -20
96 -21
95 -21
95 -20
95 -19
94 -19
93 -19
92 -19
91 -19
91 -18
92 -18
93 -18
94 -18
95 -18
96 -18
96 -19
97 -19
97 -18
97 -17
96 -17
96 -16
97 -16
97 -15
97 -14
98 -14
99 -14
99 -13
99 -12
98 -12
98 -11
97 -11
97 -12
97 -13
96 -13
95 -13
95 -12
95 -11
95 -10
96 -10
97 -10
98 -10
99 -10
99 -9
99 -8
100 -8
100 -7
99 -7
98 -7
98 -8
98 -9
97 -9
96 -9
96 -8
97 -8
97 -7
96 -7
96 -6
95 -6
95 -7
95 -8
95 -9
94 -9
94 -8
93 -8
93 -9
93 -10
94 -10
94 -11
94 -12
93 -12
93 -11
92 -11
92 -12
91 -12
91 -11
91 -10
90 -10
90 -11
90 -12
89 -12
89 -11
89 -10
88 -10
87 -10
86 -10
85 -10
85 -9
86 -9
86 -8
87 -8
87 -9
88 -9
88 -8
89 -8
89 -7
88 -7
88 -6
88 -5
89 -5
89 -6
90 -6
90 -5
90 -4
91 -4
91 -5
91 -6
92 -6
92 -5
93 -5
94 -5
95 -5
95 -4
95 -3
96 -3
96 -2
95 -2
94 -2
94 -3
93 -3
93 -2
93 -1
94 -1
95 -1
96 -1
96 0
96 1
96 2
95 2
94 2
94 3
95 3
96 3
96 4
96 5
97 5
97 6
96 6
96 7
95 7
95 8
95 9
94 9
94 10
95 10
96 10
96 11
96 12
97 12
97 11
97 10
97 9
96 9
96 8
97 8
97 7
98 7
98 8
99 8
99 7
100 7
100 8
100 9
100 10
101 10
101 9
101 8
101 7
102 7
102 8
102 9
102 10
102 11
101 11
100 11
100 12
101 12
102 12
103 12
104 12
104 11
105 11
106 11
107 11
107 10
106 10
106 9
107 9
107 8
107 7
106 7
106 8
105 8
105 7
104 7
104 8
104 9
105 9
105 10
104 10
103 10
103 9
103 8
103 7
103 6
102 6
102 5
101 5
101 6
100 6
100 5
99 5
99 6
98 6
98 5
98 4
99 4
100 4
101 4
102 4
102 3
101 3
101 2
102 2
103 2
103 3
104 3
104 2
104 1
105 1
106 1
106 0
107 0
107 1
108 1
108 2
108 3
107 3
106 3
105 3
105 4
106 4
107 4
108 4
108 5
109 5
109 6
109 7
110 7
110 6
110 5
111 5
111 4
111 3
111 2
110 2
110 3
110 4
109 4
109 3
109 2
109 1
110 1
110 0
111 0
111 1
112 1
112 0
113 0
113 1
114 1
114 0
114 -1
115 -1
115 0
115 1
115 2
115 3
114 3
114 4
115 4
115 5
116 5
117 5
117 4
118 4
119 4
120 4
120 3
121 3
121 4
121 5
120 5
119 5
118 5
118 6
118 7
117 7
117 8
118 8
119 8
120 8
120 9
121 9
121 10
120 10
119 10
118 10
117 10
117 11
116 11
116 12
117 12
118 12
118 11
119 11
120 11
121 11
121 12
121 13
122 13
122 12
123 12
123 11
122 11
122 10
123 10
124 10
125 10
126 10
126 9
125 9
125 8
124 8
124 9
123 9
123 8
122 8
122 7
121 7
120 7
119 7
119 6
120 6
121 6
122 6
122 5
123 5
123 6
123 7
124 7
124 6
125 6
125 5
125 4
124 4
123 4
123 3
122 3
122 2
122 1
121 1
121 0
122 0
122 -1
121 -1
121 -2
122 -2
123 -2
124 -2
124 -1
123 -1
123 0
123 1
123 2
124 2
124 3
125 3
126 3
126 2
127 2
128 2
129 2
130 2
130 1
130 0
129 0
129 1
128 1
127 1
127 0
127 -1
126 -1
126 0
125 0
125 -1
125 -2
126 -2
126 -3
126 -4
127 -4
127 -3
127 -2
128 -2
128 -3
129 -3
129 -4
130 -4
131 -4
131 -5
130 -5
130 -6
129 -6
129 -7
129 -8
128 -8
128 -9
127 -9
126 -9
125 -9
125 -10
126 -10
126 -11
125 -11
124 -11
124 -10
124 -9
124 -8
125 -8
126 -8
126 -7
125 -7
125 -6
126 -6
126 -5
125 -5
125 -4
125 -3
124 -3
123 -3
123 -4
124 -4
124 -5
124 -6
124 -7
123 -7
123 -6
123 -5
122 -5
122 -4
122 -3
121 -3
120 -3
120 -2
120 -1
120 0
119 0
118 0
118 -1
117 -1
117 0
116 0
116 -1
116 -2
116 -3
115 -3
115 -2
114 -2
114 -3
114 -4
113 -4
113 -3
112 -3
112 -4
112 -5
112 -6
111 -6
110 -6
109 -6
108 -6
107 -6
106 -6
106 -7
105 -7
105 -8
104 -8
104 -9
105 -9
105 -10
104 -10
104 -11
104 -12
105 -12
105 -11
106 -11
107 -11
107 -12
108 -12
108 -13
108 -14
109 -14
110 -14
110 -15
110 -16
109 -16
109 -17
108 -17
108 -16
108 -15
107 -15
107 -16
106 -16
106 -17
107 -17
107 -18
106 -18
105 -18
104 -18
103 -18
103 -19
102 -19
101 -19
101 -20
102 -20
103 -20
104 -20
104 -19
105 -19
106 -19
107 -19
107 -20
108 -20
108 -21
108 -22
108 -23
107 -23
107 -22
107 -21
106 -21
106 -22
106 -23
106 -24
105 -24
105 -23
105 -22
105 -21
104 -21
103 -21
103 -22
104 -22
104 -23
104 -24
104 -25
103 -25
103 -26
103 -27
102 -27
102 -26
102 -25
102 -24
101 -24
101 -25
101 -26
101 -27
101 -28
102 -28
103 -28
104 -28
104 -27
104 -26
105 -26
105 -27
106 -27
107 -27
108 -27
108 -28
108 -29
107 -29
107 -28
106 -28
105 -28
105 -29
106 -29
106 -30
107 -30
107 -31
108 -31
109 -31
109 -32
110 -32
111 -32
111 -33
112 -33
112 -34
113 -34
113 -33
113 -32
113 -31
112 -31
112 -30
112 -29
113 -29
114 -29
114 -28
114 -27
113 -27
112 -27
111 -27
111 -28
111 -29
110 -29
110 -28
110 -27
109 -27
109 -26
110 -26
111 -26
112 -26
112 -25
112 -24
112 -23
112 -22
113 -22
113 -21
113 -20
112 -20
112 -19
112 -18
112 -17
113 -17
113 -16
112 -16
111 -16
111 -15
112 -15
112 -14
111 -14
111 -13
112 -13
113 -13
113 -14
113 -15
114 -15
115 -15
116 -15
117 -15
117 -16
118 -16
118 -17
118 -18
118 -19
117 -19
117 -18
116 -18
116 -19
115 -19
115 -18
115 -17
114 -17
114 -18
114 -19
114 -20
114 -21
114 -22
115 -22
115 -21
115 -20
116 -20
116 -21
117 -21
117 -22
118 -22
119 -22
119 -21
119 -20
119 -19
120 -19
120 -20
120 -21
120 -22
120 -23
119 -23
118 -23
118 -24
118 -25
119 -25
119 -24
120 -24
121 -24
122 -24
123 -24
123 -23
123 -22
124 -22
124 -21
124 -20
123 -20
123 -19
123 -18
122 -18
122 -19
121 -19
121 -18
120 -18
119 -18
119 -17
120 -17
120 -16
119 -16
119 -15
118 -15
118 -14
118 -13
117 -13
117 -14
116 -14
116 -13
115 -13
115 -14
114 -14
114 -13
114 -12
114 -11
114 -10
115 -10
115 -11
115 -12
116 -12
117 -12
118 -12
119 -12
120 -12
121 -12
121 -13
120 -13
119 -13
119 -14
120 -14
121 -14
121 -15
122 -15
122 -14
123 -14
123 -13
122 -13
122 -12
122 -11
121 -11
120 -11
120 -10
121 -10
121 -9
120 -9
120 -8
121 -8
122 -8
123 -8
123 -9
122 -9
122 -10
123 -10
123 -11
123 -12
124 -12
124 -13
125 -13
125 -14
125 -15
124 -15
124 -16
125 -16
126 -16
126 -15
126 -14
126 -13
126 -12
127 -12
127 -13
128 -13
129 -13
130 -13
130 -12
130 -11
131 -11
131 -12
132 -12
133 -12
133 -11
133 -10
132 -10
132 -9
132 -8
133 -8
133 -9
134 -9
135 -9
135 -10
134 -10
134 -11
135 -11
136 -11
136 -10
136 -9
137 -9
138 -9
138 -10
138 -11
138 -12
137 -12
136 -12
135 -12
134 -12
134 -13
135 -13
136 -13
137 -13
137 -14
138 -14
138 -15
137 -15
137 -16
138 -16
139 -16
139 -15
139 -14
140 -14
141 -14
141 -13
140 -13
