0 -1
0 -2
-1 -2
-1 -3
0 -3
1 -3
1 -2
1 -1
1 0
2 0
2 1
1 1
1 2
1 3
0 3
0 4
1 4
2 4
2 3
2 2
3 2
4 2
5 2
6 2
6 1
5 1
5 0
6 0
7 0
7 -1
6 -1
6 -2
7 -2
8 -2
8 -1
9 -1
9 0
10 0
10 -1
10 -2
11 -2
11 -1
11 0
12 0
12 -1
12 -2
13 -2
14 -2
14 -3
13 -3
13 -4
13 -5
13 -6
14 -6
14 -7
13 -7
13 -8
13 -9
12 -9
12 -8
11 -8
11 -9
10 -9
9 -9
8 -9
7 -9
7 -8
8 -8
9 -8
9 -7
8 -7
8 -6
8 -5
9 -5
9 -6
10 -6
10 -7
11 -7
12 -7
12 -6
11 -6
11 -5
10 -5
10 -4
11 -4
11 -3
10 -3
9 -3
9 -4
8 -4
8 -3
7 -3
6 -3
6 -4
6 -5
6 -6
7 -6
7 -7
6 -7
6 -8
6 -9
5 -9
5 -8
4 -8
3 -8
2 -8
1 -8
1 -9
1 -10
0 -10
0 -11
1 -11
1 -12
0 -12
-1 -12
-2 -12
-3 -12
-3 -13
-2 -13
-1 -13
0 -13
1 -13
1 -14
1 -15
1 -16
0 -16
0 -17
0 -18
0 -19
0 -20
-1 -20
-1 -19
-1 -18
-1 -17
-1 -16
-1 -15
-2 -15
-3 -15
-4 -15
-5 -15
-5 -16
-4 -16
-3 -16
-2 -16
-2 -17
-2 -18
-2 -19
-2 -20
-3 -20
-3 -19
-3 -18
-3 -17
-4 -17
-4 -18
-4 -19
-4 -20
-5 -20
-5 -19
-5 -18
-6 -18
-7 -18
-7 -19
-6 -19
-6 -20
-6 -21
-6 -22
-7 -22
-7 -23
-6 -23
-5 -23
-5 -24
-4 -24
-4 -23
-3 -23
-3 -24
-2 -24
-1 -24
-1 -25
-2 -25
-3 -25
-4 -25
-5 -25
-6 -25
-6 -24
-7 -24
-7 -25
-8 -25
-8 -24
-9 -24
-9 -25
-10 -25
-11 -25
-11 -26
-11 -27
-11 -28
-12 -28
-12 -29
-11 -29
-11 -30
-11 -31
-10 -31
-9 -31
-9 -32
-9 -33
-9 -34
-8 -34
-8 -35
-7 -35
-7 -34
-7 -33
-8 -33
-8 -32
-8 -31
-7 -31
-7 -30
-8 -30
-9 -30
-10 -30
-10 -29
-9 -29
-8 -29
-8 -28
-8 -27
-7 -27
-7 -28
-7 -29
-6 -29
-6 -28
-6 -27
-6 -26
-5 -26
-5 -27
-4 -27
-4 -26
-3 -26
-2 -26
-1 -26
0 -26
1 -26
1 -27
0 -27
-1 -27
-2 -27
-3 -27
-3 -28
-2 -28
-1 -28
-1 -29
-2 -29
-3 -29
-3 -30
-2 -30
-1 -30
-1 -31
-2 -31
-2 -32
-2 -33
-3 -33
-4 -33
-5 -33
-5 -32
-6 -32
-6 -33
-6 -34
-5 -34
-4 -34
-3 -34
-2 -34
-1 -34
-1 -33
-1 -32
0 -32
0 -31
1 -31
1 -30
0 -30
0 -29
0 -28
1 -28
1 -29
2 -29
3 -29
3 -28
3 -27
4 -27
4 -28
5 -28
5 -27
6 -27
7 -27
7 -28
6 -28
6 -29
5 -29
4 -29
4 -30
3 -30
2 -30
2 -31
3 -31
4 -31
5 -31
5 -32
5 -33
4 -33
3 -33
3 -32
2 -32
2 -33
2 -34
2 -35
3 -35
3 -34
4 -34
5 -34
5 -35
4 -35
4 -36
3 -36
2 -36
2 -37
1 -37
0 -37
0 -36
0 -35
-1 -35
-2 -35
-3 -35
-3 -36
-2 -36
-1 -36
-1 -37
-1 -38
-1 -39
0 -39
1 -39
1 -38
2 -38
2 -39
3 -39
3 -38
3 -37
4 -37
5 -37
5 -38
4 -38
4 -39
5 -39
6 -39
7 -39
7 -38
6 -38
6 -37
7 -37
7 -36
6 -36
6 -35
6 -34
6 -33
6 -32
7 -32
8 -32
8 -31
9 -31
10 -31
10 -32
10 -33
10 -34
9 -34
9 -33
8 -33
8 -34
7 -34
7 -35
8 -35
9 -35
9 -36
8 -36
8 -37
8 -38
8 -39
8 -40
7 -40
6 -40
6 -41
6 -42
7 -42
7 -43
6 -43
6 -44
7 -44
8 -44
8 -43
9 -43
10 -43
11 -43
11 -42
10 -42
9 -42
8 -42
8 -41
9 -41
9 -40
10 -40
11 -40
11 -41
12 -41
13 -41
14 -41
14 -40
14 -39
15 -39
16 -39
16 -38
16 -37
17 -37
18 -37
18 -36
17 -36
16 -36
15 -36
15 -35
15 -34
15 -33
16 -33
16 -34
16 -35
17 -35
17 -34
17 -33
18 -33
18 -34
18 -35
19 -35
19 -36
19 -37
19 -38
20 -38
20 -37
20 -36
20 -35
20 -34
19 -34
19 -33
19 -32
18 -32
17 -32
17 -31
16 -31
16 -30
17 -30
18 -30
18 -31
19 -31
19 -30
19 -29
19 -28
19 -27
19 -26
18 -26
18 -27
18 -28
18 -29
17 -29
16 -29
15 -29
15 -30
15 -31
14 -31
13 -31
13 -30
14 -30
14 -29
13 -29
13 -28
13 -27
13 -26
12 -26
12 -25
13 -25
14 -25
15 -25
15 -24
15 -23
14 -23
14 -24
13 -24
12 -24
12 -23
13 -23
13 -22
14 -22
14 -21
14 -20
13 -20
13 -19
12 -19
12 -18
12 -17
12 -16
12 -15
11 -15
10 -15
10 -16
11 -16
11 -17
11 -18
10 -18
10 -19
10 -20
11 -20
12 -20
12 -21
11 -21
10 -21
9 -21
8 -21
8 -20
9 -20
9 -19
8 -19
8 -18
7 -18
7 -19
6 -19
6 -20
5 -20
5 -21
6 -21
7 -21
7 -22
8 -22
9 -22
9 -23
9 -24
10 -24
10 -23
11 -23
11 -24
11 -25
10 -25
9 -25
8 -25
7 -25
6 -25
6 -24
7 -24
8 -24
8 -23
7 -23
6 -23
6 -22
5 -22
4 -22
4 -23
4 -24
3 -24
2 -24
2 -23
3 -23
3 -22
3 -21
3 -20
2 -20
2 -19
2 -18
2 -17
2 -16
2 -15
2 -14
2 -13
2 -12
3 -12
4 -12
5 -12
5 -11
5 -10
6 -10
7 -10
8 -10
9 -10
10 -10
11 -10
12 -10
12 -11
11 -11
10 -11
10 -12
11 -12
11 -13
12 -13
13 -13
14 -13
14 -14
15 -14
16 -14
16 -13
15 -13
15 -12
16 -12
17 -12
17 -13
17 -14
18 -14
18 -13
19 -13
19 -14
19 -15
20 -15
20 -14
21 -14
22 -14
22 -13
23 -13
24 -13
25 -13
25 -14
24 -14
23 -14
23 -15
22 -15
21 -15
21 -16
21 -17
21 -18
20 -18
20 -17
20 -16
19 -16
19 -17
19 -18
18 -18
17 -18
17 -17
18 -17
18 -16
18 -15
17 -15
17 -16
16 -16
16 -15
15 -15
15 -16
15 -17
16 -17
16 -18
16 -19
15 -19
15 -20
16 -20
17 -20
17 -21
16 -21
16 -22
17 -22
18 -22
19 -22
19 -23
20 -23
20 -22
20 -21
21 -21
21 -22
22 -22
23 -22
23 -21
24 -21
24 -20
23 -20
22 -20
21 -20
20 -20
19 -20
19 -21
18 -21
18 -20
18 -19
19 -19
20 -19
21 -19
22 -19
22 -18
23 -18
23 -19
24 -19
24 -18
25 -18
25 -19
25 -20
25 -21
26 -21
27 -21
27 -20
27 -19
26 -19
26 -18
27 -18
28 -18
28 -19
28 -20
28 -21
29 -21
29 -22
28 -22
27 -22
27 -23
26 -23
26 -22
25 -22
24 -22
24 -23
23 -23
23 -24
23 -25
24 -25
24 -26
23 -26
22 -26
22 -25
21 -25
21 -26
20 -26
20 -27
21 -27
22 -27
23 -27
23 -28
22 -28
21 -28
20 -28
20 -29
21 -29
21 -30
20 -30
20 -31
21 -31
21 -32
22 -32
22 -31
22 -30
22 -29
23 -29
23 -30
23 -31
23 -32
24 -32
24 -33
23 -33
22 -33
22 -34
23 -34
24 -34
24 -35
23 -35
23 -36
24 -36
24 -37
23 -37
22 -37
21 -37
21 -38
21 -39
21 -40
20 -40
20 -39
19 -39
19 -40
19 -41
20 -41
20 -42
21 -42
22 -42
22 -41
23 -41
23 -42
24 -42
24 -43
24 -44
25 -44
25 -43
25 -42
25 -41
25 -40
25 -39
25 -38
26 -38
26 -37
25 -37
25 -36
26 -36
27 -36
28 -36
29 -36
30 -36
30 -37
31 -37
31 -36
32 -36
32 -37
32 -38
33 -38
33 -37
33 -36
34 -36
34 -35
34 -34
34 -33
35 -33
35 -34
35 -35
35 -36
35 -37
36 -37
36 -38
36 -39
35 -39
35 -40
35 -41
36 -41
36 -42
37 -42
38 -42
39 -42
39 -43
39 -44
40 -44
40 -45
40 -46
40 -47
41 -47
41 -48
40 -48
39 -48
38 -48
38 -49
38 -50
37 -50
37 -51
36 -51
36 -50
36 -49
35 -49
35 -48
34 -48
34 -49
33 -49
33 -48
32 -48
32 -49
31 -49
30 -49
29 -49
29 -50
29 -51
28 -51
28 -52
28 -53
28 -54
29 -54
29 -55
28 -55
27 -55
27 -54
27 -53
26 -53
26 -52
26 -51
26 -50
27 -50
28 -50
28 -49
27 -49
26 -49
26 -48
27 -48
27 -47
27 -46
28 -46
28 -45
28 -44
29 -44
29 -45
30 -45
31 -45
31 -46
32 -46
32 -47
33 -47
34 -47
35 -47
35 -46
36 -46
37 -46
38 -46
38 -47
39 -47
39 -46
39 -45
38 -45
37 -45
36 -45
36 -44
37 -44
37 -43
36 -43
35 -43
34 -43
34 -44
34 -45
34 -46
33 -46
33 -45
33 -44
33 -43
33 -42
34 -42
34 -41
33 -41
33 -40
32 -40
32 -41
31 -41
31 -42
32 -42
32 -43
31 -43
31 -44
30 -44
30 -43
29 -43
28 -43
27 -43
26 -43
26 -44
27 -44
27 -45
26 -45
26 -46
26 -47
25 -47
24 -47
23 -47
23 -48
24 -48
25 -48
25 -49
24 -49
23 -49
23 -50
24 -50
24 -51
25 -51
25 -52
24 -52
23 -52
23 -53
24 -53
25 -53
25 -54
26 -54
26 -55
25 -55
24 -55
24 -56
25 -56
25 -57
24 -57
24 -58
24 -59
25 -59
25 -60
25 -61
24 -61
24 -60
23 -60
23 -61
23 -62
22 -62
22 -61
22 -60
21 -60
20 -60
20 -59
21 -59
22 -59
23 -59
23 -58
22 -58
21 -58
20 -58
19 -58
19 -57
20 -57
21 -57
21 -56
22 -56
22 -57
23 -57
23 -56
