0 1
1 1
1 0
2 0
3 0
3 -1
3 -2
2 -2
1 -2
0 -2
0 -1
-1 -1
-2 -1
-2 0
-1 0
-1 1
-2 1
-2 2
-3 2
-4 2
-4 3
-4 4
-3 4
-3 5
-3 6
-2 6
-1 6
-1 5
-2 5
-2 4
-2 3
-1 3
-1 4
0 4
0 3
1 3
1 2
2 2
2 1
3 1
3 2
4 2
4 1
5 1
5 0
4 0
4 -1
4 -2
5 -2
6 -2
7 -2
7 -1
7 0
7 1
6 1
6 2
7 2
7 3
7 4
7 5
8 5
8 6
7 6
7 7
8 7
8 8
7 8
7 9
6 9
6 10
5 10
5 9
4 9
4 10
4 11
5 11
6 11
6 12
7 12
8 12
8 13
8 14
9 14
9 13
9 12
10 12
10 13
11 13
12 13
12 12
11 12
11 11
12 11
12 10
11 10
10 10
9 10
9 9
9 8
10 8
10 9
11 9
12 9
13 9
13 10
14 10
14 9
15 9
15 10
16 10
17 10
17 9
16 9
16 8
17 8
17 7
17 6
16 6
15 6
14 6
14 7
14 8
13 8
12 8
11 8
11 7
12 7
12 6
13 6
13 5
12 5
12 4
13 4
13 3
14 3
15 3
15 4
14 4
14 5
15 5
16 5
16 4
16 3
16 2
15 2
14 2
14 1
13 1
13 2
12 2
11 2
10 2
10 1
9 1
9 2
9 3
8 3
8 2
8 1
8 0
8 -1
8 -2
9 -2
9 -1
9 0
10 0
11 0
12 0
12 -1
12 -2
11 -2
11 -1
10 -1
10 -2
10 -3
9 -3
8 -3
7 -3
7 -4
6 -4
6 -3
5 -3
5 -4
5 -5
4 -5
4 -4
4 -3
3 -3
2 -3
2 -4
3 -4
3 -5
3 -6
3 -7
4 -7
4 -6
5 -6
5 -7
6 -7
6 -8
7 -8
7 -7
8 -7
8 -8
9 -8
9 -7
9 -6
9 -5
10 -5
11 -5
12 -5
13 -5
13 -4
12 -4
11 -4
11 -3
12 -3
13 -3
13 -2
13 -1
14 -1
14 -2
14 -3
14 -4
14 -5
14 -6
14 -7
14 -8
15 -8
15 -9
15 -10
14 -10
13 -10
12 -10
12 -11
12 -12
11 -12
10 -12
9 -12
8 -12
8 -13
7 -13
7 -14
6 -14
5 -14
4 -14
4 -13
5 -13
6 -13
6 -12
6 -11
7 -11
8 -11
9 -11
10 -11
11 -11
11 -10
10 -10
10 -9
9 -9
8 -9
8 -10
7 -10
7 -9
6 -9
6 -10
5 -10
5 -9
4 -9
3 -9
2 -9
2 -10
2 -11
1 -11
1 -10
1 -9
0 -9
0 -10
-1 -10
-2 -10
-2 -11
-1 -11
0 -11
0 -12
-1 -12
-1 -13
-1 -14
-2 -14
-2 -13
-2 -12
-3 -12
-3 -11
-4 -11
-4 -10
-5 -10
-5 -11
-5 -12
-4 -12
-4 -13
-5 -13
-5 -14
-4 -14
-4 -15
-5 -15
-5 -16
-6 -16
-7 -16
-7 -15
-6 -15
-6 -14
-6 -13
-6 -12
-6 -11
-6 -10
-6 -9
-7 -9
-7 -8
-8 -8
-8 -9
-8 -10
-7 -10
-7 -11
-7 -12
-7 -13
-8 -13
-8 -12
-8 -11
-9 -11
-9 -10
-9 -9
-9 -8
-10 -8
-11 -8
-11 -7
-10 -7
-9 -7
-8 -7
-8 -6
-8 -5
-9 -5
-9 -6
-10 -6
-11 -6
-11 -5
-12 -5
-12 -6
-12 -7
-12 -8
-12 -9
-13 -9
-13 -8
-14 -8
-14 -7
-15 -7
-15 -8
-16 -8
-17 -8
-17 -7
-17 -6
-16 -6
-15 -6
-14 -6
-13 -6
-13 -5
-13 -4
-14 -4
-14 -5
-15 -5
-16 -5
-17 -5
-18 -5
-19 -5
-20 -5
-20 -4
-21 -4
-21 -3
-20 -3
-19 -3
-18 -3
-18 -4
-17 -4
-16 -4
-16 -3
-17 -3
-17 -2
-18 -2
-18 -1
-17 -1
-16 -1
-16 0
-16 1
-15 1
-15 0
-14 0
-14 1
-13 1
-13 2
-13 3
-13 4
-12 4
-12 3
-11 3
-11 4
-11 5
-12 5
-13 5
-13 6
-14 6
-15 6
-15 5
-14 5
-14 4
-15 4
-15 3
-14 3
-14 2
-15 2
-16 2
-16 3
-16 4
-17 4
-18 4
-18 5
-19 5
-20 5
-20 6
-19 6
-19 7
-20 7
-21 7
-22 7
-22 6
-22 5
-23 5
-23 6
-23 7
-23 8
-22 8
-21 8
-20 8
-20 9
-19 9
-19 8
-18 8
-17 8
-17 7
-18 7
-18 6
-17 6
-17 5
-16 5
-16 6
-16 7
-16 8
-16 9
-16 10
-16 11
-16 12
-16 13
-15 13
-15 12
-15 11
-15 10
-15 9
-15 8
-15 7
-14 7
-14 8
-13 8
-13 9
-13 10
-13 11
-12 11
-12 10
-12 9
-11 9
-10 9
-9 9
-9 10
-10 10
-11 10
-11 11
-10 11
-9 11
-9 12
-10 12
-10 13
-9 13
-8 13
-8 14
-7 14
-7 15
-6 15
-6 14
-6 13
-7 13
-7 12
-7 11
-8 11
-8 10
-8 9
-8 8
-7 8
-6 8
-5 8
-5 9
-6 9
-7 9
-7 10
-6 10
-6 11
-5 11
-5 12
-5 13
-5 14
-5 15
-4 15
-4 14
-3 14
-3 15
-3 16
-3 17
-2 17
-2 16
-2 15
-1 15
-1 16
0 16
1 16
1 17
2 17
2 16
2 15
1 15
0 15
0 14
1 14
1 13
0 13
0 12
1 12
2 12
2 11
3 11
3 12
3 13
2 13
2 14
3 14
4 14
4 15
5 15
5 14
6 14
6 15
6 16
7 16
7 15
8 15
8 16
8 17
7 17
6 17
5 17
5 16
4 16
3 16
3 17
4 17
4 18
3 18
2 18
2 19
1 19
1 20
0 20
0 19
0 18
0 17
-1 17
-1 18
-1 19
-2 19
-2 20
-1 20
-1 21
0 21
0 22
-1 22
-1 23
-1 24
-2 24
-2 23
-2 22
-3 22
-4 22
-4 23
-3 23
-3 24
-3 25
-2 25
-2 26
-3 26
-3 27
-3 28
-3 29
-4 29
-4 30
-4 31
-4 32
-5 32
-5 31
-5 30
-6 30
-6 29
-6 28
-5 28
-4 28
-4 27
-4 26
-5 26
-6 26
-7 26
-8 26
-9 26
-10 26
-11 26
-11 27
-10 27
-10 28
-9 28
-8 28
-7 28
-7 29
-8 29
-9 29
-9 30
-10 30
-11 30
-11 31
-12 31
-12 30
-12 29
-12 28
-13 28
-13 27
-14 27
-14 26
-13 26
-13 25
-14 25
-14 24
-14 23
-15 23
-15 22
-14 22
-14 21
-13 21
-13 22
-13 23
-12 23
-12 22
-11 22
-11 23
-10 23
-10 24
-9 24
-9 25
-8 25
-8 24
-8 23
-9 23
-9 22
-8 22
-7 22
-7 21
-8 21
-9 21
-10 21
-10 20
-11 20
-11 19
-11 18
-10 18
-10 19
-9 19
-8 19
-8 20
-7 20
-6 20
-6 19
-7 19
-7 18
-8 18
-9 18
-9 17
-8 17
-8 16
-9 16
-9 15
-9 14
-10 14
-10 15
-11 15
-11 14
-11 13
-11 12
-12 12
-12 13
-12 14
-12 15
-12 16
-11 16
-10 16
-10 17
-11 17
-12 17
-13 17
-13 18
-12 18
-12 19
-13 19
-13 20
-14 20
-14 19
-15 19
-15 20
-15 21
-16 21
-16 20
-16 19
-16 18
-16 17
-15 17
-15 18
-14 18
-14 17
-14 16
-13 16
-13 15
-13 14
-14 14
-14 15
-15 15
-16 15
-17 15
-17 14
-17 13
-18 13
-19 13
-20 13
-20 14
-19 14
-18 14
-18 15
-19 15
-19 16
-20 16
-21 16
-21 17
-21 18
-21 19
-22 19
-22 18
-22 17
-22 16
-22 15
-22 14
-23 14
-23 13
-23 12
-24 12
-24 13
-24 14
-25 14
-25 15
-24 15
-24 16
-25 16
-26 16
-26 15
-27 15
-27 14
-26 14
-26 13
-27 13
-27 12
-27 11
-26 11
-26 10
-26 9
-25 9
-25 10
-25 11
-24 11
-23 11
-22 11
-21 11
-20 11
-19 11
-19 12
-18 12
-18 11
-17 11
-17 10
-18 10
-19 10
-20 10
-21 10
-21 9
-22 9
-23 9
-23 10
-24 10
-24 9
-24 8
-24 7
-24 6
-25 6
-25 7
-25 8
-26 8
-26 7
-27 7
-27 8
-28 8
-29 8
-29 7
-29 6
-29 5
-28 5
-28 6
-27 6
-27 5
-27 4
-26 4
-26 3
-25 3
-24 3
-24 2
-25 2
-26 2
-26 1
-27 1
-28 1
-28 2
-27 2
-27 3
-28 3
-29 3
-29 4
-30 4
-30 3
-31 3
-32 3
-33 3
-33 2
-32 2
-31 2
-31 1
-32 1
-33 1
-34 1
-34 0
-34 -1
-35 -1
-35 0
-35 1
-36 1
-36 2
-35 2
-35 3
-34 3
-34 4
-33 4
-32 4
-31 4
-31 5
-31 6
-31 7
-30 7
-30 8
-31 8
-31 9
-30 9
-29 9
-28 9
-27 9
-27 10
-28 10
-29 10
-30 10
-31 10
-31 11
-32 11
-32 10
-32 9
-32 8
-32 7
-32 6
-32 5
-33 5
-34 5
-35 5
-35 4
-36 4
-37 4
-37 5
-36 5
-36 6
-36 7
-35 7
-35 6
-34 6
-33 6
-33 7
-34 7
-34 8
-33 8
-33 9
-33 10
-34 10
-34 9
-35 9
-35 8
-36 8
-37 8
-37 9
-37 10
-37 11
-36 11
-35 11
-34 11
-33 11
-33 12
-32 12
-32 13
-33 13
-33 14
-34 14
-35 14
-36 14
-36 13
-35 13
-34 13
-34 12
-35 12
-36 12
-37 12
-37 13
-37 14
-38 14
-38 15
-38 16
-38 17
-38 18
-39 18
-40 18
-40 19
-40 20
-39 20
-38 20
-38 21
-39 21
-40 21
-41 21
-41 20
-42 20
-42 21
-43 21
-44 21
-45 21
-45 20
-45 19
-44 19
-43 19
-42 19
-42 18
-41 18
-41 17
-42 17
-43 17
-43 18
-44 18
-44 17
-45 17
-45 16
-44 16
-44 15
-43 15
-43 14
-42 14
-41 14
-41 13
-40 13
-40 12
-40 11
-41 11
-41 12
