-1 0
-2 0
-2 1
-1 1
0 1
0 2
1 2
1 1
2 1
3 1
3 2
4 2
4 1
4 0
4 -1
3 -1
3 -2
4 -2
4 -3
4 -4
4 -5
4 -6
5 -6
5 -5
5 -4
6 -4
6 -5
6 -6
6 -7
7 -7
7 -6
7 -5
8 -5
8 -4
8 -3
8 -2
9 -2
9 -3
10 -3
10 -2
10 -1
11 -1
11 -2
11 -3
11 -4
10 -4
9 -4
9 -5
10 -5
11 -5
12 -5
12 -6
11 -6
10 -6
10 -7
9 -7
9 -8
9 -9
8 -9
8 -8
7 -8
7 -9
7 -10
6 -10
6 -9
5 -9
5 -10
4 -10
3 -10
3 -11
4 -11
4 -12
3 -12
3 -13
3 -14
3 -15
2 -15
2 -16
1 -16
0 -16
0 -15
0 -14
-1 -14
-1 -15
-1 -16
-1 -17
-1 -18
-2 -18
-2 -19
-1 -19
-1 -20
-1 -21
-2 -21
-2 -20
-3 -20
-3 -19
-3 -18
-3 -17
-2 -17
-2 -16
-2 -15
-2 -14
-2 -13
-1 -13
0 -13
1 -13
1 -12
2 -12
2 -11
1 -11
1 -10
2 -10
2 -9
3 -9
3 -8
4 -8
4 -7
3 -7
2 -7
2 -8
1 -8
1 -7
1 -6
2 -6
2 -5
1 -5
0 -5
0 -6
0 -7
0 -8
0 -9
0 -10
0 -11
0 -12
-1 -12
-2 -12
-3 -12
-4 -12
-4 -13
-5 -13
-5 -12
-6 -12
-6 -13
-6 -14
-5 -14
-5 -15
-4 -15
-4 -16
-5 -16
-5 -17
-4 -17
-4 -18
-5 -18
-5 -19
-4 -19
-4 -20
-5 -20
-6 -20
-6 -19
-7 -19
-8 -19
-8 -20
-8 -21
-7 -21
-6 -21
-6 -22
-6 -23
-5 -23
-5 -24
-6 -24
-6 -25
-5 -25
-5 -26
-4 -26
-3 -26
-3 -27
-4 -27
-5 -27
-6 -27
-6 -26
-7 -26
-8 -26
-8 -25
-7 -25
-7 -24
-8 -24
-8 -23
-7 -23
-7 -22
-8 -22
-9 -22
-9 -21
-9 -20
-10 -20
-10 -21
-10 -22
-10 -23
-11 -23
-11 -22
-12 -22
-13 -22
-14 -22
-14 -23
-13 -23
-12 -23
-12 -24
-13 -24
-13 -25
-12 -25
-11 -25
-11 -26
-11 -27
-12 -27
-12 -26
-13 -26
-14 -26
-14 -25
-14 -24
-15 -24
-16 -24
-16 -25
-16 -26
-17 -26
-18 -26
-19 -26
-20 -26
-20 -27
-20 -28
-20 -29
-21 -29
-21 -28
-21 -27
-21 -26
-21 -25
-20 -25
-20 -24
-21 -24
-21 -23
-20 -23
-19 -23
-19 -24
-19 -25
-18 -25
-17 -25
-17 -24
-17 -23
-18 -23
-18 -22
-19 -22
-20 -22
-21 -22
-22 -22
-22 -23
-22 -24
-22 -25
-23 -25
-23 -26
-24 -26
-24 -25
-25 -25
-26 -25
-26 -24
-25 -24
-24 -24
-23 -24
-23 -23
-24 -23
-24 -22
-23 -22
-23 -21
-22 -21
-22 -20
-23 -20
-23 -19
-22 -19
-22 -18
-23 -18
-23 -17
-23 -16
-23 -15
-23 -14
-23 -13
-23 -12
-22 -12
-22 -13
-22 -14
-21 -14
-20 -14
-20 -15
-21 -15
-22 -15
-22 -16
-21 -16
-20 -16
-19 -16
-18 -16
-18 -15
-19 -15
-19 -14
-19 -13
-20 -13
-21 -13
-21 -12
-21 -11
-22 -11
-23 -11
-24 -11
-25 -11
-25 -10
-25 -9
-24 -9
-24 -10
-23 -10
-22 -10
-22 -9
-23 -9
-23 -8
-24 -8
-24 -7
-25 -7
-25 -8
-26 -8
-27 -8
-28 -8
-29 -8
-29 -7
-28 -7
-28 -6
-29 -6
-30 -6
-30 -7
-30 -8
-31 -8
-31 -9
-30 -9
-29 -9
-28 -9
-27 -9
-26 -9
-26 -10
-27 -10
-28 -10
-29 -10
-30 -10
-31 -10
-32 -10
-32 -11
-32 -12
-31 -12
-31 -11
-30 -11
-30 -12
-29 -12
-29 -11
-28 -11
-27 -11
-26 -11
-26 -12
-27 -12
-27 -13
-26 -13
-25 -13
-25 -12
-24 -12
-24 -13
-24 -14
-24 -15
-24 -16
-25 -16
-26 -16
-26 -15
-27 -15
-27 -16
-28 -16
-29 -16
-29 -17
-29 -18
-28 -18
-28 -19
-27 -19
-27 -18
-26 -18
-25 -18
-25 -17
-24 -17
-24 -18
-24 -19
-24 -20
-25 -20
-25 -19
-26 -19
-26 -20
-26 -21
-25 -21
-25 -22
-25 -23
-26 -23
-27 -23
-27 -24
-27 -25
-27 -26
-26 -26
-26 -27
-27 -27
-27 -28
-27 -29
-28 -29
-28 -30
-28 -31
-28 -32
-29 -32
-29 -31
-30 -31
-31 -31
-31 -30
-31 -29
-32 -29
-32 -28
-32 -27
-33 -27
-33 -28
-33 -29
-34 -29
-34 -28
-34 -27
-34 -26
-33 -26
-32 -26
-31 -26
-31 -27
-31 -28
-30 -28
-30 -29
-30 -30
-29 -30
-29 -29
-29 -28
-29 -27
-29 -26
-30 -26
-30 -25
-29 -25
-28 -25
-28 -24
-28 -23
-28 -22
-28 -21
-29 -21
-29 -22
-30 -22
-31 -22
-32 -22
-32 -21
-31 -21
-30 -21
-30 -20
-30 -19
-30 -18
-30 -17
-30 -16
-30 -15
-30 -14
-31 -14
-31 -13
-32 -13
-32 -14
-32 -15
-31 -15
-31 -16
-31 -17
-31 -18
-32 -18
-32 -19
-31 -19
-31 -20
-32 -20
-33 -20
-33 -19
-33 -18
-33 -17
-34 -17
-35 -17
-35 -16
-35 -15
-35 -14
-36 -14
-36 -15
-36 -16
-37 -16
-38 -16
-39 -16
-40 -16
-40 -15
-40 -14
-40 -13
-39 -13
-39 -14
-39 -15
-38 -15
-37 -15
-37 -14
-38 -14
-38 -13
-37 -13
-36 -13
-35 -13
-35 -12
-36 -12
-37 -12
-37 -11
-37 -10
-36 -10
-36 -11
-35 -11
-35 -10
-34 -10
-34 -11
-34 -12
-34 -13
-34 -14
-33 -14
-33 -13
-33 -12
-33 -11
-33 -10
-33 -9
-32 -9
-32 -8
-32 -7
-31 -7
-31 -6
-31 -5
-31 -4
-31 -3
-32 -3
-33 -3
-33 -2
-32 -2
-31 -2
-30 -2
-29 -2
-29 -1
-30 -1
-31 -1
-32 -1
-33 -1
-33 0
-32 0
-31 0
-30 0
-29 0
-28 0
-28 1
-29 1
-29 2
-30 2
-31 2
-32 2
-32 1
-33 1
-33 2
-34 2
-34 3
-34 4
-33 4
-33 5
-32 5
-31 5
-30 5
-30 4
-30 3
-29 3
-29 4
-29 5
-28 5
-28 4
-28 3
-27 3
-27 2
-26 2
-26 3
-25 3
-24 3
-23 3
-23 2
-22 2
-22 1
-21 1
-20 1
-19 1
-18 1
-17 1
-16 1
-16 0
-15 0
-14 0
-14 -1
-15 -1
-16 -1
-16 -2
-17 -2
-17 -1
-17 0
-18 0
-18 -1
-18 -2
-19 -2
-19 -1
-20 -1
-21 -1
-21 0
-22 0
-23 0
-23 1
-24 1
-24 0
-25 0
-25 -1
-25 -2
-26 -2
-26 -3
-25 -3
-25 -4
-26 -4
-27 -4
-27 -3
-27 -2
-27 -1
-28 -1
-28 -2
-28 -3
-29 -3
-30 -3
-30 -4
-30 -5
-29 -5
-29 -4
-28 -4
-28 -5
-27 -5
-27 -6
-27 -7
-26 -7
-26 -6
-25 -6
-25 -5
-24 -5
-24 -6
-23 -6
-23 -7
-22 -7
-21 -7
-20 -7
-20 -8
-19 -8
-18 -8
-18 -7
-19 -7
-19 -6
-19 -5
-20 -5
-20 -6
-21 -6
-22 -6
-22 -5
-22 -4
-22 -3
-23 -3
-24 -3
-24 -2
-24 -1
-23 -1
-23 -2
-22 -2
-21 -2
-20 -2
-20 -3
-20 -4
-19 -4
-18 -4
-18 -5
-18 -6
-17 -6
-16 -6
-16 -7
-15 -7
-15 -6
-15 -5
-16 -5
-17 -5
-17 -4
-17 -3
-16 -3
-16 -4
-15 -4
-15 -3
-15 -2
-14 -2
-14 -3
-13 -3
-13 -2
-13 -1
-12 -1
-11 -1
-11 -2
-12 -2
-12 -3
-12 -4
-13 -4
-14 -4
-14 -5
-14 -6
-14 -7
-13 -7
-12 -7
-12 -6
-11 -6
-11 -7
-11 -8
-12 -8
-13 -8
-14 -8
-15 -8
-15 -9
-16 -9
-17 -9
-17 -10
-18 -10
-19 -10
-19 -9
-20 -9
-20 -10
-20 -11
-20 -12
-19 -12
-18 -12
-17 -12
-16 -12
-16 -13
-17 -13
-18 -13
-18 -14
-17 -14
-17 -15
-17 -16
-17 -17
-16 -17
-16 -18
-15 -18
-14 -18
-13 -18
-13 -19
-13 -20
-13 -21
-12 -21
-11 -21
-11 -20
-11 -19
-11 -18
-12 -18
-12 -17
-13 -17
-13 -16
-12 -16
-12 -15
-12 -14
-12 -13
-13 -13
-13 -14
-13 -15
-14 -15
-15 -15
-16 -15
-16 -14
-15 -14
-15 -13
-15 -12
-15 -11
-16 -11
-16 -10
-15 -10
-14 -10
-14 -11
-14 -12
-13 -12
-13 -11
-13 -10
-13 -9
-12 -9
-11 -9
-11 -10
-10 -10
-10 -9
-10 -8
-9 -8
-8 -8
-8 -7
-9 -7
-10 -7
-10 -6
-10 -5
-11 -5
-11 -4
-11 -3
-10 -3
-9 -3
-9 -4
-8 -4
-7 -4
-7 -5
-8 -5
-8 -6
-7 -6
-7 -7
-6 -7
-5 -7
-4 -7
-4 -6
-3 -6
-3 -7
-2 -7
-2 -6
-1 -6
-1 -5
-2 -5
-3 -5
-4 -5
-4 -4
-4 -3
-5 -3
-6 -3
-6 -2
-6 -1
-7 -1
-7 -2
-7 -3
-8 -3
-8 -2
-8 -1
-9 -1
-9 0
-8 0
-7 0
-6 0
-5 0
-5 1
-4 1
-4 0
-4 -1
-3 -1
-3 0
-3 1
-3 2
-4 2
-5 2
-5 3
-6 3
-6 2
-7 2
-7 3
-8 3
-8 2
-8 1
-9 1
-9 2
-10 2
-10 3
-9 3
-9 4
-9 5
-10 5
-11 5
-11 6
-10 6
-9 6
-9 7
-8 7
-8 8
-9 8
-9 9
-9 10
-9 11
-8 11
-7 11
-6 11
-5 11
-5 12
-4 12
-4 11
-3 11
-3 10
-3 9
-3 8
-2 8
-2 9
-2 10
-1 10
-1 9
0 9
0 8
1 8
1 9
1 10
1 11
2 11
3 11
3 10
2 10
2 9
2 8
3 8
4 8
4 9
5 9
6 9
7 9
7 10
6 10
5 10
4 10
4 11
4 12
3 12
3 13
4 13
4 14
5 14
6 14
6 15
7 15
8 15
8 16
8 17
8 18
9 18
10 18
10 19
11 19
11 20
10 20
10 21
11 21
12 21
12 20
13 20
13 19
14 19
14 20
15 20
15 19
15 18
14 18
13 18
13 17
12 17
12 16
11 16
11 17
10 17
10 16
9 16
9 15
9 14
9 13
8 13
8 14
7 14
7 13
7 12
6 12
6 13
5 13
5 12
5 11
6 11
7 11
8 11
9 11
9 12
10 12
10 11
11 11
11 10
11 9
11 8
12 8
12 7
12 6
12 5
11 5
11 4
11 3
10 3
10 4
10 5
10 6
11 6
11 7
10 7
10 8
10 9
10 10
9 10
8 10
8 9
9 9
9 8
9 7
9 6
9 5
9 4
9 3
8 3
8 4
7 4
7 3
7 2
7 1
6 1
6 0
5 0
5 -1
5 -2
5 -3
6 -3
6 -2
7 -2
7 -1
8 -1
8 0
8 1
8 2
9 2
10 2
10 1
9 1
9 0
10 0
11 0
11 1
12 1
12 0
12 -1
12 -2
12 -3
12 -4
13 -4
14 -4
14 -5
15 -5
15 -4
16 -4
16 -5
17 -5
17 -4
18 -4
19 -4
19 -3
18 -3
17 -3
17 -2
17 -1
16 -1
16 -2
16 -3
15 -3
14 -3
13 -3
13 -2
13 -1
13 0
14 0
14 1
15 1
16 1
16 0
17 0
18 0
19 0
19 -1
18 -1
18 -2
19 -2
20 -2
20 -3
21 -3
21 -4
20 -4
20 -5
21 -5
21 -6
20 -6
19 -6
19 -5
18 -5
18 -6
17 -6
17 -7
18 -7
19 -7
20 -7
20 -8
21 -8
22 -8
23 -8
23 -7
24 -7
24 -6
23 -6
23 -5
22 -5
22 -4
22 -3
22 -2
21 -2
21 -1
20 -1
20 0
20 1
19 1
18 1
17 1
17 2
16 2
16 3
15 3
15 2
14 2
13 2
13 3
14 3
14 4
14 5
15 5
15 4
16 4
16 5
17 5
18 5
18 4
19 4
19 3
19 2
20 2
20 3
20 4
20 5
19 5
19 6
18 6
17 6
16 6
15 6
15 7
16 7
16 8
15 8
15 9
16 9
17 9
17 8
17 7
18 7
19 7
19 8
20 8
20 7
21 7
21 6
22 6
22 7
22 8
23 8
23 7
24 7
25 7
25 6
24 6
23 6
23 5
22 5
21 5
21 4
22 4
23 4
24 4
25 4
26 4
27 4
27 3
26 3
26 2
26 1
25 1
25 2
25 3
24 3
24 2
23 2
23 3
22 3
21 3
21 2
21 1
21 0
22 0
23 0
23 1
24 1
24 0
24 -1
23 -1
23 -2
23 -3
23 -4
24 -4
24 -5
25 -5
25 -6
25 -7
26 -7
27 -7
27 -8
27 -9
28 -9
29 -9
29 -10
30 -10
31 -10
31 -9
30 -9
30 -8
31 -8
32 -8
32 -7
32 -6
31 -6
31 -7
30 -7
29 -7
29 -6
28 -6
28 -5
28 -4
27 -4
27 -5
27 -6
26 -6
26 -5
26 -4
26 -3
26 -2
27 -2
28 -2
29 -2
30 -2
31 -2
31 -1
30 -1
29 -1
29 0
28 0
28 1
27 1
27 2
28 2
29 2
29 1
30 1
30 0
31 0
31 1
31 2
30 2
30 3
31 3
31 4
30 4
30 5
31 5
31 6
31 7
32 7
32 8
33 8
34 8
34 7
33 7
33 6
32 6
32 5
33 5
34 5
34 4
33 4
32 4
32 3
33 3
34 3
34 2
34 1
34 0
33 0
33 1
33 2
32 2
32 1
32 0
32 -1
33 -1
34 -1
34 -2
35 -2
35 -3
36 -3
36 -2
36 -1
37 -1
37 -2
38 -2
38 -1
39 -1
39 0
40 0
40 1
40 2
41 2
42 2
42 3
43 3
44 3
45 3
46 3
47 3
47 2
47 1
47 0
46 0
46 -1
45 -1
45 -2
44 -2
44 -1
44 0
44 1
43 1
43 0
42 0
42 1
41 1
41 0
41 -1
41 -2
41 -3
41 -4
42 -4
42 -3
43 -3
44 -3
44 -4
43 -4
43 -5
42 -5
42 -6
41 -6
40 -6
40 -7
40 -8
41 -8
42 -8
43 -8
43 -7
44 -7
44 -8
44 -9
44 -10
43 -10
43 -9
42 -9
41 -9
41 -10
42 -10
42 -11
43 -11
44 -11
45 -11
45 -12
44 -12
43 -12
43 -13
43 -14
43 -15
44 -15
44 -14
45 -14
45 -15
45 -16
44 -16
44 -17
45 -17
45 -18
45 -19
44 -19
44 -18
43 -18
43 -17
43 -16
42 -16
42 -15
42 -14
42 -13
41 -13
40 -13
39 -13
38 -13
38 -14
37 -14
36 -14
36 -13
37 -13
37 -12
37 -11
36 -11
36 -12
35 -12
35 -13
34 -13
34 -12
33 -12
32 -12
31 -12
31 -13
31 -14
32 -14
32 -13
33 -13
33 -14
34 -14
35 -14
35 -15
36 -15
36 -16
37 -16
37 -15
38 -15
38 -16
38 -17
37 -17
37 -18
36 -18
36 -19
35 -19
34 -19
34 -20
35 -20
36 -20
36 -21
35 -21
34 -21
33 -21
33 -22
33 -23
34 -23
34 -22
35 -22
36 -22
36 -23
35 -23
35 -24
35 -25
36 -25
36 -24
37 -24
37 -25
38 -25
38 -26
39 -26
39 -25
40 -25
40 -26
41 -26
42 -26
43 -26
43 -25
43 -24
44 -24
44 -23
43 -23
43 -22
43 -21
43 -20
44 -20
45 -20
45 -21
46 -21
47 -21
47 -22
47 -23
48 -23
48 -22
48 -21
48 -20
47 -20
46 -20
46 -19
47 -19
47 -18
47 -17
48 -17
48 -18
48 -19
49 -19
49 -20
49 -21
49 -22
50 -22
50 -21
50 -20
51 -20
51 -21
52 -21
53 -21
53 -22
53 -23
53 -24
52 -24
52 -23
52 -22
51 -22
51 -23
50 -23
50 -24
51 -24
51 -25
52 -25
52 -26
51 -26
51 -27
52 -27
53 -27
54 -27
55 -27
56 -27
57 -27
58 -27
59 -27
60 -27
60 -28
59 -28
58 -28
57 -28
56 -28
55 -28
54 -28
54 -29
54 -30
55 -30
55 -29
56 -29
57 -29
57 -30
56 -30
56 -31
56 -32
56 -33
55 -33
55 -34
56 -34
56 -35
55 -35
54 -35
54 -36
55 -36
56 -36
57 -36
57 -35
57 -34
58 -34
58 -35
59 -35
60 -35
60 -34
60 -33
61 -33
62 -33
62 -34
61 -34
61 -35
61 -36
61 -37
62 -37
62 -38
63 -38
63 -39
63 -40
62 -40
62 -39
61 -39
61 -40
61 -41
61 -42
60 -42
60 -43
61 -43
62 -43
62 -42
63 -42
63 -43
64 -43
65 -43
66 -43
67 -43
67 -42
66 -42
66 -41
67 -41
68 -41
68 -42
69 -42
69 -41
69 -40
68 -40
67 -40
67 -39
68 -39
69 -39
70 -39
71 -39
71 -38
72 -38
72 -39
72 -40
72 -41
72 -42
72 -43
72 -44
72 -45
72 -46
71 -46
71 -45
70 -45
69 -45
69 -46
70 -46
70 -47
71 -47
72 -47
73 -47
73 -46
73 -45
73 -44
73 -43
73 -42
74 -42
74 -43
74 -44
75 -44
75 -43
75 -42
76 -42
76 -43
77 -43
77 -42
78 -42
78 -43
78 -44
78 -45
78 -46
77 -46
77 -45
77 -44
76 -44
76 -45
75 -45
74 -45
74 -46
74 -47
74 -48
74 -49
73 -49
73 -48
72 -48
72 -49
71 -49
71 -50
70 -50
70 -51
71 -51
71 -52
70 -52
70 -53
71 -53
71 -54
70 -54
70 -55
69 -55
69 -56
68 -56
68 -57
68 -58
69 -58
69 -57
70 -57
70 -58
71 -58
72 -58
72 -59
71 -59
70 -59
69 -59
68 -59
68 -60
68 -61
68 -62
69 -62
69 -61
69 -60
70 -60
70 -61
70 -62
71 -62
72 -62
72 -61
72 -60
73 -60
74 -60
75 -60
75 -61
74 -61
73 -61
73 -62
74 -62
74 -63
73 -63
72 -63
71 -63
71 -64
70 -64
70 -65
69 -65
68 -65
68 -66
68 -67
69 -67
69 -66
70 -66
70 -67
70 -68
69 -68
69 -69
68 -69
68 -68
67 -68
67 -69
67 -70
67 -71
68 -71
68 -72
68 -73
68 -74
67 -74
66 -74
66 -75
65 -75
64 -75
63 -75
63 -76
63 -77
62 -77
62 -78
62 -79
63 -79
64 -79
64 -80
63 -80
63 -81
63 -82
62 -82
62 -83
61 -83
61 -82
61 -81
62 -81
62 -80
61 -80
61 -79
61 -78
60 -78
60 -77
60 -76
61 -76
62 -76
62 -75
61 -75
60 -75
60 -74
61 -74
61 -73
60 -73
60 -72
59 -72
58 -72
57 -72
57 -73
58 -73
59 -73
59 -74
59 -75
59 -76
59 -77
59 -78
59 -79
59 -80
58 -80
58 -81
57 -81
57 -80
57 -79
57 -78
57 -77
56 -77
55 -77
54 -77
54 -76
54 -75
53 -75
53 -76
53 -77
52 -77
51 -77
50 -77
49 -77
49 -76
48 -76
48 -77
48 -78
49 -78
50 -78
50 -79
49 -79
49 -80
49 -81
50 -81
51 -81
51 -82
51 -83
50 -83
50 -82
49 -82
48 -82
47 -82
47 -81
48 -81
48 -80
47 -80
46 -80
46 -79
45 -79
45 -80
45 -81
46 -81
46 -82
46 -83
46 -84
47 -84
47 -83
48 -83
48 -84
48 -85
48 -86
48 -87
49 -87
49 -88
48 -88
48 -89
47 -89
46 -89
46 -88
46 -87
47 -87
47 -86
47 -85
46 -85
46 -86
45 -86
45 -85
45 -84
44 -84
44 -85
43 -85
42 -85
42 -86
43 -86
44 -86
44 -87
44 -88
44 -89
43 -89
43 -88
42 -88
41 -88
40 -88
40 -89
40 -90
41 -90
41 -89
42 -89
42 -90
43 -90
44 -90
44 -91
43 -91
43 -92
44 -92
45 -92
45 -91
45 -90
46 -90
47 -90
48 -90
49 -90
50 -90
51 -90
52 -90
52 -91
51 -91
51 -92
52 -92
53 -92
54 -92
55 -92
56 -92
56 -91
55 -91
54 -91
53 -91
53 -90
54 -90
55 -90
56 -90
57 -90
57 -91
57 -92
58 -92
58 -93
58 -94
59 -94
60 -94
60 -93
61 -93
62 -93
62 -92
61 -92
61 -91
60 -91
59 -91
58 -91
58 -90
59 -90
59 -89
60 -89
60 -88
59 -88
59 -87
58 -87
58 -88
58 -89
57 -89
57 -88
57 -87
56 -87
56 -86
56 -85
57 -85
58 -85
59 -85
60 -85
61 -85
61 -86
60 -86
60 -87
61 -87
61 -88
61 -89
62 -89
62 -88
63 -88
63 -87
62 -87
62 -86
62 -85
63 -85
63 -84
64 -84
64 -85
65 -85
65 -86
66 -86
66 -85
67 -85
67 -86
68 -86
68 -87
67 -87
66 -87
65 -87
65 -88
65 -89
65 -90
64 -90
64 -91
64 -92
63 -92
63 -93
64 -93
65 -93
65 -94
65 -95
65 -96
65 -97
64 -97
64 -96
64 -95
64 -94
63 -94
63 -95
62 -95
62 -94
61 -94
61 -95
60 -95
60 -96
60 -97
61 -97
62 -97
62 -96
63 -96
63 -97
63 -98
64 -98
64 -99
65 -99
65 -98
66 -98
66 -99
66 -100
65 -100
64 -100
64 -101
63 -101
62 -101
62 -102
62 -103
62 -104
61 -104
60 -104
59 -104
59 -105
58 -105
58 -106
57 -106
56 -106
56 -107
57 -107
58 -107
58 -108
59 -108
60 -108
60 -107
61 -107
61 -108
61 -109
61 -110
61 -111
60 -111
60 -110
60 -109
59 -109
59 -110
58 -110
58 -111
58 -112
59 -112
59 -113
58 -113
58 -114
58 -115
57 -115
57 -114
56 -114
56 -115
56 -116
55 -116
55 -115
55 -114
54 -114
54 -113
55 -113
55 -112
54 -112
54 -111
55 -111
55 -110
55 -109
55 -108
55 -107
55 -106
55 -105
56 -105
57 -105
57 -104
56 -104
55 -104
55 -103
55 -102
54 -102
54 -103
53 -103
53 -102
52 -102
52 -101
51 -101
50 -101
50 -100
51 -100
52 -100
53 -100
53 -101
54 -101
54 -100
55 -100
55 -101
56 -101
56 -102
56 -103
57 -103
57 -102
58 -102
59 -102
59 -103
60 -103
61 -103
61 -102
61 -101
61 -100
62 -100
63 -100
63 -99
62 -99
62 -98
61 -98
60 -98
60 -99
60 -100
60 -101
59 -101
58 -101
57 -101
57 -100
57 -99
58 -99
58 -100
59 -100
59 -99
59 -98
58 -98
57 -98
57 -97
58 -97
59 -97
59 -96
59 -95
58 -95
57 -95
57 -96
56 -96
56 -97
56 -98
56 -99
55 -99
55 -98
54 -98
54 -99
53 -99
53 -98
52 -98
51 -98
51 -97
50 -97
49 -97
49 -96
50 -96
50 -95
50 -94
51 -94
51 -95
52 -95
52 -94
52 -93
51 -93
50 -93
50 -92
50 -91
49 -91
49 -92
48 -92
48 -91
47 -91
46 -91
46 -92
47 -92
47 -93
46 -93
46 -94
46 -95
45 -95
44 -95
44 -96
44 -97
45 -97
45 -96
46 -96
47 -96
48 -96
48 -97
47 -97
47 -98
47 -99
47 -100
48 -100
49 -100
49 -101
48 -101
48 -102
48 -103
47 -103
47 -102
47 -101
46 -101
46 -102
45 -102
45 -103
46 -103
46 -104
46 -105
45 -105
45 -106
46 -106
47 -106
47 -105
47 -104
48 -104
49 -104
49 -103
50 -103
51 -103
52 -103
52 -104
53 -104
54 -104
54 -105
53 -105
53 -106
54 -106
54 -107
54 -108
53 -108
53 -107
52 -107
51 -107
51 -108
52 -108
52 -109
53 -109
53 -110
53 -111
52 -111
51 -111
51 -110
50 -110
49 -110
49 -111
48 -111
48 -110
47 -110
47 -109
47 -108
46 -108
46 -107
45 -107
45 -108
45 -109
46 -109
46 -110
46 -111
45 -111
45 -110
44 -110
44 -109
44 -108
44 -107
43 -107
42 -107
42 -106
42 -105
43 -105
44 -105
44 -104
43 -104
42 -104
42 -103
42 -102
41 -102
41 -103
40 -103
40 -104
41 -104
41 -105
41 -106
40 -106
39 -106
38 -106
38 -105
38 -104
38 -103
38 -102
37 -102
37 -103
37 -104
37 -105
37 -106
36 -106
36 -105
35 -105
35 -104
36 -104
36 -103
35 -103
34 -103
34 -102
33 -102
32 -102
32 -101
33 -101
33 -100
33 -99
32 -99
32 -98
33 -98
33 -97
34 -97
35 -97
35 -96
34 -96
33 -96
32 -96
32 -97
31 -97
31 -98
31 -99
31 -100
31 -101
31 -102
30 -102
30 -101
30 -100
30 -99
30 -98
29 -98
29 -99
28 -99
28 -100
29 -100
29 -101
29 -102
29 -103
30 -103
31 -103
31 -104
30 -104
29 -104
29 -105
30 -105
30 -106
29 -106
28 -106
27 -106
26 -106
26 -107
25 -107
25 -106
24 -106
24 -105
24 -104
25 -104
25 -105
26 -105
26 -104
26 -103
25 -103
24 -103
24 -102
24 -101
23 -101
23 -100
22 -100
22 -99
23 -99
23 -98
24 -98
24 -99
24 -100
25 -100
26 -100
26 -101
25 -101
25 -102
26 -102
27 -102
27 -103
28 -103
28 -102
28 -101
27 -101
27 -100
27 -99
26 -99
25 -99
25 -98
26 -98
27 -98
28 -98
28 -97
28 -96
28 -95
28 -94
29 -94
29 -95
29 -96
30 -96
31 -96
31 -95
30 -95
30 -94
31 -94
31 -93
32 -93
33 -93
34 -93
35 -93
35 -94
34 -94
34 -95
35 -95
36 -95
37 -95
37 -96
37 -97
38 -97
39 -97
39 -96
38 -96
38 -95
39 -95
39 -94
40 -94
40 -95
41 -95
41 -96
40 -96
40 -97
40 -98
39 -98
38 -98
37 -98
37 -99
36 -99
36 -100
37 -100
38 -100
39 -100
39 -99
40 -99
40 -100
40 -101
40 -102
39 -102
39 -101
38 -101
37 -101
36 -101
35 -101
35 -100
35 -99
35 -98
34 -98
34 -99
34 -100
34 -101
