0 1
0 2
1 2
1 3
0 3
-1 3
-1 4
-1 5
-2 5
-2 4
-2 3
-2 2
-3 2
-3 1
-3 0
-2 0
-1 0
-1 -1
0 -1
0 -2
1 -2
2 -2
3 -2
3 -1
2 -1
2 0
1 0
1 1
2 1
3 1
3 2
2 2
2 3
2 4
1 4
0 4
0 5
0 6
-1 6
-2 6
-3 6
-3 5
-4 5
-4 4
-3 4
-3 3
-4 3
-5 3
-5 2
-4 2
-4 1
-4 0
-5 0
-5 1
-6 1
-6 2
-6 3
-7 3
-8 3
-9 3
-9 2
-8 2
-7 2
-7 1
-7 0
-7 -1
-7 -2
-8 -2
-9 -2
-9 -3
-8 -3
-7 -3
-7 -4
-7 -5
-7 -6
-6 -6
-6 -5
-5 -5
-5 -6
-4 -6
-4 -7
-4 -8
-4 -9
-5 -9
-6 -9
-6 -10
-7 -10
-7 -9
-8 -9
-9 -9
-9 -10
-10 -10
-10 -9
-10 -8
-9 -8
-8 -8
-7 -8
-7 -7
-8 -7
-9 -7
-9 -6
-8 -6
-8 -5
-8 -4
-9 -4
-9 -5
-10 -5
-11 -5
-11 -4
-10 -4
-10 -3
-10 -2
-10 -1
-11 -1
-11 -2
-11 -3
-12 -3
-12 -2
-13 -2
-13 -3
-13 -4
-12 -4
-12 -5
-13 -5
-13 -6
-12 -6
-11 -6
-10 -6
-10 -7
-11 -7
-12 -7
-12 -8
-11 -8
-11 -9
-11 -10
-11 -11
-12 -11
-13 -11
-14 -11
-14 -10
-13 -10
-12 -10
-12 -9
-13 -9
-13 -8
-14 -8
-14 -9
-15 -9
-15 -10
-16 -10
-17 -10
-18 -10
-18 -11
-18 -12
-18 -13
-17 -13
-17 -12
-17 -11
-16 -11
-15 -11
-15 -12
-15 -13
-15 -14
-15 -15
-15 -16
-16 -16
-17 -16
-17 -17
-17 -18
-16 -18
-15 -18
-15 -19
-14 -19
-13 -19
-12 -19
-12 -20
-11 -20
-11 -19
-10 -19
-10 -18
-9 -18
-9 -17
-10 -17
-11 -17
-11 -16
-11 -15
-12 -15
-12 -16
-13 -16
-13 -15
-13 -14
-12 -14
-12 -13
-11 -13
-11 -14
-10 -14
-10 -13
-9 -13
-9 -14
-8 -14
-8 -15
-9 -15
-9 -16
-8 -16
-8 -17
-8 -18
-8 -19
-7 -19
-6 -19
-6 -18
-7 -18
-7 -17
-7 -16
-7 -15
-7 -14
-7 -13
-8 -13
-8 -12
-8 -11
-7 -11
-7 -12
-6 -12
-5 -12
-5 -11
-4 -11
-4 -12
-3 -12
-3 -11
-2 -11
-2 -12
-1 -12
-1 -13
-1 -14
-1 -15
-2 -15
-2 -14
-2 -13
-3 -13
-4 -13
-5 -13
-5 -14
-5 -15
-5 -16
-4 -16
-3 -16
-3 -17
-4 -17
-4 -18
-3 -18
-3 -19
-2 -19
-2 -18
-1 -18
-1 -17
-2 -17
-2 -16
-1 -16
0 -16
1 -16
1 -15
1 -14
2 -14
2 -13
1 -13
0 -13
0 -12
1 -12
1 -11
2 -11
2 -12
3 -12
3 -13
4 -13
5 -13
6 -13
6 -12
7 -12
7 -13
8 -13
8 -14
7 -14
7 -15
6 -15
6 -14
5 -14
4 -14
3 -14
3 -15
2 -15
2 -16
3 -16
3 -17
3 -18
4 -18
4 -17
5 -17
5 -18
6 -18
7 -18
7 -17
6 -17
6 -16
7 -16
8 -16
9 -16
10 -16
10 -17
9 -17
9 -18
10 -18
11 -18
11 -19
11 -20
10 -20
9 -20
8 -20
7 -20
7 -21
8 -21
8 -22
8 -23
8 -24
9 -24
10 -24
10 -25
10 -26
11 -26
12 -26
13 -26
14 -26
15 -26
15 -27
14 -27
13 -27
13 -28
14 -28
15 -28
16 -28
16 -27
17 -27
18 -27
18 -26
18 -25
19 -25
19 -24
20 -24
20 -25
20 -26
21 -26
22 -26
22 -25
21 -25
21 -24
22 -24
22 -23
23 -23
23 -22
23 -21
24 -21
25 -21
25 -20
25 -19
25 -18
24 -18
23 -18
22 -18
21 -18
21 -19
22 -19
23 -19
24 -19
24 -20
23 -20
22 -20
22 -21
22 -22
21 -22
21 -21
21 -20
20 -20
20 -19
19 -19
18 -19
17 -19
17 -20
17 -21
16 -21
16 -20
16 -19
15 -19
15 -20
15 -21
14 -21
13 -21
13 -20
13 -19
12 -19
12 -18
13 -18
13 -17
12 -17
12 -16
13 -16
14 -16
15 -16
15 -17
15 -18
16 -18
17 -18
17 -17
17 -16
16 -16
16 -15
16 -14
15 -14
14 -14
14 -13
15 -13
15 -12
14 -12
14 -11
15 -11
16 -11
16 -10
17 -10
18 -10
19 -10
19 -11
20 -11
21 -11
21 -10
20 -10
20 -9
21 -9
22 -9
23 -9
24 -9
24 -8
25 -8
26 -8
27 -8
28 -8
29 -8
29 -7
30 -7
30 -6
29 -6
29 -5
28 -5
27 -5
27 -6
26 -6
26 -7
25 -7
24 -7
24 -6
23 -6
23 -7
23 -8
22 -8
22 -7
22 -6
22 -5
21 -5
21 -4
22 -4
23 -4
23 -5
24 -5
24 -4
25 -4
25 -5
26 -5
26 -4
27 -4
27 -3
27 -2
27 -1
26 -1
26 -2
26 -3
25 -3
25 -2
24 -2
24 -3
23 -3
22 -3
21 -3
20 -3
20 -4
20 -5
19 -5
18 -5
18 -6
18 -7
19 -7
20 -7
20 -8
19 -8
18 -8
17 -8
17 -7
16 -7
15 -7
15 -6
16 -6
17 -6
17 -5
17 -4
17 -3
17 -2
18 -2
18 -3
18 -4
19 -4
19 -3
19 -2
19 -1
19 0
20 0
20 1
20 2
21 2
21 1
21 0
21 -1
22 -1
23 -1
24 -1
25 -1
25 0
26 0
26 1
27 1
28 1
28 0
28 -1
28 -2
29 -2
29 -1
29 0
29 1
29 2
29 3
28 3
27 3
27 2
26 2
25 2
25 1
24 1
24 2
23 2
23 1
22 1
22 2
22 3
23 3
23 4
24 4
24 5
23 5
22 5
22 6
23 6
24 6
25 6
25 7
26 7
27 7
27 8
26 8
25 8
24 8
24 7
23 7
22 7
22 8
23 8
23 9
24 9
25 9
25 10
24 10
23 10
23 11
24 11
24 12
24 13
24 14
25 14
25 13
26 13
26 12
25 12
25 11
26 11
26 10
27 10
27 11
28 11
28 10
28 9
29 9
29 8
28 8
28 7
28 6
29 6
29 7
30 7
31 7
32 7
32 6
31 6
30 6
30 5
29 5
29 4
30 4
31 4
31 5
32 5
33 5
33 6
33 7
33 8
34 8
35 8
36 8
36 7
36 6
36 5
36 4
35 4
35 5
34 5
34 4
33 4
33 3
33 2
32 2
32 1
31 1
31 2
31 3
30 3
30 2
30 1
30 0
31 0
31 -1
30 -1
30 -2
31 -2
31 -3
30 -3
29 -3
28 -3
28 -4
29 -4
30 -4
30 -5
31 -5
32 -5
32 -6
33 -6
33 -5
34 -5
34 -4
35 -4
35 -3
35 -2
35 -1
34 -1
33 -1
33 0
34 0
35 0
36 0
36 -1
36 -2
37 -2
38 -2
38 -3
37 -3
36 -3
36 -4
36 -5
35 -5
35 -6
35 -7
34 -7
34 -8
34 -9
33 -9
32 -9
32 -10
31 -10
31 -11
32 -11
32 -12
31 -12
30 -12
30 -13
29 -13
29 -12
28 -12
28 -11
27 -11
27 -12
27 -13
26 -13
26 -14
25 -14
24 -14
23 -14
23 -13
24 -13
25 -13
25 -12
25 -11
24 -11
24 -10
23 -10
22 -10
22 -11
22 -12
21 -12
20 -12
20 -13
19 -13
19 -14
20 -14
20 -15
19 -15
18 -15
18 -16
19 -16
20 -16
20 -17
21 -17
21 -16
21 -15
22 -15
22 -16
22 -17
23 -17
24 -17
24 -16
23 -16
23 -15
24 -15
25 -15
26 -15
27 -15
27 -16
26 -16
26 -17
26 -18
26 -19
27 -19
27 -20
28 -20
28 -19
28 -18
27 -18
27 -17
28 -17
28 -16
28 -15
28 -14
29 -14
30 -14
30 -15
29 -15
29 -16
30 -16
30 -17
30 -18
30 -19
30 -20
31 -20
31 -19
31 -18
31 -17
31 -16
32 -16
32 -17
33 -17
33 -18
32 -18
32 -19
33 -19
33 -20
32 -20
32 -21
33 -21
34 -21
34 -20
35 -20
35 -19
34 -19
34 -18
35 -18
36 -18
36 -19
36 -20
36 -21
35 -21
35 -22
34 -22
33 -22
33 -23
33 -24
33 -25
33 -26
32 -26
31 -26
31 -25
32 -25
32 -24
32 -23
32 -22
31 -22
31 -21
30 -21
30 -22
30 -23
29 -23
29 -22
29 -21
28 -21
28 -22
28 -23
27 -23
27 -22
26 -22
26 -23
26 -24
25 -24
25 -23
25 -22
24 -22
24 -23
24 -24
23 -24
23 -25
24 -25
25 -25
26 -25
27 -25
27 -26
27 -27
28 -27
29 -27
29 -28
28 -28
27 -28
26 -28
26 -27
26 -26
25 -26
24 -26
23 -26
23 -27
23 -28
23 -29
23 -30
24 -30
25 -30
25 -31
24 -31
23 -31
22 -31
22 -32
23 -32
24 -32
24 -33
24 -34
25 -34
25 -35
25 -36
24 -36
23 -36
22 -36
22 -37
23 -37
23 -38
22 -38
21 -38
20 -38
20 -39
19 -39
19 -40
18 -40
18 -39
17 -39
17 -40
17 -41
18 -41
19 -41
20 -41
20 -40
21 -40
22 -40
23 -40
24 -40
24 -41
24 -42
23 -42
22 -42
21 -42
20 -42
20 -43
21 -43
22 -43
23 -43
24 -43
24 -44
23 -44
22 -44
21 -44
20 -44
19 -44
19 -45
20 -45
21 -45
22 -45
22 -46
22 -47
21 -47
20 -47
20 -48
21 -48
22 -48
23 -48
23 -49
24 -49
24 -48
24 -47
23 -47
23 -46
23 -45
24 -45
25 -45
26 -45
26 -44
26 -43
27 -43
27 -42
26 -42
26 -41
26 -40
25 -40
25 -39
26 -39
27 -39
27 -38
26 -38
25 -38
24 -38
24 -37
25 -37
26 -37
26 -36
27 -36
27 -37
28 -37
28 -36
29 -36
30 -36
30 -35
29 -35
28 -35
28 -34
29 -34
29 -33
30 -33
30 -32
29 -32
29 -31
29 -30
29 -29
30 -29
30 -30
30 -31
31 -31
31 -32
31 -33
32 -33
32 -34
33 -34
33 -33
33 -32
32 -32
32 -31
32 -30
31 -30
31 -29
32 -29
32 -28
33 -28
33 -29
34 -29
35 -29
35 -28
34 -28
34 -27
35 -27
36 -27
36 -26
35 -26
35 -25
36 -25
36 -24
37 -24
38 -24
39 -24
39 -25
39 -26
38 -26
38 -25
37 -25
37 -26
37 -27
37 -28
36 -28
36 -29
36 -30
37 -30
37 -31
38 -31
38 -30
39 -30
39 -31
40 -31
40 -30
40 -29
40 -28
41 -28
41 -29
41 -30
41 -31
41 -32
41 -33
42 -33
42 -34
41 -34
41 -35
42 -35
43 -35
43 -34
43 -33
44 -33
45 -33
46 -33
47 -33
48 -33
49 -33
50 -33
50 -32
50 -31
49 -31
49 -30
49 -29
48 -29
48 -30
47 -30
47 -31
48 -31
48 -32
47 -32
46 -32
45 -32
44 -32
43 -32
42 -32
42 -31
42 -30
43 -30
43 -31
44 -31
44 -30
45 -30
45 -31
46 -31
46 -30
46 -29
45 -29
45 -28
45 -27
46 -27
46 -26
45 -26
45 -25
45 -24
45 -23
46 -23
46 -22
45 -22
45 -21
44 -21
44 -22
43 -22
43 -21
42 -21
42 -20
42 -19
42 -18
41 -18
40 -18
40 -17
40 -16
39 -16
39 -15
38 -15
37 -15
37 -16
38 -16
38 -17
39 -17
39 -18
39 -19
40 -19
40 -20
41 -20
41 -21
40 -21
40 -22
40 -23
39 -23
38 -23
38 -22
39 -22
39 -21
39 -20
38 -20
38 -21
37 -21
37 -20
37 -19
38 -19
38 -18
37 -18
37 -17
36 -17
36 -16
36 -15
35 -15
35 -16
34 -16
34 -15
33 -15
33 -14
32 -14
32 -13
33 -13
34 -13
34 -14
35 -14
36 -14
37 -14
38 -14
39 -14
39 -13
38 -13
38 -12
37 -12
37 -13
36 -13
35 -13
35 -12
34 -12
34 -11
35 -11
36 -11
37 -11
37 -10
38 -10
38 -11
39 -11
39 -12
40 -12
40 -13
41 -13
41 -12
42 -12
43 -12
43 -13
43 -14
42 -14
42 -15
43 -15
43 -16
42 -16
42 -17
43 -17
44 -17
44 -16
45 -16
46 -16
46 -17
45 -17
45 -18
44 -18
43 -18
43 -19
43 -20
44 -20
45 -20
46 -20
46 -21
47 -21
47 -22
48 -22
49 -22
49 -21
48 -21
48 -20
49 -20
49 -19
50 -19
51 -19
51 -20
52 -20
52 -19
52 -18
53 -18
53 -17
54 -17
54 -16
55 -16
56 -16
56 -17
55 -17
55 -18
56 -18
56 -19
56 -20
57 -20
58 -20
58 -19
57 -19
57 -18
58 -18
58 -17
57 -17
57 -16
58 -16
59 -16
59 -17
60 -17
60 -16
60 -15
59 -15
59 -14
60 -14
60 -13
61 -13
61 -14
61 -15
62 -15
62 -16
61 -16
61 -17
61 -18
61 -19
60 -19
60 -20
61 -20
62 -20
62 -19
63 -19
64 -19
65 -19
65 -20
64 -20
63 -20
63 -21
64 -21
65 -21
65 -22
66 -22
66 -23
65 -23
64 -23
64 -22
63 -22
63 -23
63 -24
64 -24
64 -25
65 -25
65 -24
66 -24
67 -24
67 -25
68 -25
68 -26
67 -26
67 -27
68 -27
68 -28
69 -28
69 -29
68 -29
67 -29
67 -28
66 -28
66 -29
65 -29
64 -29
64 -30
65 -30
66 -30
66 -31
66 -32
67 -32
68 -32
69 -32
69 -31
70 -31
70 -30
71 -30
71 -31
71 -32
71 -33
70 -33
69 -33
68 -33
67 -33
66 -33
65 -33
64 -33
64 -32
65 -32
65 -31
64 -31
63 -31
62 -31
61 -31
61 -30
62 -30
63 -30
63 -29
62 -29
61 -29
61 -28
62 -28
62 -27
61 -27
61 -26
60 -26
60 -25
59 -25
58 -25
58 -24
59 -24
60 -24
61 -24
61 -23
61 -22
62 -22
62 -21
61 -21
60 -21
59 -21
58 -21
57 -21
56 -21
55 -21
54 -21
54 -20
55 -20
55 -19
54 -19
53 -19
53 -20
53 -21
52 -21
52 -22
53 -22
54 -22
54 -23
53 -23
53 -24
54 -24
55 -24
55 -23
55 -22
56 -22
57 -22
58 -22
58 -23
57 -23
57 -24
56 -24
56 -25
57 -25
57 -26
57 -27
57 -28
56 -28
55 -28
55 -27
56 -27
56 -26
55 -26
55 -25
54 -25
54 -26
54 -27
54 -28
54 -29
54 -30
53 -30
53 -29
52 -29
52 -30
52 -31
52 -32
51 -32
51 -33
52 -33
53 -33
53 -34
54 -34
54 -33
55 -33
56 -33
56 -34
55 -34
55 -35
54 -35
53 -35
52 -35
52 -34
51 -34
51 -35
50 -35
49 -35
49 -34
48 -34
47 -34
47 -35
47 -36
48 -36
49 -36
50 -36
51 -36
52 -36
53 -36
54 -36
55 -36
55 -37
54 -37
53 -37
52 -37
52 -38
52 -39
53 -39
53 -38
54 -38
54 -39
54 -40
53 -40
52 -40
52 -41
51 -41
50 -41
50 -40
49 -40
48 -40
48 -41
47 -41
47 -40
47 -39
47 -38
48 -38
48 -39
49 -39
49 -38
50 -38
50 -37
49 -37
48 -37
47 -37
46 -37
46 -36
45 -36
45 -37
45 -38
44 -38
43 -38
42 -38
42 -39
43 -39
44 -39
44 -40
43 -40
43 -41
42 -41
42 -40
41 -40
41 -39
40 -39
40 -40
39 -40
39 -39
38 -39
38 -40
38 -41
39 -41
39 -42
40 -42
40 -43
41 -43
41 -42
42 -42
42 -43
42 -44
42 -45
43 -45
44 -45
44 -44
43 -44
43 -43
44 -43
44 -42
45 -42
45 -43
46 -43
46 -44
45 -44
45 -45
45 -46
44 -46
44 -47
43 -47
43 -46
42 -46
41 -46
41 -45
40 -45
40 -44
39 -44
39 -43
38 -43
38 -44
38 -45
37 -45
37 -46
37 -47
36 -47
35 -47
35 -48
36 -48
37 -48
38 -48
38 -47
39 -47
39 -48
39 -49
38 -49
38 -50
39 -50
40 -50
41 -50
42 -50
42 -51
43 -51
43 -50
43 -49
42 -49
41 -49
41 -48
42 -48
43 -48
44 -48
45 -48
46 -48
47 -48
47 -47
48 -47
48 -48
49 -48
49 -49
48 -49
47 -49
46 -49
45 -49
44 -49
44 -50
45 -50
46 -50
47 -50
48 -50
48 -51
47 -51
47 -52
46 -52
45 -52
45 -51
44 -51
44 -52
43 -52
42 -52
42 -53
43 -53
43 -54
44 -54
44 -53
45 -53
46 -53
47 -53
47 -54
48 -54
48 -53
48 -52
49 -52
49 -53
49 -54
50 -54
50 -55
51 -55
52 -55
52 -54
52 -53
52 -52
53 -52
54 -52
55 -52
55 -51
54 -51
54 -50
55 -50
56 -50
56 -49
57 -49
57 -48
56 -48
55 -48
54 -48
54 -47
53 -47
53 -48
53 -49
53 -50
53 -51
52 -51
52 -50
52 -49
52 -48
52 -47
52 -46
53 -46
54 -46
54 -45
53 -45
52 -45
51 -45
51 -44
52 -44
52 -43
53 -43
53 -44
54 -44
54 -43
54 -42
54 -41
55 -41
55 -42
56 -42
56 -43
55 -43
55 -44
55 -45
55 -46
55 -47
56 -47
57 -47
57 -46
56 -46
56 -45
57 -45
57 -44
58 -44
58 -45
59 -45
59 -46
58 -46
58 -47
59 -47
59 -48
60 -48
60 -47
61 -47
62 -47
62 -48
63 -48
63 -47
64 -47
65 -47
65 -48
66 -48
67 -48
67 -49
66 -49
66 -50
67 -50
68 -50
68 -49
68 -48
68 -47
69 -47
70 -47
71 -47
71 -48
70 -48
69 -48
69 -49
70 -49
71 -49
72 -49
72 -50
71 -50
71 -51
72 -51
72 -52
71 -52
70 -52
69 -52
68 -52
68 -51
67 -51
67 -52
67 -53
66 -53
66 -52
66 -51
65 -51
64 -51
64 -52
63 -52
63 -53
64 -53
64 -54
63 -54
62 -54
62 -55
63 -55
64 -55
64 -56
65 -56
65 -55
65 -54
66 -54
66 -55
66 -56
67 -56
67 -55
67 -54
68 -54
68 -53
69 -53
69 -54
69 -55
70 -55
70 -56
70 -57
71 -57
71 -56
71 -55
71 -54
71 -53
72 -53
72 -54
73 -54
74 -54
74 -55
74 -56
75 -56
75 -55
75 -54
76 -54
77 -54
77 -53
76 -53
75 -53
74 -53
73 -53
73 -52
73 -51
73 -50
73 -49
74 -49
75 -49
75 -50
74 -50
74 -51
74 -52
75 -52
75 -51
76 -51
76 -52
77 -52
77 -51
78 -51
78 -50
77 -50
77 -49
78 -49
78 -48
77 -48
77 -47
76 -47
75 -47
75 -48
74 -48
74 -47
73 -47
72 -47
72 -46
71 -46
70 -46
69 -46
68 -46
68 -45
68 -44
69 -44
69 -45
70 -45
70 -44
71 -44
71 -43
71 -42
72 -42
72 -41
71 -41
70 -41
70 -42
70 -43
69 -43
68 -43
67 -43
67 -44
66 -44
65 -44
64 -44
63 -44
63 -43
64 -43
64 -42
64 -41
64 -40
65 -40
65 -41
65 -42
65 -43
66 -43
66 -42
67 -42
67 -41
67 -40
67 -39
68 -39
69 -39
70 -39
70 -40
71 -40
72 -40
73 -40
73 -41
74 -41
74 -40
74 -39
73 -39
73 -38
73 -37
73 -36
72 -36
72 -35
73 -35
74 -35
74 -36
75 -36
76 -36
76 -37
76 -38
75 -38
75 -39
75 -40
75 -41
76 -41
76 -40
77 -40
77 -39
78 -39
78 -40
79 -40
79 -39
80 -39
80 -38
80 -37
81 -37
81 -38
81 -39
82 -39
83 -39
83 -40
82 -40
81 -40
80 -40
80 -41
79 -41
79 -42
79 -43
80 -43
80 -42
81 -42
81 -41
82 -41
83 -41
84 -41
85 -41
86 -41
86 -42
85 -42
85 -43
85 -44
86 -44
86 -45
86 -46
85 -46
85 -45
84 -45
84 -44
84 -43
84 -42
83 -42
82 -42
82 -43
83 -43
83 -44
82 -44
81 -44
80 -44
79 -44
79 -45
80 -45
81 -45
82 -45
83 -45
83 -46
83 -47
82 -47
82 -48
82 -49
82 -50
83 -50
83 -51
84 -51
84 -50
84 -49
85 -49
85 -50
86 -50
86 -51
86 -52
87 -52
87 -51
87 -50
88 -50
88 -49
87 -49
86 -49
86 -48
86 -47
87 -47
87 -48
88 -48
88 -47
89 -47
89 -46
90 -46
90 -45
91 -45
92 -45
92 -44
93 -44
93 -45
93 -46
94 -46
94 -45
95 -45
95 -44
94 -44
94 -43
95 -43
95 -42
95 -41
96 -41
96 -40
97 -40
98 -40
98 -41
98 -42
99 -42
99 -43
99 -44
99 -45
100 -45
100 -44
100 -43
101 -43
102 -43
102 -42
102 -41
101 -41
101 -42
100 -42
100 -41
100 -40
101 -40
102 -40
103 -40
104 -40
104 -41
104 -42
104 -43
105 -43
105 -42
105 -41
106 -41
106 -40
105 -40
105 -39
105 -38
106 -38
106 -37
106 -36
105 -36
105 -37
104 -37
104 -36
103 -36
103 -37
102 -37
102 -36
102 -35
103 -35
104 -35
104 -34
105 -34
105 -35
106 -35
106 -34
107 -34
107 -35
108 -35
108 -34
109 -34
110 -34
110 -33
109 -33
108 -33
107 -33
107 -32
106 -32
106 -33
105 -33
104 -33
104 -32
103 -32
103 -33
102 -33
102 -32
101 -32
101 -33
100 -33
100 -32
99 -32
99 -33
98 -33
98 -34
98 -35
98 -36
98 -37
97 -37
96 -37
95 -37
95 -36
94 -36
94 -35
94 -34
94 -33
95 -33
95 -32
94 -32
93 -32
93 -31
94 -31
94 -30
95 -30
95 -31
96 -31
96 -32
97 -32
98 -32
98 -31
98 -30
99 -30
99 -29
98 -29
98 -28
97 -28
97 -27
96 -27
96 -28
96 -29
95 -29
94 -29
93 -29
92 -29
92 -30
91 -30
91 -29
91 -28
91 -27
90 -27
89 -27
88 -27
88 -28
88 -29
89 -29
89 -28
90 -28
90 -29
90 -30
90 -31
89 -31
89 -30
88 -30
88 -31
88 -32
89 -32
89 -33
89 -34
90 -34
91 -34
91 -35
91 -36
92 -36
92 -37
93 -37
93 -38
94 -38
94 -39
93 -39
93 -40
92 -40
92 -41
93 -41
93 -42
92 -42
92 -43
91 -43
90 -43
89 -43
88 -43
88 -42
89 -42
89 -41
88 -41
88 -40
89 -40
90 -40
90 -39
91 -39
92 -39
92 -38
91 -38
91 -37
90 -37
90 -36
89 -36
89 -35
88 -35
87 -35
87 -36
87 -37
88 -37
89 -37
89 -38
88 -38
87 -38
87 -39
87 -40
86 -40
85 -40
84 -40
84 -39
85 -39
85 -38
85 -37
84 -37
83 -37
83 -36
83 -35
84 -35
84 -36
85 -36
86 -36
86 -35
86 -34
86 -33
87 -33
87 -32
86 -32
85 -32
85 -33
85 -34
84 -34
83 -34
82 -34
81 -34
81 -33
80 -33
80 -32
81 -32
82 -32
82 -33
83 -33
83 -32
84 -32
84 -31
83 -31
83 -30
84 -30
84 -29
85 -29
85 -30
85 -31
86 -31
87 -31
87 -30
86 -30
86 -29
87 -29
87 -28
86 -28
86 -27
86 -26
87 -26
88 -26
89 -26
90 -26
90 -25
89 -25
88 -25
87 -25
86 -25
86 -24
85 -24
84 -24
84 -25
83 -25
83 -26
84 -26
85 -26
85 -27
85 -28
84 -28
84 -27
83 -27
82 -27
82 -26
82 -25
82 -24
81 -24
81 -23
82 -23
82 -22
81 -22
81 -21
81 -20
80 -20
80 -19
79 -19
79 -20
79 -21
79 -22
80 -22
80 -23
79 -23
78 -23
78 -22
77 -22
77 -23
77 -24
76 -24
76 -25
77 -25
77 -26
76 -26
75 -26
74 -26
74 -27
73 -27
72 -27
71 -27
71 -28
71 -29
72 -29
73 -29
73 -28
74 -28
74 -29
75 -29
75 -28
75 -27
76 -27
76 -28
76 -29
77 -29
78 -29
78 -28
77 -28
77 -27
78 -27
78 -26
78 -25
78 -24
79 -24
80 -24
80 -25
79 -25
79 -26
80 -26
81 -26
81 -27
80 -27
79 -27
79 -28
79 -29
80 -29
80 -28
81 -28
81 -29
81 -30
81 -31
80 -31
79 -31
79 -32
78 -32
78 -33
77 -33
76 -33
76 -34
76 -35
75 -35
75 -34
75 -33
74 -33
74 -32
73 -32
73 -31
73 -30
72 -30
72 -31
72 -32
72 -33
73 -33
73 -34
72 -34
71 -34
71 -35
70 -35
70 -36
70 -37
70 -38
69 -38
68 -38
67 -38
67 -37
68 -37
68 -36
68 -35
69 -35
69 -34
68 -34
67 -34
66 -34
66 -35
66 -36
66 -37
65 -37
65 -36
65 -35
65 -34
64 -34
63 -34
63 -35
64 -35
64 -36
64 -37
63 -37
63 -36
62 -36
62 -35
62 -34
62 -33
62 -32
61 -32
60 -32
60 -31
60 -30
60 -29
59 -29
59 -30
58 -30
58 -29
57 -29
57 -30
56 -30
56 -29
55 -29
55 -30
55 -31
56 -31
56 -32
57 -32
57 -31
58 -31
58 -32
59 -32
59 -33
59 -34
59 -35
58 -35
58 -36
58 -37
57 -37
57 -38
57 -39
56 -39
56 -40
56 -41
57 -41
57 -40
58 -40
59 -40
59 -41
59 -42
58 -42
58 -43
59 -43
59 -44
60 -44
60 -45
60 -46
61 -46
62 -46
63 -46
64 -46
65 -46
65 -45
64 -45
63 -45
62 -45
61 -45
61 -44
61 -43
60 -43
60 -42
61 -42
62 -42
62 -41
62 -40
61 -40
60 -40
60 -39
59 -39
58 -39
58 -38
59 -38
59 -37
60 -37
60 -38
61 -38
61 -37
61 -36
60 -36
60 -35
61 -35
61 -34
60 -34
60 -33
