1 0
2 0
2 -1
1 -1
0 -1
0 -2
1 -2
2 -2
2 -3
1 -3
1 -4
1 -5
2 -5
2 -4
3 -4
3 -3
3 -2
3 -1
3 0
3 1
4 1
4 0
4 -1
5 -1
5 -2
6 -2
6 -3
7 -3
7 -2
8 -2
8 -3
8 -4
8 -5
8 -6
7 -6
6 -6
5 -6
5 -7
6 -7
7 -7
7 -8
8 -8
9 -8
9 -7
9 -6
10 -6
10 -7
11 -7
12 -7
13 -7
13 -8
12 -8
11 -8
10 -8
10 -9
11 -9
12 -9
13 -9
13 -10
14 -10
15 -10
15 -11
15 -12
15 -13
16 -13
16 -12
16 -11
17 -11
17 -12
17 -13
18 -13
18 -12
18 -11
19 -11
19 -12
20 -12
20 -11
20 -10
21 -10
22 -10
23 -10
23 -11
22 -11
21 -11
21 -12
21 -13
22 -13
22 -12
23 -12
23 -13
24 -13
24 -14
25 -14
26 -14
26 -15
27 -15
27 -16
27 -17
27 -18
27 -19
26 -19
26 -20
27 -20
28 -20
29 -20
29 -21
28 -21
27 -21
26 -21
25 -21
25 -20
24 -20
24 -19
25 -19
25 -18
25 -17
25 -16
25 -15
24 -15
24 -16
23 -16
22 -16
22 -15
21 -15
21 -16
20 -16
20 -17
21 -17
21 -18
21 -19
21 -20
22 -20
22 -19
22 -18
22 -17
23 -17
23 -18
23 -19
23 -20
23 -21
23 -22
23 -23
23 -24
22 -24
21 -24
20 -24
20 -23
21 -23
22 -23
22 -22
21 -22
20 -22
20 -21
19 -21
19 -22
18 -22
17 -22
17 -21
17 -20
17 -19
17 -18
16 -18
16 -19
16 -20
16 -21
16 -22
16 -23
15 -23
14 -23
14 -24
15 -24
15 -25
16 -25
16 -24
17 -24
17 -25
17 -26
17 -27
18 -27
18 -28
17 -28
16 -28
16 -29
17 -29
18 -29
18 -30
18 -31
19 -31
19 -32
20 -32
20 -31
20 -30
19 -30
19 -29
20 -29
20 -28
19 -28
19 -27
20 -27
20 -26
21 -26
22 -26
23 -26
24 -26
24 -27
23 -27
22 -27
21 -27
21 -28
21 -29
22 -29
23 -29
24 -29
25 -29
26 -29
27 -29
27 -28
27 -27
28 -27
28 -28
28 -29
28 -30
27 -30
26 -30
26 -31
26 -32
26 -33
26 -34
26 -35
26 -36
25 -36
25 -37
26 -37
26 -38
26 -39
25 -39
25 -40
26 -40
26 -41
26 -42
27 -42
27 -43
27 -44
26 -44
26 -45
26 -46
25 -46
25 -47
25 -48
24 -48
24 -47
24 -46
23 -46
23 -47
23 -48
23 -49
22 -49
22 -50
22 -51
23 -51
23 -52
22 -52
22 -53
21 -53
21 -52
21 -51
20 -51
20 -52
19 -52
19 -53
18 -53
18 -52
17 -52
17 -53
16 -53
16 -54
17 -54
18 -54
18 -55
17 -55
17 -56
18 -56
18 -57
19 -57
19 -56
20 -56
20 -57
21 -57
21 -58
20 -58
19 -58
18 -58
18 -59
19 -59
20 -59
21 -59
22 -59
22 -58
22 -57
23 -57
24 -57
24 -58
25 -58
25 -59
25 -60
26 -60
27 -60
27 -61
26 -61
25 -61
24 -61
24 -60
24 -59
23 -59
23 -60
22 -60
22 -61
21 -61
21 -62
20 -62
20 -61
20 -60
19 -60
19 -61
19 -62
19 -63
20 -63
21 -63
21 -64
20 -64
19 -64
19 -65
19 -66
19 -67
19 -68
18 -68
18 -67
18 -66
18 -65
17 -65
17 -64
18 -64
18 -63
18 -62
18 -61
18 -60
17 -60
16 -60
15 -60
14 -60
14 -59
14 -58
15 -58
16 -58
16 -57
16 -56
15 -56
15 -57
14 -57
14 -56
14 -55
15 -55
15 -54
15 -53
14 -53
14 -54
13 -54
12 -54
12 -53
12 -52
11 -52
10 -52
10 -53
11 -53
11 -54
10 -54
10 -55
11 -55
12 -55
13 -55
13 -56
12 -56
12 -57
13 -57
13 -58
12 -58
11 -58
11 -57
11 -56
10 -56
10 -57
9 -57
8 -57
8 -58
9 -58
10 -58
10 -59
11 -59
12 -59
13 -59
13 -60
12 -60
12 -61
11 -61
11 -62
10 -62
10 -63
10 -64
10 -65
10 -66
9 -66
8 -66
8 -67
7 -67
7 -68
6 -68
5 -68
5 -69
6 -69
7 -69
7 -70
8 -70
8 -69
9 -69
9 -68
9 -67
10 -67
10 -68
11 -68
11 -67
11 -66
11 -65
11 -64
12 -64
12 -63
12 -62
13 -62
14 -62
14 -63
13 -63
13 -64
14 -64
15 -64
16 -64
16 -65
15 -65
14 -65
14 -66
13 -66
13 -65
12 -65
12 -66
12 -67
12 -68
12 -69
13 -69
14 -69
14 -70
13 -70
13 -71
13 -72
13 -73
14 -73
14 -74
15 -74
16 -74
16 -73
16 -72
16 -71
17 -71
17 -72
17 -73
18 -73
18 -72
19 -72
20 -72
20 -71
21 -71
22 -71
22 -72
22 -73
22 -74
21 -74
21 -75
22 -75
23 -75
23 -74
23 -73
23 -72
23 -71
24 -71
24 -72
24 -73
25 -73
25 -74
24 -74
24 -75
25 -75
25 -76
26 -76
26 -75
26 -74
27 -74
27 -75
27 -76
28 -76
29 -76
29 -77
30 -77
30 -78
29 -78
28 -78
28 -77
27 -77
27 -78
27 -79
28 -79
29 -79
29 -80
30 -80
30 -79
31 -79
31 -80
32 -80
32 -81
32 -82
31 -82
31 -83
31 -84
32 -84
33 -84
34 -84
35 -84
35 -85
36 -85
36 -84
37 -84
38 -84
39 -84
40 -84
40 -85
39 -85
38 -85
38 -86
39 -86
39 -87
39 -88
38 -88
38 -89
37 -89
37 -88
36 -88
36 -87
35 -87
35 -88
34 -88
34 -89
33 -89
33 -88
33 -87
32 -87
32 -86
32 -85
31 -85
31 -86
31 -87
31 -88
32 -88
32 -89
31 -89
31 -90
32 -90
33 -90
34 -90
34 -91
33 -91
33 -92
33 -93
33 -94
33 -95
32 -95
32 -94
32 -93
31 -93
30 -93
30 -92
31 -92
32 -92
32 -91
31 -91
30 -91
29 -91
28 -91
28 -92
27 -92
27 -93
27 -94
27 -95
28 -95
28 -96
29 -96
29 -95
29 -94
30 -94
30 -95
31 -95
31 -96
30 -96
30 -97
29 -97
28 -97
27 -97
27 -96
26 -96
26 -97
26 -98
27 -98
28 -98
29 -98
29 -99
30 -99
30 -100
30 -101
30 -102
29 -102
28 -102
28 -103
28 -104
28 -105
29 -105
29 -106
28 -106
28 -107
28 -108
29 -108
30 -108
31 -108
31 -109
32 -109
33 -109
34 -109
34 -108
33 -108
33 -107
34 -107
35 -107
35 -108
35 -109
36 -109
37 -109
38 -109
39 -109
39 -108
39 -107
38 -107
38 -108
37 -108
36 -108
36 -107
37 -107
37 -106
37 -105
37 -104
37 -103
38 -103
39 -103
39 -102
40 -102
40 -101
41 -101
41 -100
40 -100
39 -100
39 -101
38 -101
38 -102
37 -102
36 -102
36 -101
35 -101
35 -102
35 -103
36 -103
36 -104
36 -105
35 -105
35 -106
34 -106
34 -105
34 -104
33 -104
33 -105
33 -106
32 -106
31 -106
30 -106
30 -105
31 -105
32 -105
32 -104
31 -104
30 -104
30 -103
31 -103
31 -102
31 -101
31 -100
31 -99
32 -99
32 -100
33 -100
33 -99
34 -99
34 -98
33 -98
32 -98
32 -97
32 -96
33 -96
33 -97
34 -97
34 -96
35 -96
35 -97
35 -98
36 -98
36 -99
37 -99
37 -98
38 -98
38 -99
39 -99
39 -98
40 -98
40 -97
39 -97
39 -96
40 -96
40 -95
39 -95
39 -94
38 -94
38 -93
38 -92
39 -92
40 -92
41 -92
42 -92
42 -91
41 -91
41 -90
41 -89
40 -89
40 -88
40 -87
40 -86
41 -86
41 -85
41 -84
41 -83
42 -83
42 -82
42 -81
42 -80
41 -80
40 -80
40 -81
41 -81
41 -82
40 -82
39 -82
38 -82
37 -82
37 -81
38 -81
39 -81
39 -80
38 -80
37 -80
37 -79
38 -79
39 -79
40 -79
41 -79
42 -79
43 -79
44 -79
44 -78
44 -77
44 -76
44 -75
45 -75
45 -74
46 -74
46 -75
47 -75
47 -74
48 -74
48 -75
49 -75
49 -74
49 -73
50 -73
51 -73
51 -74
50 -74
50 -75
50 -76
49 -76
48 -76
47 -76
47 -77
46 -77
46 -78
46 -79
47 -79
47 -80
46 -80
46 -81
45 -81
44 -81
44 -80
43 -80
43 -81
43 -82
44 -82
45 -82
45 -83
44 -83
43 -83
43 -84
42 -84
42 -85
42 -86
43 -86
43 -85
44 -85
45 -85
45 -84
46 -84
47 -84
47 -83
48 -83
48 -84
49 -84
49 -83
50 -83
50 -84
50 -85
50 -86
50 -87
49 -87
49 -86
49 -85
48 -85
47 -85
47 -86
46 -86
46 -87
45 -87
45 -86
44 -86
44 -87
43 -87
42 -87
41 -87
41 -88
42 -88
42 -89
43 -89
44 -89
44 -88
45 -88
45 -89
45 -90
46 -90
46 -89
46 -88
47 -88
47 -87
48 -87
48 -88
48 -89
48 -90
47 -90
47 -91
48 -91
48 -92
48 -93
48 -94
49 -94
49 -93
50 -93
51 -93
51 -94
52 -94
52 -95
53 -95
53 -94
54 -94
55 -94
55 -93
55 -92
55 -91
56 -91
57 -91
57 -90
56 -90
56 -89
56 -88
56 -87
57 -87
57 -88
57 -89
58 -89
58 -88
59 -88
59 -87
60 -87
60 -86
59 -86
58 -86
58 -85
57 -85
57 -86
56 -86
55 -86
55 -85
55 -84
55 -83
54 -83
54 -84
54 -85
54 -86
54 -87
55 -87
55 -88
54 -88
54 -89
54 -90
53 -90
53 -91
53 -92
54 -92
54 -93
53 -93
52 -93
52 -92
52 -91
51 -91
51 -92
50 -92
50 -91
49 -91
49 -90
49 -89
49 -88
50 -88
50 -89
51 -89
51 -88
52 -88
52 -87
52 -86
53 -86
53 -85
52 -85
52 -84
52 -83
52 -82
52 -81
53 -81
53 -82
54 -82
54 -81
54 -80
54 -79
53 -79
53 -80
52 -80
51 -80
50 -80
50 -79
49 -79
49 -78
48 -78
48 -79
48 -80
49 -80
49 -81
48 -81
48 -82
49 -82
50 -82
50 -81
51 -81
51 -82
51 -83
51 -84
