0 1
-1 1
-1 2
-1 3
-2 3
-2 2
-2 1
-2 0
-1 0
-1 -1
-2 -1
-2 -2
-3 -2
-3 -1
-4 -1
-4 -2
-4 -3
-4 -4
-3 -4
-2 -4
-1 -4
-1 -5
-2 -5
-3 -5
-4 -5
-4 -6
-3 -6
-2 -6
-1 -6
-1 -7
-1 -8
0 -8
0 -9
0 -10
1 -10
1 -9
2 -9
2 -8
3 -8
3 -7
4 -7
4 -8
5 -8
6 -8
6 -9
5 -9
5 -10
6 -10
6 -11
7 -11
8 -11
8 -12
9 -12
9 -13
9 -14
8 -14
8 -13
7 -13
7 -12
6 -12
6 -13
5 -13
4 -13
4 -12
4 -11
4 -10
4 -9
3 -9
3 -10
3 -11
2 -11
1 -11
1 -12
2 -12
3 -12
3 -13
3 -14
3 -15
4 -15
4 -14
5 -14
6 -14
7 -14
7 -15
7 -16
7 -17
7 -18
7 -19
7 -20
8 -20
8 -19
8 -18
8 -17
8 -16
9 -16
10 -16
10 -17
10 -18
11 -18
12 -18
13 -18
13 -19
14 -19
14 -18
15 -18
15 -17
14 -17
14 -16
13 -16
12 -16
11 -16
11 -15
10 -15
10 -14
10 -13
11 -13
11 -12
10 -12
10 -11
9 -11
9 -10
8 -10
8 -9
9 -9
9 -8
8 -8
8 -7
9 -7
10 -7
10 -8
10 -9
11 -9
11 -10
11 -11
12 -11
12 -12
12 -13
12 -14
12 -15
13 -15
13 -14
13 -13
13 -12
13 -11
14 -11
14 -10
15 -10
16 -10
16 -9
16 -8
16 -7
17 -7
17 -8
18 -8
18 -7
18 -6
17 -6
17 -5
16 -5
16 -6
15 -6
15 -5
14 -5
14 -6
14 -7
15 -7
15 -8
15 -9
14 -9
14 -8
13 -8
13 -7
12 -7
11 -7
11 -6
12 -6
13 -6
13 -5
12 -5
11 -5
10 -5
10 -4
11 -4
12 -4
13 -4
14 -4
15 -4
16 -4
17 -4
17 -3
16 -3
15 -3
14 -3
13 -3
12 -3
12 -2
12 -1
13 -1
13 0
14 0
14 1
13 1
12 1
12 2
11 2
11 3
10 3
9 3
9 2
8 2
8 3
8 4
7 4
6 4
6 5
7 5
8 5
8 6
9 6
9 5
9 4
10 4
10 5
10 6
11 6
11 5
12 5
13 5
13 6
12 6
12 7
11 7
10 7
10 8
10 9
10 10
11 10
12 10
12 11
13 11
13 12
12 12
12 13
13 13
14 13
14 14
15 14
15 15
15 16
15 17
15 18
15 19
16 19
16 20
17 20
17 21
16 21
16 22
17 22
18 22
18 23
19 23
19 24
18 24
17 24
17 23
16 23
16 24
16 25
16 26
17 26
17 27
16 27
15 27
14 27
14 28
15 28
15 29
16 29
16 28
17 28
17 29
18 29
19 29
19 30
19 31
18 31
18 32
19 32
19 33
18 33
18 34
19 34
19 35
19 36
18 36
17 36
17 35
17 34
17 33
16 33
16 34
16 35
16 36
16 37
15 37
15 36
15 35
14 35
14 36
13 36
13 35
13 34
12 34
11 34
11 35
12 35
12 36
12 37
12 38
11 38
11 39
10 39
10 38
10 37
11 37
11 36
10 36
9 36
8 36
7 36
6 36
6 35
6 34
5 34
5 35
4 35
4 34
4 33
5 33
6 33
6 32
6 31
6 30
7 30
7 31
7 32
7 33
7 34
7 35
8 35
9 35
10 35
10 34
9 34
8 34
8 33
8 32
8 31
9 31
10 31
11 31
11 32
10 32
9 32
9 33
10 33
11 33
12 33
12 32
13 32
13 33
14 33
14 34
15 34
15 33
15 32
14 32
14 31
15 31
16 31
16 32
17 32
17 31
17 30
16 30
15 30
14 30
13 30
13 31
12 31
12 30
11 30
11 29
10 29
10 28
9 28
9 27
8 27
8 28
8 29
7 29
6 29
6 28
6 27
7 27
7 26
7 25
8 25
8 26
9 26
9 25
10 25
10 24
10 23
11 23
11 24
12 24
12 25
13 25
14 25
14 26
15 26
15 25
15 24
14 24
14 23
13 23
13 22
12 22
12 21
11 21
11 20
12 20
13 20
13 19
14 19
14 18
13 18
12 18
11 18
10 18
10 19
10 20
9 20
9 19
8 19
7 19
7 20
6 20
6 21
6 22
5 22
5 21
5 20
5 19
5 18
4 18
4 19
3 19
3 20
4 20
4 21
3 21
2 21
2 20
2 19
1 19
1 20
1 21
0 21
0 20
0 19
-1 19
-1 18
-1 17
-1 16
-1 15
-2 15
-2 16
-2 17
-2 18
-3 18
-3 17
-3 16
-3 15
-3 14
-4 14
-4 15
-4 16
-5 16
-5 15
-5 14
-5 13
-6 13
-7 13
-7 14
-8 14
-8 15
-9 15
-9 14
-9 13
-10 13
-11 13
-12 13
-13 13
-13 12
-12 12
-11 12
-11 11
-12 11
-12 10
-13 10
-13 9
-12 9
-12 8
-13 8
-14 8
-15 8
-16 8
-17 8
-18 8
-18 7
-17 7
-16 7
-16 6
-17 6
-17 5
-16 5
-16 4
-17 4
-18 4
-19 4
-19 3
-18 3
-18 2
-19 2
-19 1
-18 1
-17 1
-16 1
-15 1
-15 2
-15 3
-15 4
-14 4
-14 5
-15 5
-15 6
-14 6
-14 7
-13 7
-12 7
-12 6
-13 6
-13 5
-13 4
-12 4
-11 4
-10 4
-9 4
-9 5
-10 5
-10 6
-10 7
-9 7
-8 7
-7 7
-7 8
-8 8
-9 8
-9 9
-10 9
-10 8
-11 8
-11 9
-11 10
-10 10
-10 11
-9 11
-9 10
-8 10
-8 9
-7 9
-7 10
-6 10
-6 9
-5 9
-4 9
-4 8
-3 8
-3 9
-3 10
-3 11
-3 12
-2 12
-2 11
-2 10
-2 9
-2 8
-2 7
-3 7
-4 7
-4 6
-3 6
-3 5
-4 5
-5 5
-5 6
-5 7
-5 8
-6 8
-6 7
-6 6
-6 5
-7 5
-7 6
-8 6
-8 5
-8 4
-7 4
-7 3
-6 3
-5 3
-5 4
-4 4
-4 3
-3 3
-3 2
-3 1
-3 0
-4 0
-4 1
-4 2
-5 2
-5 1
-5 0
-6 0
-6 1
-6 2
-7 2
-8 2
-9 2
-10 2
-10 3
-11 3
-12 3
-13 3
-14 3
-14 2
-13 2
-12 2
-11 2
-11 1
-11 0
-12 0
-13 0
-13 1
-14 1
-14 0
-15 0
-15 -1
-14 -1
-14 -2
-15 -2
-15 -3
-14 -3
-13 -3
-13 -4
-13 -5
-12 -5
-12 -6
-13 -6
-14 -6
-14 -5
-14 -4
-15 -4
-15 -5
-16 -5
-16 -4
-17 -4
-18 -4
-18 -5
-18 -6
-19 -6
-20 -6
-20 -5
-21 -5
-21 -6
-22 -6
-22 -7
-21 -7
-21 -8
-20 -8
-19 -8
-19 -7
-18 -7
-18 -8
-18 -9
-19 -9
-19 -10
-20 -10
-20 -9
-21 -9
-22 -9
-22 -8
-23 -8
-23 -9
-24 -9
-24 -10
-24 -11
-23 -11
-23 -10
-22 -10
-21 -10
-21 -11
-22 -11
-22 -12
-21 -12
-20 -12
-20 -13
-19 -13
-19 -14
-18 -14
-18 -13
-17 -13
-17 -12
-17 -11
-16 -11
-16 -12
-16 -13
-16 -14
-17 -14
-17 -15
-18 -15
-19 -15
-19 -16
-18 -16
-17 -16
-17 -17
-18 -17
-19 -17
-19 -18
-19 -19
-19 -20
-20 -20
-21 -20
-21 -19
-20 -19
-20 -18
-20 -17
-20 -16
-20 -15
-21 -15
-22 -15
-22 -16
-21 -16
-21 -17
-21 -18
-22 -18
-22 -17
-23 -17
-24 -17
-24 -16
-24 -15
-25 -15
-26 -15
-27 -15
-27 -14
-26 -14
-26 -13
-26 -12
-27 -12
-27 -13
-28 -13
-28 -14
-29 -14
-29 -13
-29 -12
-30 -12
-30 -13
-31 -13
-31 -14
-30 -14
-30 -15
-31 -15
-31 -16
-32 -16
-32 -15
-32 -14
-32 -13
-32 -12
-31 -12
-31 -11
-30 -11
-30 -10
-31 -10
-31 -9
-32 -9
-32 -10
-33 -10
-33 -9
-33 -8
-32 -8
-31 -8
-30 -8
-30 -7
-30 -6
-30 -5
-31 -5
-31 -6
-31 -7
-32 -7
-33 -7
-33 -6
-32 -6
-32 -5
-33 -5
-34 -5
-34 -4
-33 -4
-32 -4
-31 -4
-30 -4
-30 -3
-31 -3
-32 -3
-32 -2
-33 -2
-33 -3
-34 -3
-34 -2
-34 -1
-33 -1
-32 -1
-32 0
-32 1
-32 2
-31 2
-31 1
-31 0
-30 0
-30 -1
-30 -2
-29 -2
-29 -1
-29 0
-29 1
-30 1
-30 2
-30 3
-29 3
-29 4
-29 5
-29 6
-30 6
-31 6
-32 6
-33 6
-33 7
-32 7
-31 7
-30 7
-29 7
-28 7
-28 6
-27 6
-27 7
-27 8
-26 8
-26 9
-25 9
-25 8
-24 8
-23 8
-22 8
-21 8
-21 7
-21 6
-21 5
-21 4
-22 4
-23 4
-23 3
-24 3
-25 3
-25 4
-25 5
-25 6
-24 6
-23 6
-22 6
-22 7
-23 7
-24 7
-25 7
-26 7
-26 6
-26 5
-27 5
-27 4
-26 4
-26 3
-26 2
-25 2
-24 2
-24 1
-25 1
-26 1
-27 1
-27 0
-28 0
-28 -1
-28 -2
-27 -2
-26 -2
-25 -2
-24 -2
-24 -3
-25 -3
-25 -4
-26 -4
-26 -3
-27 -3
-28 -3
-29 -3
-29 -4
-28 -4
-27 -4
-27 -5
-26 -5
-25 -5
-25 -6
-25 -7
-24 -7
-24 -6
-24 -5
-24 -4
-23 -4
-23 -3
-23 -2
-23 -1
-24 -1
-24 0
-23 0
-22 0
-22 1
-23 1
-23 2
-22 2
-21 2
-20 2
-20 3
-20 4
-20 5
-19 5
-19 6
-19 7
-20 7
-20 8
-20 9
-21 9
-22 9
-23 9
-24 9
-24 10
-25 10
-26 10
-27 10
-27 9
-28 9
-28 10
-29 10
-29 9
-29 8
-30 8
-30 9
-30 10
-30 11
-29 11
-28 11
-27 11
-27 12
-28 12
-28 13
-27 13
-27 14
-28 14
-29 14
-29 13
-29 12
-30 12
-31 12
-32 12
-32 11
-33 11
-33 12
-34 12
-35 12
-35 11
-35 10
-35 9
-36 9
-36 10
-37 10
-38 10
-38 9
-38 8
-39 8
-39 9
-40 9
-40 10
-41 10
-41 11
-42 11
-42 10
-43 10
-44 10
-45 10
-45 11
-44 11
-44 12
-44 13
-45 13
-45 12
-46 12
-47 12
-47 13
-48 13
-49 13
-49 12
-49 11
-50 11
-50 10
-51 10
-51 11
-52 11
-52 10
-52 9
-51 9
-51 8
-52 8
-53 8
-53 9
-53 10
-53 11
-54 11
-54 10
-54 9
-54 8
-54 7
-53 7
-52 7
-51 7
-50 7
-50 8
-50 9
-49 9
-49 8
-49 7
-48 7
-48 8
-47 8
-47 7
-46 7
-46 8
-45 8
-45 9
-44 9
-43 9
-42 9
-42 8
-43 8
-44 8
-44 7
-45 7
-45 6
-46 6
-47 6
-48 6
-49 6
-49 5
-50 5
-51 5
-51 4
-51 3
-50 3
-50 4
-49 4
-48 4
-48 5
-47 5
-47 4
-47 3
-48 3
-49 3
-49 2
-50 2
-51 2
-52 2
-52 1
-51 1
-50 1
-49 1
-48 1
-47 1
-46 1
-45 1
-44 1
-44 2
-43 2
-43 1
-43 0
-42 0
-42 1
-42 2
-42 3
-43 3
-44 3
-45 3
-46 3
-46 4
-46 5
-45 5
-44 5
-44 6
-43 6
-43 7
-42 7
-42 6
-42 5
-43 5
-43 4
-42 4
-41 4
-41 3
-41 2
-40 2
-39 2
-38 2
-38 1
-37 1
-36 1
-36 0
-37 0
-37 -1
-36 -1
-35 -1
-35 -2
-36 -2
-36 -3
-35 -3
-35 -4
-36 -4
-37 -4
-37 -3
-37 -2
-38 -2
-38 -3
-38 -4
-38 -5
-39 -5
-39 -6
-40 -6
-41 -6
-42 -6
-42 -7
-43 -7
-43 -6
-44 -6
-44 -5
-44 -4
-43 -4
-43 -5
-42 -5
-42 -4
-41 -4
-41 -5
-40 -5
-40 -4
-39 -4
-39 -3
-39 -2
-39 -1
-40 -1
-41 -1
-42 -1
-42 -2
-41 -2
-41 -3
-42 -3
-43 -3
-44 -3
-45 -3
-45 -2
-44 -2
-43 -2
-43 -1
-44 -1
-45 -1
-46 -1
-46 -2
-46 -3
-46 -4
-45 -4
-45 -5
-46 -5
-46 -6
-47 -6
-47 -5
-48 -5
-48 -6
-49 -6
-50 -6
-51 -6
-52 -6
-53 -6
-53 -7
-54 -7
-54 -8
-54 -9
-54 -10
-55 -10
-55 -9
-55 -8
-55 -7
-55 -6
-54 -6
-54 -5
-55 -5
-56 -5
-57 -5
-57 -4
-57 -3
-56 -3
-56 -4
-55 -4
-55 -3
-54 -3
-54 -4
-53 -4
-52 -4
-51 -4
-51 -3
-52 -3
-53 -3
-53 -2
-53 -1
-52 -1
-52 -2
-51 -2
-51 -1
-51 0
-52 0
-53 0
-54 0
-55 0
-56 0
-56 -1
-55 -1
-54 -1
-54 -2
-55 -2
-56 -2
-57 -2
-57 -1
-58 -1
-58 0
-59 0
-59 1
-60 1
-60 2
-60 3
-61 3
-61 2
-61 1
-62 1
-62 2
-62 3
-62 4
-62 5
-61 5
-60 5
-59 5
-58 5
-58 4
-58 3
-57 3
-57 4
-56 4
-56 5
-57 5
-57 6
-58 6
-58 7
-58 8
-58 9
-59 9
-60 9
-61 9
-62 9
-63 9
-63 8
-62 8
-62 7
-61 7
-60 7
-60 6
-61 6
-62 6
-63 6
-63 5
-64 5
-65 5
-65 6
-65 7
-65 8
-65 9
-66 9
-66 8
-66 7
-66 6
-66 5
-67 5
-67 4
-66 4
-65 4
-64 4
-63 4
-63 3
-63 2
-63 1
-64 1
-65 1
-66 1
-66 2
-65 2
-64 2
-64 3
-65 3
-66 3
-67 3
-68 3
-68 2
-67 2
-67 1
-68 1
-68 0
-69 0
-69 1
-69 2
-69 3
-70 3
-70 2
-71 2
-71 3
-71 4
-70 4
-70 5
-69 5
-68 5
-68 6
-67 6
-67 7
-68 7
-68 8
-69 8
-69 9
-69 10
-69 11
-70 11
-70 10
-71 10
-72 10
-72 9
-71 9
-71 8
-72 8
-72 7
-73 7
-73 6
-74 6
-74 7
-74 8
-74 9
-75 9
-76 9
-76 8
-76 7
-75 7
-75 6
-76 6
-76 5
-75 5
-75 4
-76 4
-77 4
-78 4
-79 4
-79 5
-80 5
-80 4
-80 3
-79 3
-78 3
-78 2
-78 1
-79 1
-79 2
-80 2
-80 1
-80 0
-79 0
-78 0
-78 -1
-79 -1
-80 -1
-81 -1
-81 0
-82 0
-83 0
-83 -1
-84 -1
-85 -1
-86 -1
-86 0
-85 0
-84 0
-84 1
-83 1
-82 1
-81 1
-81 2
-82 2
-82 3
-81 3
-81 4
-81 5
-82 5
-82 4
-83 4
-83 3
-83 2
-84 2
-84 3
-84 4
-85 4
-85 3
-86 3
-86 4
-87 4
-87 3
-87 2
-86 2
-85 2
-85 1
-86 1
-87 1
-87 0
-88 0
-88 1
-88 2
-88 3
-88 4
-89 4
-90 4
-90 5
-90 6
-91 6
-91 7
-90 7
-89 7
-89 6
-88 6
-88 7
-88 8
-88 9
-89 9
-89 8
-90 8
-91 8
-92 8
-92 9
-91 9
-90 9
-90 10
-89 10
-88 10
-88 11
-89 11
-90 11
-90 12
-89 12
-89 13
-88 13
-88 12
-87 12
-87 11
-87 10
-87 9
-86 9
-85 9
-85 10
-84 10
-84 9
-84 8
-85 8
-85 7
-84 7
-84 6
-83 6
-82 6
-81 6
-81 7
-82 7
-83 7
-83 8
-82 8
-81 8
-80 8
-79 8
-79 7
-80 7
-80 6
-79 6
-78 6
-78 7
-78 8
-77 8
-77 9
-77 10
-76 10
-76 11
-75 11
-74 11
-74 10
-73 10
-73 11
-72 11
-71 11
-71 12
-72 12
-73 12
-73 13
-73 14
-72 14
-71 14
-70 14
-70 13
-70 12
-69 12
-69 13
-68 13
-67 13
-66 13
-65 13
-65 12
-66 12
-66 11
-67 11
-67 12
-68 12
-68 11
-68 10
-68 9
-67 9
-67 10
-66 10
-65 10
-64 10
-64 11
-64 12
-63 12
-63 11
-63 10
-62 10
-62 11
-62 12
-62 13
-61 13
-60 13
-59 13
-59 14
-60 14
-61 14
-62 14
-62 15
-63 15
-63 14
-63 13
-64 13
-64 14
-65 14
-65 15
-64 15
-64 16
-64 17
-64 18
-64 19
-65 19
-65 18
-65 17
-65 16
-66 16
-67 16
-67 17
-66 17
-66 18
-67 18
-67 19
-68 19
-68 20
-67 20
-67 21
-68 21
-69 21
-70 21
-70 22
-71 22
-72 22
-72 21
-73 21
-73 20
-74 20
-74 21
-74 22
-75 22
-75 21
-75 20
-75 19
-75 18
-74 18
-74 19
-73 19
-73 18
-73 17
-73 16
-74 16
-74 17
-75 17
-75 16
-75 15
-75 14
-75 13
-76 13
-76 14
-76 15
-76 16
-76 17
-76 18
-77 18
-77 19
-78 19
-78 18
-79 18
-79 19
-79 20
-78 20
-78 21
-78 22
-77 22
-77 21
-77 20
-76 20
-76 21
-76 22
-76 23
-76 24
-77 24
-77 25
-77 26
-77 27
-78 27
-78 26
-79 26
-79 27
-79 28
-78 28
-77 28
-76 28
-76 27
-76 26
-76 25
-75 25
-75 26
-75 27
-74 27
-74 28
-73 28
-72 28
-72 29
-71 29
-70 29
-69 29
-69 30
-70 30
-71 30
-71 31
-70 31
-69 31
-69 32
-68 32
-68 31
-68 30
-68 29
-67 29
-67 30
-66 30
-66 29
-65 29
-65 28
-66 28
-67 28
-68 28
-69 28
-70 28
-71 28
-71 27
-72 27
-73 27
-73 26
-74 26
-74 25
-73 25
-72 25
-71 25
-70 25
-70 26
-70 27
-69 27
-69 26
-69 25
-69 24
-68 24
-68 25
-68 26
-68 27
-67 27
-66 27
-65 27
-65 26
-65 25
-64 25
-64 26
-64 27
-63 27
-63 26
-63 25
-62 25
-62 26
-61 26
-60 26
-60 25
-61 25
-61 24
-62 24
-63 24
-64 24
-65 24
-66 24
-66 25
-66 26
-67 26
-67 25
-67 24
-67 23
-67 22
-66 22
-66 23
-65 23
-65 22
-65 21
-66 21
-66 20
-65 20
-64 20
-64 21
-64 22
-64 23
-63 23
-62 23
-61 23
-61 22
-62 22
-62 21
-62 20
-63 20
-63 19
-62 19
-62 18
-61 18
-60 18
-60 19
-61 19
-61 20
-60 20
-59 20
-58 20
-57 20
-57 21
-58 21
-59 21
-60 21
-60 22
-59 22
-58 22
-57 22
-57 23
-58 23
-58 24
-59 24
-59 25
-58 25
-58 26
-57 26
-57 25
-57 24
-56 24
-56 25
-56 26
-55 26
-55 25
-54 25
-54 26
-53 26
-53 25
-52 25
-52 26
-51 26
-50 26
-50 27
-51 27
-51 28
-50 28
-50 29
-49 29
-49 28
-49 27
-48 27
-48 26
-49 26
-49 25
-48 25
-47 25
-47 24
-48 24
-49 24
-50 24
-50 25
-51 25
-51 24
-52 24
-53 24
-54 24
-55 24
-55 23
-54 23
-53 23
-53 22
-54 22
-54 21
-53 21
-53 20
-54 20
-54 19
-54 18
-55 18
-55 19
-55 20
-56 20
-56 19
-57 19
-57 18
-56 18
-56 17
-56 16
-55 16
-54 16
-53 16
-52 16
-52 17
-52 18
-53 18
-53 19
-52 19
-51 19
-50 19
-50 20
-50 21
-49 21
-48 21
-47 21
-46 21
-46 20
-46 19
-46 18
-46 17
-45 17
-45 16
-44 16
-44 17
-44 18
-45 18
-45 19
-44 19
-43 19
-43 20
-43 21
-43 22
-42 22
-41 22
-40 22
-40 21
-41 21
-42 21
-42 20
-41 20
-41 19
-41 18
-41 17
-41 16
-40 16
-40 17
-40 18
-40 19
-40 20
-39 20
-39 19
-38 19
-37 19
-36 19
-35 19
-34 19
-33 19
-32 19
-32 20
-32 21
-33 21
-33 20
-34 20
-34 21
-34 22
-33 22
-33 23
-32 23
-32 24
-33 24
-34 24
-35 24
-35 25
-35 26
-34 26
-34 25
-33 25
-32 25
-32 26
-33 26
-33 27
-33 28
-32 28
-32 27
-31 27
-31 28
-30 28
-30 27
-30 26
-31 26
-31 25
-31 24
-31 23
-30 23
-30 24
-30 25
-29 25
-28 25
-28 24
-28 23
-27 23
-26 23
-26 24
-25 24
-25 23
-24 23
-24 22
-24 21
-24 20
-24 19
-23 19
-23 18
-24 18
-24 17
-24 16
-24 15
-23 15
-23 16
-22 16
-22 17
-22 18
-21 18
-20 18
-19 18
-19 19
-20 19
-20 20
-19 20
-18 20
-17 20
-17 21
-16 21
-16 22
-17 22
-18 22
-19 22
-19 21
-20 21
-21 21
-22 21
-22 20
-23 20
-23 21
-23 22
-22 22
-21 22
-21 23
-21 24
-22 24
-22 25
-21 25
-20 25
-20 26
-21 26
-21 27
-20 27
-20 28
-19 28
-19 29
-20 29
-20 30
-21 30
-22 30
-22 31
-22 32
-23 32
-24 32
-24 31
-23 31
-23 30
-24 30
-24 29
-23 29
-22 29
-21 29
-21 28
-22 28
-22 27
-22 26
-23 26
-23 27
-23 28
-24 28
-24 27
-24 26
-25 26
-25 25
-26 25
-26 26
-27 26
-27 27
-27 28
-27 29
-28 29
-29 29
-30 29
-31 29
-32 29
-33 29
-33 30
-34 30
-34 31
-33 31
-33 32
-34 32
-35 32
-35 31
-35 30
-36 30
-36 29
-35 29
-34 29
-34 28
-34 27
-35 27
-35 28
-36 28
-37 28
-37 27
-37 26
-38 26
-38 27
-38 28
-39 28
-40 28
-41 28
-42 28
-42 29
-43 29
-43 28
-44 28
-44 29
-44 30
-44 31
-43 31
-43 30
-42 30
-41 30
-41 29
-40 29
-40 30
-40 31
-41 31
-42 31
-42 32
-41 32
-40 32
-40 33
-39 33
-39 32
-39 31
-38 31
-38 30
-37 30
-37 31
-36 31
-36 32
-37 32
-37 33
-36 33
-35 33
-35 34
-34 34
-34 33
-33 33
-33 34
-32 34
-31 34
-31 35
-31 36
-30 36
-30 35
-30 34
-30 33
-29 33
-29 34
-28 34
-28 33
-27 33
-27 32
-26 32
-26 33
-25 33
-25 34
-24 34
-23 34
-23 35
-22 35
-22 34
-22 33
-21 33
-20 33
-20 32
-21 32
-21 31
-20 31
-19 31
-19 32
-19 33
-18 33
-18 32
-17 32
-16 32
-16 33
-15 33
-15 34
-15 35
-15 36
-14 36
-14 35
-13 35
-13 36
-13 37
-13 38
-12 38
-11 38
-11 37
-11 36
-10 36
-10 35
-10 34
-11 34
-12 34
-12 33
-12 32
-11 32
-11 33
-10 33
-10 32
-10 31
-10 30
-10 29
-11 29
-12 29
-13 29
-13 30
-12 30
-12 31
-13 31
-13 32
-14 32
-15 32
-15 31
-16 31
-16 30
-17 30
-17 31
-18 31
-18 30
-18 29
-18 28
-17 28
-17 27
-18 27
-19 27
-19 26
-18 26
-17 26
-17 25
-18 25
-19 25
-19 24
-20 24
-20 23
-19 23
-18 23
-18 24
-17 24
-16 24
-16 25
-16 26
-16 27
-16 28
-15 28
-15 29
-15 30
-14 30
-14 29
-14 28
-13 28
-12 28
-12 27
-13 27
-13 26
-12 26
-11 26
-11 27
-11 28
-10 28
-9 28
-9 29
-9 30
-8 30
-8 29
-8 28
-8 27
-9 27
-9 26
-8 26
-7 26
-7 25
-7 24
-6 24
-6 23
-7 23
-7 22
-6 22
-5 22
-5 21
-6 21
-6 20
-7 20
-7 19
-8 19
-8 20
-8 21
-8 22
-9 22
-9 21
-9 20
-9 19
-9 18
-9 17
-9 16
-10 16
-10 17
-10 18
-11 18
-11 19
-11 20
-12 20
-12 21
-11 21
-10 21
-10 22
-11 22
-12 22
-12 23
-11 23
-10 23
-9 23
-8 23
-8 24
-8 25
-9 25
-9 24
-10 24
-11 24
-12 24
-12 25
-13 25
-13 24
-13 23
-14 23
-14 24
-14 25
-15 25
-15 24
-15 23
-15 22
-15 21
-14 21
-13 21
-13 20
-14 20
-14 19
-13 19
-12 19
-12 18
-13 18
-14 18
-14 17
-14 16
-15 16
-15 17
-15 18
-15 19
-15 20
-16 20
-16 19
-16 18
-17 18
-17 19
-18 19
-18 18
-18 17
-17 17
-16 17
-16 16
-16 15
-15 15
-14 15
-13 15
-13 16
-13 17
-12 17
-12 16
-11 16
-11 15
-10 15
-10 14
-11 14
-12 14
-13 14
-14 14
-15 14
-16 14
-16 13
-17 13
-18 13
-18 14
-17 14
-17 15
-17 16
-18 16
-18 15
-19 15
-19 16
-19 17
-20 17
-20 16
-20 15
-21 15
-22 15
-22 14
-21 14
-21 13
-22 13
-22 12
-21 12
-20 12
-20 13
-19 13
-19 12
-18 12
-17 12
-16 12
-16 11
-16 10
-15 10
-14 10
-14 9
-15 9
-16 9
-17 9
-18 9
-19 9
-19 10
-18 10
-17 10
-17 11
-18 11
-19 11
-20 11
-21 11
-22 11
-23 11
-24 11
-24 12
-23 12
-23 13
-23 14
-24 14
-25 14
-26 14
-26 15
-25 15
-25 16
-25 17
-25 18
-25 19
-26 19
-26 18
-27 18
-27 19
-27 20
-27 21
-26 21
-26 20
-25 20
-25 21
-25 22
-26 22
-27 22
-28 22
-29 22
-29 21
-28 21
-28 20
-28 19
-28 18
-29 18
-29 17
-28 17
-27 17
-26 17
-26 16
-27 16
-27 15
-28 15
-28 16
-29 16
-29 15
-30 15
-30 16
-30 17
-30 18
-30 19
-31 19
-31 18
-31 17
-32 17
-33 17
-33 18
-34 18
-35 18
-35 17
-35 16
-35 15
-34 15
-34 16
-34 17
