250 0.5 0 1405 42 215.559 0.251574 183.421 0.256393 32.138 0.0328608 0.460215 0.000519878 0.432784 0.000132132 0.395058 7.46163e-05 0.168483 9.79151e-05 12320000000 
400 0.5 0 2755 54 415.795 0.749518 354.772 0.753754 61.0235 0.0888701 0.467617 0.000801331 0.426981 0.000189249 0.398266 0.000101619 0.172488 0.000151895 12430000000 
250 0.51 0 1358 38 209.682 0.222876 178.245 0.222693 31.4369 0.0314402 0.457581 0.000501274 0.424649 0.000135477 0.397245 7.62753e-05 0.1745 9.93666e-05 12130000000 
400 0.51 0 2669 54 404.879 0.746711 345.377 0.753949 59.5021 0.0864474 0.466304 0.000873112 0.41898 0.000178859 0.40015 9.3448e-05 0.178645 0.000128238 11880000000 
250 0.52 0 1307 41 203.23 0.256255 172.459 0.255392 30.7713 0.0281165 0.453157 0.000553515 0.416245 0.000147118 0.399204 7.53045e-05 0.181 0.000116869 12610000000 
400 0.52 0 2563 53 391.266 0.789728 333.362 0.807352 57.9036 0.0885698 0.462844 0.000854445 0.410233 0.000237939 0.40229 0.000148551 0.18529 0.000157465 12130000000 
250 0.53 0 1266 40 197.676 0.2303 167.509 0.238241 30.1674 0.0274803 0.449981 0.000563115 0.407929 0.000131693 0.401202 7.11166e-05 0.187383 0.000102532 12140000000 
400 0.53 0 2463 52 378.508 0.667365 321.989 0.681326 56.5187 0.083261 0.459244 0.000837817 0.401422 0.000172862 0.40415 9.26152e-05 0.192279 0.000143901 12000000000 
250 0.54 0 1217 36 191.995 0.206501 162.415 0.207163 29.5809 0.0302442 0.445622 0.000499331 0.399773 0.000142028 0.402868 8.09432e-05 0.193936 0.000101583 12350000000 
400 0.54 0 2360 51 365.571 0.65345 310.494 0.653225 55.0765 0.0797798 0.455486 0.000795591 0.392723 0.00017786 0.405752 9.12269e-05 0.199423 0.000139348 11960000000 
250 0.55 0 1167 35 185.863 0.249035 156.9 0.250376 28.9636 0.0260493 0.441059 0.000555285 0.39128 0.0001488 0.40442 7.65082e-05 0.200941 0.000110162 12240000000 
400 0.55 0 2258 51 352.114 0.730466 298.508 0.738218 53.6057 0.0822285 0.450811 0.000942098 0.383525 0.000228749 0.407577 0.000107375 0.206837 0.000164286 11600000000 
250 0.56 0 1124 39 180.401 0.224517 152.051 0.222167 28.3505 0.0258218 0.437127 0.000518372 0.382958 0.000144002 0.405753 7.99883e-05 0.208003 0.000112804 12610000000 
400 0.56 0 2159 47 339.732 0.728676 287.582 0.748631 52.1496 0.0840993 0.446861 0.00100428 0.374539 0.000208294 0.409025 9.49153e-05 0.214416 0.000160674 11730000000 
250 0.57 0 1078 37 174.486 0.200164 146.745 0.201945 27.7417 0.0272514 0.432269 0.000580832 0.374306 0.000136416 0.407036 8.65578e-05 0.215425 0.000109178 12200000000 
400 0.57 0 2055 47 326.637 0.736483 275.88 0.735466 50.7572 0.0757491 0.441847 0.000868853 0.365317 0.000195974 0.410307 9.80793e-05 0.222404 0.000166508 11480000000 
250 0.58 0 1034 37 168.702 0.186894 141.636 0.188329 27.0653 0.0311977 0.428143 0.000509346 0.365631 0.000135469 0.40807 6.44034e-05 0.223141 0.000112693 12630000000 
400 0.58 0 1951 46 312.931 0.699155 263.662 0.706282 49.2688 0.0751435 0.435788 0.000948421 0.356127 0.000185076 0.411251 9.35346e-05 0.230692 0.000149727 11870000000 
250 0.59 0 987 32 162.933 0.198275 136.44 0.197531 26.4933 0.0227333 0.422093 0.000522402 0.356904 0.000151486 0.408935 6.23342e-05 0.231068 0.000140122 12320000000 
400 0.59 0 1853 47 301.265 0.765871 253.164 0.805434 48.1004 0.0749801 0.430146 0.0011737 0.347033 0.000210873 0.412031 8.54449e-05 0.239057 0.000169254 11470000000 
4900 0.59 0 68180 6081 10478 940.755 9057.63 985.123 1420.33 127.991 0.467865 0.048162 0.33228 0.00171218 0.415644 0.00107184 0.251928 0.00143185 1950000000 
100 0.6 0 288 16 49.667 0.0366064 41.2635 0.0364606 8.40349 0.00542544 0.406081 0.000435345 0.383962 0.000197559 0.398608 0.000118369 0.209221 0.000138758 6260000000 
250 0.6 0 945 34 157.779 0.216539 131.849 0.217119 25.9308 0.0305991 0.418024 0.0005809 0.348706 0.000138114 0.409511 7.54104e-05 0.238757 0.000125493 12130000000 
400 0.6 0 1758 42 288.012 0.614312 241.629 0.616057 46.3834 0.0658017 0.425883 0.000915484 0.336916 0.000184247 0.412715 9.95166e-05 0.248539 0.000164467 11370000000 
1000 0.61 0 5691 95 912.169 5.46914 769.158 5.41845 143.011 0.730612 0.43684 0.00276328 0.314341 0.000386737 0.416217 0.000199729 0.268759 0.000362499 8990000000 
100 0.61 0 272 19 48.6157 0.0316193 40.3076 0.0318467 8.30811 0.00621679 0.402259 0.000416294 0.37744 0.000183225 0.399355 7.5855e-05 0.215133 0.000146153 6260000000 
2500 0.61 0 20530 1005 3183.98 91.8078 2721.5 97.0859 462.478 8.34601 0.46075 0.0147692 0.307272 0.000790806 0.417128 0.000375535 0.275337 0.000757795 4270000000 
250 0.61 0 895 33 151.794 0.209058 126.449 0.213034 25.3444 0.0259114 0.41102 0.000608927 0.339599 0.000136233 0.410068 6.78068e-05 0.247377 0.000126691 11710000000 
3600 0.61 0 34233 2324 5287.45 354.877 4525.96 369.364 761.49 36.4527 0.459346 0.0221769 0.306121 0.00134184 0.418296 0.000719714 0.275396 0.0012539 2760000000 
400 0.61 0 1659 44 275.554 0.644073 230.341 0.642751 45.2123 0.0686854 0.418374 0.000899713 0.32762 0.000175504 0.41291 9.42429e-05 0.257685 0.000172252 11190000000 
4900 0.61 0 40697 3255 7630.73 840.251 6436.2 828.734 1194.53 61.1596 0.407068 0.0314976 0.304162 0.00217371 0.416865 0.000566953 0.278835 0.00206429 1870000000 
100 0.62 0 270 19 47.5595 0.0347312 39.3483 0.0340635 8.2112 0.00504773 0.397737 0.000326303 0.370632 0.000133979 0.399879 6.83432e-05 0.221569 0.000114185 6490000000 
250 0.62 0 857 34 146.631 0.176892 121.803 0.177589 24.8279 0.0212813 0.405317 0.000539254 0.331388 0.000135946 0.410102 8.57356e-05 0.255617 0.000131847 11860000000 
400 0.62 0 1558 43 263.288 0.571698 219.38 0.573103 43.9079 0.079887 0.41163 0.00100806 0.31849 0.000230362 0.413 8.37712e-05 0.266768 0.000264874 11590000000 
1000 0.63 0 4753 82 792.731 5.27107 663.377 5.27621 129.354 0.833192 0.418174 0.00288759 0.292189 0.000332752 0.415659 0.000137898 0.291514 0.000319982 9040000000 
100 0.63 0 253 19 46.5014 0.0322387 38.3912 0.0328539 8.11029 0.0047847 0.393461 0.000344612 0.363757 0.000129216 0.400415 7.29183e-05 0.228044 0.00011827 6300000000 
2500 0.63 0 15288 730 2522.54 98.7921 2110.71 91.9894 411.83 10.5122 0.414013 0.012169 0.282969 0.00104989 0.417404 0.000364183 0.299378 0.000874719 4080000000 
250 0.63 0 815 33 141.276 0.179095 116.989 0.178444 24.2871 0.0225696 0.39886 0.000549484 0.322679 0.000153353 0.410121 9.50709e-05 0.264381 0.000231799 11520000000 
3600 0.63 0 27191 2800 4593.86 473.838 3958.19 473.992 635.676 32.403 0.459148 0.0322196 0.283531 0.00195848 0.417456 0.000757919 0.298843 0.00181317 2420000000 
400 0.63 0 1466 41 251.264 0.50413 208.658 0.503742 42.6056 0.0586452 0.404236 0.000863945 0.308798 0.000177855 0.412662 8.90817e-05 0.276841 0.000169123 11180000000 
100 0.64 0 252 17 45.4036 0.0298323 37.3791 0.0323142 8.0245 0.00431781 0.388191 0.000399734 0.356785 0.000118576 0.400874 0.000112643 0.234689 0.000119115 6450000000 
250 0.64 0 774 30 135.932 0.202696 112.213 0.188833 23.7191 0.0319855 0.39251 0.000634624 0.313991 0.000152708 0.409784 6.74552e-05 0.273474 0.000137009 11780000000 
400 0.64 0 1371 39 238.948 0.623063 197.567 0.631244 41.3815 0.0554444 0.395446 0.00110862 0.299009 0.000167927 0.412208 7.27851e-05 0.287138 0.0001699 11350000000 
100 0.65 0 234 20 44.3886 0.0301513 36.4578 0.0305156 7.93081 0.00447132 0.383619 0.000332203 0.350329 0.000119521 0.401134 8.64217e-05 0.241023 0.000119913 6400000000 
250 0.65 0 731 32 130.83 0.155935 107.566 0.15523 23.2634 0.0210439 0.384858 0.000537003 0.305405 0.000138628 0.409347 9.78288e-05 0.282561 0.0001421 11630000000 
400 0.65 0 1288 36 228.689 0.619976 188.256 0.608493 40.4331 0.0567006 0.386885 0.00107519 0.290115 0.000205992 0.411524 7.492e-05 0.296765 0.000193079 11170000000 
100 0.66 0 234 17 43.3482 0.0318117 35.5008 0.0320092 7.84747 0.0045661 0.378104 0.000380152 0.343469 0.000140131 0.401295 7.49684e-05 0.247868 0.000139959 6430000000 
250 0.66 0 691 28 126.011 0.160252 103.233 0.157177 22.7774 0.0205292 0.378271 0.000545347 0.296983 0.000139041 0.408642 6.39177e-05 0.291764 0.000153697 11610000000 
400 0.66 0 1205 35 217.681 0.583822 178.459 0.574111 39.2221 0.0565984 0.379255 0.000902462 0.280787 0.000172487 0.410294 7.3358e-05 0.307367 0.000199899 11430000000 
100 0.67 0 218 19 42.4281 0.0274887 34.6706 0.0281411 7.75742 0.00418666 0.374248 0.000358549 0.337141 0.000117479 0.401047 8.50573e-05 0.254567 0.000130564 6300000000 
250 0.67 0 659 27 121.662 0.263706 99.381 0.266642 22.2814 0.0186184 0.372631 0.000976068 0.288798 0.000157985 0.407561 6.73447e-05 0.301095 0.000169397 11810000000 
400 0.67 0 1120 34 207.098 0.471587 168.87 0.481839 38.2289 0.0624833 0.369618 0.00101357 0.271569 0.000179562 0.408905 7.4699e-05 0.318023 0.000188429 11090000000 
100 0.68 0 216 17 41.4447 0.0279301 33.7666 0.0272083 7.67808 0.00442031 0.368719 0.000312105 0.330789 0.000115058 0.400722 7.1316e-05 0.261382 0.00012337 6330000000 
250 0.68 0 621 27 116.774 0.137928 94.8761 0.147581 21.898 0.019379 0.363184 0.000559393 0.280816 0.000146026 0.406344 8.40293e-05 0.310362 0.000167523 12270000000 
400 0.68 0 1047 34 197.84 0.45379 160.609 0.459185 37.2308 0.0526322 0.361937 0.00119196 0.262817 0.000174776 0.407314 8.74657e-05 0.328414 0.000215146 11540000000 
100 0.69 0 204 17 40.5213 0.0323136 32.9167 0.0306529 7.60457 0.00452407 0.363762 0.000314118 0.324507 0.000135935 0.400356 8.11213e-05 0.268162 0.00013706 6240000000 
250 0.69 0 585 27 112.52 0.174335 91.0717 0.166779 21.4482 0.0174192 0.356882 0.000572029 0.272712 0.000153157 0.40478 6.74932e-05 0.320094 0.000180378 11750000000 
400 0.69 0 972 33 187.871 0.434135 151.613 0.449694 36.2578 0.0628156 0.351762 0.00118197 0.253736 0.000169472 0.405297 7.16687e-05 0.339561 0.000190454 11180000000 
100 0.7 0 204 18 39.624 0.0185702 32.1014 0.0196775 7.52263 0.0029878 0.359027 0.000247821 0.318364 8.33268e-05 0.399884 5.34038e-05 0.274912 0.00010822 12050000000 
250 0.7 0 557 22 108.488 0.134172 87.4035 0.136802 21.0841 0.0172748 0.348997 0.000607212 0.265084 0.000114475 0.403009 6.92687e-05 0.329568 0.000132088 11920000000 
100 0.71 0 188 18 38.7598 0.0181481 31.3093 0.0187326 7.45052 0.00267543 0.354085 0.000241151 0.312208 8.10261e-05 0.399308 5.24748e-05 0.281779 9.08243e-05 11920000000 
250 0.71 0 524 26 104.256 0.261511 83.5248 0.260762 20.7308 0.015087 0.340039 0.000875498 0.257398 0.000142146 0.401098 7.61539e-05 0.33923 0.000153887 11530000000 
100 0.72 0 180 17 37.9351 0.0226915 30.5527 0.0228975 7.38245 0.0027052 0.349175 0.000275213 0.30642 9.43032e-05 0.398452 4.95283e-05 0.288543 0.000103347 12410000000 
250 0.72 0 496 22 100.921 0.122486 80.5615 0.125219 20.359 0.0149852 0.334424 0.000562267 0.250174 0.000121624 0.398948 6.4959e-05 0.34867 0.000145055 11910000000 
100 0.73 0 180 14 37.0765 0.0179737 29.7649 0.0184666 7.31159 0.00268721 0.343871 0.000244345 0.300397 8.25547e-05 0.39747 5.91709e-05 0.29569 0.000112774 12340000000 
250 0.73 0 471 24 97.5569 0.137969 77.4854 0.143966 20.0716 0.0160215 0.326324 0.000629374 0.243157 0.000134731 0.396585 8.05765e-05 0.358102 0.000160934 11630000000 
100 0.74 0 171 16 36.3255 0.0185046 29.0759 0.0190745 7.24962 0.00265273 0.339152 0.000264278 0.294829 8.34927e-05 0.396466 4.81154e-05 0.302383 0.000103126 12950000000 
250 0.74 0 442 23 94.129 0.110865 74.382 0.113405 19.747 0.0145845 0.318849 0.000563212 0.236017 0.000116621 0.393902 9.2186e-05 0.367995 0.000162167 11650000000 
100 0.75 0 162 16 35.5512 0.0162359 28.3656 0.0165012 7.18558 0.00256543 0.334192 0.000222155 0.289298 7.48818e-05 0.395289 5.77076e-05 0.309217 0.000100521 12450000000 
250 0.75 0 422 23 91.1293 0.153953 71.6558 0.156338 19.4735 0.0169989 0.311524 0.000829937 0.229457 0.000158217 0.391261 6.53717e-05 0.37725 0.000157391 11520000000 
100 0.76 0 162 14 34.8213 0.01774 27.6944 0.016836 7.12695 0.00249882 0.329291 0.000221337 0.28393 8.51906e-05 0.393886 5.79416e-05 0.316118 9.39768e-05 12630000000 
250 0.76 0 397 22 88.1027 0.124702 68.8871 0.113733 19.2156 0.016533 0.303729 0.000634042 0.222941 0.000160287 0.38823 7.32739e-05 0.386856 0.000185042 11750000000 
100 0.77 0 162 13 34.1309 0.0163026 27.0589 0.0167323 7.07204 0.00287177 0.324336 0.000229798 0.278798 8.78531e-05 0.392489 6.31972e-05 0.322766 0.000101205 12340000000 
250 0.77 0 377 21 85.5457 0.0987848 66.5737 0.105315 18.972 0.0150275 0.297168 0.000626804 0.217002 0.000126779 0.38525 7.01571e-05 0.395834 0.000144712 11610000000 
100 0.78 0 144 15 33.4296 0.0142699 26.4127 0.0148478 7.01686 0.00302431 0.319315 0.000267877 0.273556 7.10947e-05 0.390956 4.9461e-05 0.329676 8.89418e-05 12850000000 
250 0.78 0 363 19 83.1412 0.0955209 64.4042 0.0987153 18.737 0.013371 0.290985 0.000570095 0.211097 0.000111443 0.382114 7.68142e-05 0.404921 0.000174614 12030000000 
100 0.79 0 144 12 32.7888 0.0178725 25.8169 0.0182009 6.97192 0.00249369 0.314139 0.000274081 0.268665 8.92841e-05 0.389399 6.48396e-05 0.336219 0.000113812 12480000000 
250 0.79 0 339 21 80.5407 0.0881298 62.0006 0.0916415 18.5401 0.0129805 0.282588 0.000561139 0.205207 9.90234e-05 0.378684 8.33806e-05 0.414301 0.000150474 11640000000 
