50 0.25 1 0.109567 0.0012553 0.0277495 0.000555247 0.2295
50 0.5 1 0.139515 0.00153194 0.0380324 0.000659079 0.348689
50 0.75 1 0.143534 0.00168099 0.0379902 0.000750858 0.385329
100 0.25 1 0.0873405 0.00117321 0.0177195 0.000429325 0.225718
100 0.5 1 0.11418 0.00149426 0.0251839 0.000440689 0.356097
100 0.75 1 0.120044 0.00115745 0.0260882 0.000407595 0.396548
200 0.25 1 0.0725037 0.000832001 0.0118999 0.000244944 0.245425
200 0.5 1 0.09441 0.00115648 0.0172971 0.000302764 0.353132
400 0.25 1 0.0614871 0.000832213 0.00863458 0.000227393 0.238706
200 0.75 1 0.0983118 0.000970211 0.0178971 0.00028873 0.382767
400 0.5 1 0.0782073 0.000808983 0.0118324 0.000192356 0.355153
400 0.75 1 0.0841728 0.000761902 0.0128747 0.000193869 0.39427729
50 0.125 1 0.0815457 0.00122124 0.0171024 0.000538495 0.142698
100 0.125 1 0.0606747 0.000802229 0.00958141 0.000235828 0.132452
50 0.375 1 0.126199 0.001884 0.0334794 0.000913733 0.299275
50 0.625 1 0.143048 0.0013999 0.038317 0.000635998 0.375821
200 0.125 1 0.0510359 0.000649062 0.00673268 0.000165525 0.138382
50 0.875 1 0.144107 0.0016402 0.0376661 0.00066593 0.395412
50 1 1 0.142927 0.00131341 0.0368012 0.000543447 0.399503
100 0.375 1 0.105492 0.00114272 0.0230799 0.000395286 0.308687
100 0.625 1 0.119009 0.0012146 0.026258 0.000427129 0.382013
400 0.125 1 0.0406529 0.000650813 0.00431429 0.000127269 0.129828
100 0.875 1 0.119757 0.00108045 0.025794 0.000373723 0.40049
100 1 1 0.116944 0.00112276 0.0247639 0.000380154 0.396412
200 0.375 1 0.0850114 0.00122344 0.0149346 0.000315702 0.31116
200 0.625 1 0.0976443 0.000972535 0.0179563 0.000321013 0.372229
200 0.875 1 0.0979794 0.00103458 0.017472 0.000337287 0.39333
200 1 1 0.0984281 0.000880073 0.0174384 0.000254846 0.400006
400 0.375 1 0.0717741 0.000772219 0.0106895 0.000186961 0.30833
400 0.875 1 0.082516 0.000999502 0.0124529 0.000252419 0.390363
400 1 1 0.0836121 0.000774701 0.0124052 0.000182976 0.408515