1000 0.65 0 3930 68 685.964 1.37992 567.335 1.36984 118.629 0.165406 0.395441 0.000775208 0.270113 0.000107966 0.413889 4.77948e-05 0.315402 0.000100359 164900000000 
2500 0.65 0 12394 173 2111.21 15.0981 1756.44 15.1426 354.763 1.34625 0.405857 0.00252999 0.259247 0.00022395 0.414776 8.50416e-05 0.325751 0.000222685 79400000000 
3600 0.65 0 21179 1232 3403.86 56.5553 2859.34 58.6714 544.515 6.22207 0.424425 0.00517444 0.256861 0.000403957 0.414884 0.000193779 0.328101 0.000366113 46000000000 
4900 0.65 0 36398 7310 4938.81 137.288 4137.81 137.472 801 12.3297 0.418378 0.0095841 0.254962 0.00114236 0.415066 0.000482911 0.329861 0.000798802 29900000000 
1000 0.66 0 3548 61 636.149 1.39144 522.959 1.39787 113.19 0.169428 0.383345 0.000823424 0.259188 0.00011492 0.412335 6.7764e-05 0.32791 0.000112125 160000000000 
2500 0.66 0 10642 282 1861.27 14.1354 1530.35 13.9015 330.918 1.29832 0.383335 0.00258744 0.246713 0.000227428 0.412982 8.33397e-05 0.34009 0.000223766 73800000000 
3600 0.66 0 17181 1412 2850.67 54.7428 2342.51 56.3918 508.157 4.01016 0.378392 0.00712207 0.243485 0.000526735 0.413106 0.000223825 0.343263 0.000432117 44700000000 
4900 0.66 0 28081 3954 4321.28 153.998 3592.21 155.065 729.074 9.90682 0.3949 0.0109815 0.241128 0.000694678 0.413361 0.000244399 0.345405 0.000562578 29000000000 
1000 0.67 0 3176 59 587.949 1.09248 479.485 1.09799 108.464 0.130451 0.369033 0.00075523 0.248371 0.000119496 0.410446 5.65703e-05 0.340639 0.000141501 153400000000 
2500 0.67 0 8867 142 1648.61 13.4705 1342.44 13.4965 306.171 1.39881 0.364291 0.00339436 0.233838 0.000199795 0.410899 7.95768e-05 0.355061 0.000214383 70300000000 
3600 0.67 0 15069 1315 2572.09 44.6974 2107.05 45.3323 465.045 4.08504 0.370968 0.0056689 0.231174 0.000428202 0.411024 0.000183111 0.357665 0.00036206 41400000000 
4900 0.67 0 23888 3805 3779.5 124.247 3105.38 122.208 674.122 11.4763 0.372505 0.0104879 0.228616 0.000970106 0.410941 0.000365666 0.360343 0.000735601 26900000000 
1000 0.68 0 2830 54 543.134 1.04895 439.129 1.04961 104.005 0.126859 0.353893 0.000721732 0.237634 0.000116595 0.408079 5.35405e-05 0.353767 0.00013661 149000000000 
2500 0.68 0 7553 207 1467.28 13.1095 1180.04 13.1169 287.237 1.20935 0.343797 0.00304743 0.22192 0.000240237 0.40806 8.48538e-05 0.369829 0.000245264 68700000000 
3600 0.68 0 12875 1801 2224.95 42.0518 1797.07 42.966 427.883 3.91838 0.344697 0.00603862 0.218119 0.000487213 0.408014 0.000215071 0.373737 0.000383025 39800000000 
4900 0.68 0 24035 8777 3103.03 110.411 2503.95 110.71 599.073 10.2618 0.341034 0.010111 0.215069 0.00129933 0.407467 0.000514176 0.377371 0.000877385 25600000000 
1000 0.69 0 2553 54 506.89 1.10559 406.965 1.16864 99.9257 0.129757 0.342548 0.000851958 0.22739 0.000106829 0.405308 7.69162e-05 0.366807 0.000124497 150800000000 
2500 0.69 0 6381 133 1313.82 12.8961 1044.67 13.055 269.152 0.922405 0.324717 0.00297256 0.210021 0.000199829 0.404867 8.92562e-05 0.384933 0.000255667 66900000000 
3600 0.69 0 9614 500 1963.5 35.479 1558.92 35.8522 404.578 2.47265 0.320356 0.00531488 0.205907 0.00040012 0.404708 0.000128419 0.389266 0.000390948 38800000000 
4900 0.69 0 15065 3100 2681.52 114.888 2120.05 114.332 561.47 7.08871 0.305286 0.0104519 0.201989 0.000722594 0.404485 0.000281353 0.393442 0.000568638 24800000000 