200 0.5 0 0.563282 0.000985802 0.302571 0.000567194 0.102016 0.000522743 0.0227725 0.000233723 0.00264355 6.67936e-05 53700000000
200 0.51 0 0.556039 0.00135124 0.305315 0.000615034 0.104938 0.00060315 0.0241592 0.000280919 0.00291602 8.91426e-05 53700000000
200 0.52 0 0.547305 0.00100246 0.306815 0.000586157 0.10953 0.000540145 0.0261641 0.000256453 0.0035498 8.34037e-05 53800000000
200 0.53 0 0.533559 0.00102327 0.309928 0.000734265 0.115654 0.000538525 0.0299238 0.000319309 0.00430664 9.98849e-05 53700000000
200 0.54 0 0.519946 0.001212 0.312034 0.000666756 0.122049 0.000576695 0.0339727 0.000408375 0.00545605 0.00013726 53600000000
200 0.545 0 0.511924 0.000201636 0.313557 6.88053e-05 0.125631 8.82586e-05 0.0362018 7.07415e-05 0.0062313 2.33133e-05 15200000000 
200 0.55 0 0.503118 0.001128 0.315229 0.000607681 0.129088 0.000605465 0.0389111 0.000408477 0.00716895 0.000172931 53400000000
200 0.555 0 0.493238 0.000212693 0.315037 7.05177e-05 0.134303 0.000105999 0.0426168 8.42382e-05 0.00845472 3.63028e-05 14800000000 
200 0.56 0 0.481694 0.00172114 0.314991 0.000602057 0.139645 0.000899131 0.0471631 0.000716384 0.0101257 0.00023476 43900000000
200 0.57 0 0.454823 0.00163051 0.313735 0.000773533 0.151979 0.000782734 0.058479 0.000763692 0.014895 0.000422912 43400000000
200 0.58 0 0.410862 0.00170006 0.30989 0.000831677 0.170284 0.000807717 0.0780188 0.000990691 0.0249963 0.000635049 42400000000
200 0.59 0 0.360849 0.00194309 0.300255 0.000844939 0.189736 0.000950455 0.103538 0.00112769 0.0400534 0.000793877 40800000000
200 0.6 0 0.306008 0.00169565 0.287819 0.000835639 0.208329 0.000885309 0.132909 0.00106479 0.0598034 0.000854277 40400000000
200 0.61 0 0.258064 0.00155847 0.274053 0.000783536 0.223383 0.000683337 0.159734 0.000922195 0.0800823 0.000868304 38100000000
200 0.62 0 0.223503 0.00125417 0.259586 0.000760793 0.232822 0.000607447 0.180889 0.000813701 0.0989035 0.000793439 36400000000
200 0.63 0 0.202036 0.00114785 0.25175 0.000683469 0.236889 0.000590612 0.192831 0.000886668 0.112575 0.000904616 35200000000
200 0.64 0 0.183553 0.000855633 0.243339 0.000576234 0.238931 0.000569263 0.204673 0.00058541 0.125648 0.000758522 40700000000
200 0.65 0 0.172191 0.000728786 0.237454 0.000631219 0.240227 0.000534967 0.210223 0.0005983 0.136371 0.000737606 39800000000
200 0.66 0 0.161473 0.000677497 0.231702 0.000548048 0.239858 0.000730869 0.216962 0.0007215 0.146586 0.000754818 39000000000
200 0.67 0 0.153161 0.000667552 0.228301 0.000526431 0.239177 0.000660409 0.220878 0.000670295 0.155243 0.000713805 38300000000
200 0.68 0 0.146803 0.000556715 0.224454 0.000548029 0.240013 0.000538955 0.224316 0.000508602 0.161314 0.000790558 39900000000
200 0.69 0 0.14072 0.000627911 0.221284 0.000492444 0.239029 0.000540982 0.226927 0.000491309 0.1691 0.000786138 39400000000
