100 0 0 0.36472 9.9635e-05 0.369087 7.28157e-05 0.18458 6.81002e-05 0.060409 3.80988e-05 0.0115279 1.85971e-05 68352000000 
1200 0 0 0.360365 9.80389e-05 0.37371 8.45963e-05 0.190248 6.06491e-05 0.0628654 5.89452e-05 0.0120142 2.43774e-05 71310000000 
300 0 0 0.36158 5.95637e-05 0.372398 4.44445e-05 0.188712 4.11888e-05 0.0622298 2.44853e-05 0.0118781 1.12402e-05 61804000000 
600 0 0 0.360786 7.41677e-05 0.373177 5.03329e-05 0.189774 4.70972e-05 0.06268 3.38006e-05 0.0119857 1.36567e-05 58492000000 
100 0.1 0 0.306606 0.000109409 0.36302 6.79473e-05 0.214722 6.63244e-05 0.085455 5.69235e-05 0.0216648 2.85502e-05 63826000000 
1200 0.1 0 0.299394 9.59347e-05 0.365874 7.46121e-05 0.221523 6.74281e-05 0.089598 9.05454e-05 0.0229103 4.29931e-05 66219000000 
300 0.1 0 0.301284 7.81783e-05 0.365155 4.71018e-05 0.219748 4.16647e-05 0.0884568 3.32768e-05 0.0225447 1.71677e-05 57990000000 
600 0.1 0 0.299873 7.58179e-05 0.365596 5.88634e-05 0.220991 4.91339e-05 0.0893116 4.49203e-05 0.0228263 2.1853e-05 53798000000 
100 0.2 0 0.245857 8.43945e-05 0.343218 6.62243e-05 0.242963 6.01779e-05 0.119478 5.83652e-05 0.0412345 3.81543e-05 62206000000 
1200 0.2 0 0.234973 0.000116615 0.342393 8.96641e-05 0.250797 7.54829e-05 0.126794 0.00010107 0.0444563 4.50979e-05 62418000000 
300 0.2 0 0.237902 6.94388e-05 0.342455 4.76609e-05 0.248691 4.70424e-05 0.124993 5.03881e-05 0.0435854 2.72827e-05 58389000000 
600 0.2 0 0.235869 6.7733e-05 0.342346 7.46971e-05 0.250118 4.96148e-05 0.126281 6.38101e-05 0.0442065 3.93608e-05 54215000000 
100 0.3 0 0.18463 7.21937e-05 0.30561 0.000121857 0.262341 6.01349e-05 0.162921 7.53356e-05 0.0786718 6.00676e-05 62657000000 
1200 0.3 0 0.166865 8.96544e-05 0.294994 9.10172e-05 0.270242 6.72303e-05 0.178256 7.97545e-05 0.0891861 7.65925e-05 56409000000 
300 0.3 0 0.171486 5.2116e-05 0.297712 5.08729e-05 0.268134 3.99546e-05 0.174282 4.49167e-05 0.0865256 5.34395e-05 56255000000 
600 0.3 0 0.168363 6.70295e-05 0.295908 7.23956e-05 0.269578 5.65263e-05 0.177003 5.60406e-05 0.0882264 6.03483e-05 46640000000 
100 0.32 0 0.172463 0.000257542 0.295548 0.000311818 0.264516 0.000192168 0.172464 0.000184395 0.0894902 0.000222816 9068000000 
1200 0.32 0 0.152405 0.000307298 0.281132 0.000353848 0.271818 0.000221381 0.190608 0.000309005 0.103605 0.000284953 4965000000 
300 0.32 0 0.157937 0.000140188 0.285237 0.000177146 0.269885 0.000117971 0.185625 0.000147751 0.0995643 0.000130227 7975000000 
600 0.32 0 0.15418 0.000170159 0.282686 0.000196765 0.27109 0.000125088 0.189259 0.000166853 0.101926 0.00016172 6794000000 
100 0.34 0 0.160693 0.000215278 0.285429 0.000205343 0.265437 0.000157491 0.18176 0.000175789 0.101437 0.000225206 8916000000 
1200 0.34 0 0.137491 0.000293453 0.26618 0.000433676 0.272051 0.000209778 0.203613 0.000389038 0.120269 0.000299806 4713000000 
300 0.34 0 0.144619 0.000132397 0.272102 0.000143219 0.270028 0.000116524 0.197322 0.000122373 0.114295 0.00016253 7987000000 
600 0.34 0 0.140206 0.000175267 0.268086 0.000189356 0.271285 0.000128925 0.201619 0.00016836 0.118005 0.000173483 6780000000 
100 0.36 0 0.149487 0.000194976 0.274106 0.000209997 0.265299 0.000168239 0.191326 0.000181656 0.114886 0.000247752 8750000000 
1200 0.36 0 0.123194 9.35358e-05 0.249439 9.48952e-05 0.270175 6.81517e-05 0.217437 9.74009e-05 0.139393 0.000108911 51518000000 
300 0.36 0 0.131024 0.000136517 0.257406 0.000185231 0.268864 0.000105297 0.209376 0.000139682 0.131825 0.000170274 7775000000 
600 0.36 0 0.125961 0.000167504 0.252225 0.000173675 0.269747 0.0001461 0.214594 0.000194678 0.136742 0.000251417 6831000000 
100 0.38 0 0.138172 0.000174576 0.262728 0.000192301 0.264325 0.000200643 0.200402 0.000187625 0.12976 0.000215632 9084000000 
1200 0.38 0 0.108 8.5025e-05 0.23035 0.000105396 0.266494 6.25035e-05 0.231977 0.00010194 0.162854 0.000115047 49312000000 
300 0.38 0 0.117972 0.00011552 0.24165 0.000187369 0.266131 0.000119092 0.221343 0.000139969 0.151511 0.000226828 7975000000 
600 0.38 0 0.111503 0.000159387 0.234576 0.000209278 0.266555 0.000120226 0.227984 0.000172257 0.158717 0.000240186 6641000000 
100 0.4 0 0.128033 6.0636e-05 0.250946 7.19637e-05 0.262396 6.31666e-05 0.208796 6.18577e-05 0.145509 8.79554e-05 65262000000 
1200 0.4 0 0.0930336 7.7475e-05 0.209692 0.000102458 0.260427 6.69065e-05 0.246495 9.05205e-05 0.190066 0.000124154 46776000000 
300 0.4 0 0.105354 4.54669e-05 0.225113 5.60735e-05 0.261781 4.04973e-05 0.23285 4.9311e-05 0.173638 6.49195e-05 53716000000 
600 0.4 0 0.0976756 5.3349e-05 0.215694 8.7257e-05 0.261082 4.50011e-05 0.241255 6.11792e-05 0.1837 0.000113652 42115000000 
100 0.41 0 0.123055 4.39033e-05 0.245041 8.15225e-05 0.260955 7.05262e-05 0.212835 5.59315e-05 0.153929 7.29019e-05 108203000000 
300 0.41 0 0.0992651 2.96178e-05 0.216706 4.06379e-05 0.258885 3.38782e-05 0.238316 3.62452e-05 0.185626 5.58616e-05 94935000000 
600 0.41 0 0.0909247 5.08119e-05 0.20588 7.66536e-05 0.257444 4.18309e-05 0.247584 9.43352e-05 0.197607 8.09177e-05 48739000000 
100 0.42 0 0.118255 5.28214e-05 0.23919 6.52223e-05 0.259368 5.07325e-05 0.216522 5.07775e-05 0.162626 8.73283e-05 104597000000 
1200 0.42 0 0.0786033 7.37315e-05 0.18769 9.65907e-05 0.25163 6.6329e-05 0.260379 7.46961e-05 0.221454 0.000132237 43916000000 
300 0.42 0 0.093423 3.2382e-05 0.20833 4.17031e-05 0.255595 3.96226e-05 0.243458 3.91004e-05 0.198053 5.45769e-05 88320000000 
600 0.42 0 0.084469 4.59401e-05 0.196108 6.9691e-05 0.253339 4.1386e-05 0.25353 5.33241e-05 0.212029 9.57391e-05 48162000000 
100 0.43 0 0.113609 5.44042e-05 0.233447 6.7751e-05 0.257478 4.53911e-05 0.220106 7.03906e-05 0.171468 7.19023e-05 106935000000 
300 0.43 0 0.0878869 2.93574e-05 0.199933 6.57549e-05 0.251867 3.78065e-05 0.24815 3.75836e-05 0.211082 8.3975e-05 84849000000 
600 0.43 0 0.0782043 4.3263e-05 0.186145 7.47397e-05 0.248647 5.39255e-05 0.259259 5.68005e-05 0.227255 9.58978e-05 46961000000 
100 0.44 0 0.109143 6.11185e-05 0.22759 6.2009e-05 0.255372 4.98375e-05 0.223417 4.6194e-05 0.180727 0.000105308 103572000000 
1200 0.44 0 0.0652589 6.38268e-05 0.165718 0.000105148 0.240312 7.22933e-05 0.27248 8.50037e-05 0.256025 0.000144186 41085000000 
300 0.44 0 0.0826079 3.02673e-05 0.19177 5.05595e-05 0.247739 3.81456e-05 0.252442 4.63287e-05 0.224414 6.87732e-05 85324000000 
600 0.44 0 0.0724663 4.98246e-05 0.176637 8.51808e-05 0.243484 4.9607e-05 0.26428 6.3266e-05 0.242676 9.60576e-05 45880000000 
100 0.45 0 0.104966 4.64313e-05 0.222081 6.40729e-05 0.253087 4.57939e-05 0.226316 5.125e-05 0.189927 8.93748e-05 105360000000 
300 0.45 0 0.0776704 2.8271e-05 0.183833 4.26061e-05 0.243348 3.64246e-05 0.256276 3.7202e-05 0.237902 6.81427e-05 84331000000 
600 0.45 0 0.0670493 3.76291e-05 0.167431 6.594e-05 0.238082 4.17773e-05 0.268465 5.24708e-05 0.258545 8.92491e-05 46059000000 
100 0.46 0 0.100868 3.67582e-05 0.216491 6.92883e-05 0.250705 5.06824e-05 0.229023 5.1542e-05 0.199417 7.75459e-05 104655000000 
1200 0.46 0 0.0541235 4.57083e-05 0.145209 0.000119832 0.227093 6.79006e-05 0.281572 7.86267e-05 0.291831 0.000154478 38447000000 
300 0.46 0 0.0730724 2.4767e-05 0.176034 4.72995e-05 0.238616 3.42566e-05 0.259631 3.64894e-05 0.25173 6.87443e-05 85215000000 
600 0.46 0 0.0620145 4.68646e-05 0.158401 6.72572e-05 0.232166 4.43691e-05 0.272333 5.43741e-05 0.274688 0.000108323 44986000000 
100 0.47 0 0.0969524 5.21985e-05 0.211031 8.038e-05 0.24801 5.90774e-05 0.231505 4.95801e-05 0.20914 9.91588e-05 106915000000 
300 0.47 0 0.068783 2.60667e-05 0.168675 4.1236e-05 0.233807 4.39416e-05 0.262349 3.86107e-05 0.265519 6.93179e-05 83266000000 
600 0.47 0 0.057558 3.44271e-05 0.150137 6.13099e-05 0.226255 4.6333e-05 0.275221 5.04372e-05 0.290461 9.91379e-05 44400000000 
100 0.48 0 0.0933879 3.66374e-05 0.205813 6.73606e-05 0.245305 5.32576e-05 0.233497 5.38356e-05 0.218762 9.14854e-05 89531000000 
1200 0.48 0 0.045358 4.36241e-05 0.127837 8.06494e-05 0.213206 5.71388e-05 0.286887 5.2712e-05 0.326568 0.000134081 36736000000 
300 0.48 0 0.0648175 2.27293e-05 0.16164 4.65129e-05 0.228774 4.01462e-05 0.264594 3.5136e-05 0.279354 8.20683e-05 84514000000 
600 0.48 0 0.0534446 3.03092e-05 0.142181 5.58598e-05 0.220099 4.45822e-05 0.277498 4.26932e-05 0.306434 9.39892e-05 43917000000 
100 0.49 0 0.0898253 5.13513e-05 0.200827 8.93967e-05 0.242436 5.40896e-05 0.235232 5.13457e-05 0.228554 0.000131844 90020000000 
300 0.49 0 0.0612138 2.32828e-05 0.155067 3.81522e-05 0.223662 3.8195e-05 0.266119 3.81426e-05 0.293165 7.12501e-05 81279000000 
600 0.49 0 0.0497808 4.14541e-05 0.134848 5.76408e-05 0.213754 4.54837e-05 0.279054 5.99715e-05 0.322244 0.000111579 44009000000 
100 0.5 0 0.0866526 3.74873e-05 0.196017 5.5517e-05 0.239487 5.11732e-05 0.236599 6.34113e-05 0.238246 9.0008e-05 88592000000 
1200 0.5 0 0.0385178 3.35002e-05 0.112962 6.70814e-05 0.199263 5.69925e-05 0.288985 4.98949e-05 0.360151 0.000123442 35749000000 
300 0.5 0 0.0579104 2.2275e-05 0.148798 5.18925e-05 0.218458 4.11741e-05 0.267296 5.05982e-05 0.306806 7.73915e-05 80907000000 
600 0.5 0 0.0465056 3.3445e-05 0.128127 5.44472e-05 0.207647 4.49553e-05 0.27992 4.39732e-05 0.3375 0.000103845 43378000000 
100 0.51 0 0.0835533 3.58509e-05 0.191287 5.60794e-05 0.236512 5.07666e-05 0.237767 5.81074e-05 0.247996 9.03652e-05 89803000000 
300 0.51 0 0.0548922 2.07504e-05 0.143007 3.68648e-05 0.213317 4.404e-05 0.267821 4.10162e-05 0.320268 7.26344e-05 82159000000 
600 0.51 0 0.0436357 2.4205e-05 0.121955 5.76069e-05 0.201524 5.08925e-05 0.280075 4.12104e-05 0.35253 0.000104744 45096000000 
100 0.52 0 0.0806885 3.47986e-05 0.186961 6.62368e-05 0.233591 7.07125e-05 0.238561 7.64379e-05 0.257414 8.84054e-05 88840000000 
1200 0.52 0 0.0331029 2.65894e-05 0.100385 5.79595e-05 0.185663 5.29892e-05 0.28845 3.87072e-05 0.392296 0.000117339 34354000000 
300 0.52 0 0.0521521 1.84716e-05 0.137538 3.49267e-05 0.208196 3.6085e-05 0.267998 3.86121e-05 0.333458 6.98933e-05 84612000000 
600 0.52 0 0.0409629 2.58796e-05 0.116152 7.28249e-05 0.195417 6.15236e-05 0.279829 3.8555e-05 0.367377 0.000131312 44283000000 
100 0.53 0 0.078008 4.58224e-05 0.182717 6.33764e-05 0.230408 5.27904e-05 0.239075 5.4241e-05 0.26711 0.000103015 89779000000 
300 0.53 0 0.0496472 2.07721e-05 0.132513 3.70316e-05 0.203155 4.43728e-05 0.267562 3.52635e-05 0.346499 7.81382e-05 84705000000 
600 0.53 0 0.0386349 2.17078e-05 0.110829 4.15006e-05 0.189538 4.12686e-05 0.27903 3.70891e-05 0.381723 9.5207e-05 43409000000 
100 0.54 0 0.0754448 3.3349e-05 0.178681 4.97734e-05 0.227321 5.84795e-05 0.23937 6.56927e-05 0.276602 9.6125e-05 89539000000 
1200 0.54 0 0.0289812 3.08527e-05 0.0901485 5.93515e-05 0.172831 6.03529e-05 0.285463 4.29868e-05 0.422487 0.000135285 33640000000 
300 0.54 0 0.0474009 1.72046e-05 0.12783 3.52456e-05 0.198211 3.46093e-05 0.266766 3.56515e-05 0.3592 7.65323e-05 82821000000 
600 0.54 0 0.0365355 1.91857e-05 0.106032 4.64908e-05 0.183835 4.78291e-05 0.2777 3.7705e-05 0.395667 0.000101888 43873000000 
100 0.55 0 0.0729727 3.86481e-05 0.174889 4.94094e-05 0.22426 5.367e-05 0.239273 4.97991e-05 0.286124 9.82171e-05 90741000000 
300 0.55 0 0.0453245 1.87316e-05 0.12348 3.06265e-05 0.193339 3.70706e-05 0.265583 4.40247e-05 0.37171 7.15026e-05 84336000000 
600 0.55 0 0.0346814 1.76484e-05 0.101554 3.7715e-05 0.178207 4.31252e-05 0.27602 3.92617e-05 0.40932 8.87043e-05 43073000000 
100 0.56 0 0.0707997 3.51929e-05 0.171328 4.86926e-05 0.221361 6.20764e-05 0.238978 5.30433e-05 0.295146 0.000100184 88179000000 
1200 0.56 0 0.0256986 2.65206e-05 0.0815303 4.86208e-05 0.160915 5.31715e-05 0.280792 4.08546e-05 0.450987 0.000124783 33190000000 
300 0.56 0 0.043416 1.63929e-05 0.119444 3.23589e-05 0.188667 3.49187e-05 0.264126 4.69663e-05 0.38381 7.84977e-05 81526000000 
600 0.56 0 0.032971 2.3605e-05 0.097469 3.71067e-05 0.172916 5.34445e-05 0.273912 3.9262e-05 0.422527 0.000102683 42807000000 
100 0.57 0 0.0687274 3.31421e-05 0.167895 4.52565e-05 0.218294 5.91524e-05 0.238454 5.54607e-05 0.304319 0.000107306 90745000000 
300 0.57 0 0.0416635 1.47267e-05 0.115749 2.78688e-05 0.184076 3.42845e-05 0.262259 3.93134e-05 0.395743 7.13104e-05 83269000000 
600 0.57 0 0.031439 1.72639e-05 0.0937214 4.00449e-05 0.16771 4.87129e-05 0.271477 4.64201e-05 0.435459 9.97413e-05 42510000000 
100 0.58 0 0.0667554 3.80905e-05 0.164575 4.54289e-05 0.21536 5.03322e-05 0.237653 6.56329e-05 0.313427 9.50887e-05 88290000000 
1200 0.58 0 0.0230184 1.66702e-05 0.0742357 4.12904e-05 0.149781 4.8926e-05 0.274842 3.58286e-05 0.478054 0.000107431 32876000000 
300 0.58 0 0.040105 1.68705e-05 0.112308 3.19282e-05 0.179632 3.96717e-05 0.260274 4.36478e-05 0.407194 7.90107e-05 82814000000 
600 0.58 0 0.0300763 1.67004e-05 0.0902871 3.56826e-05 0.162701 4.51911e-05 0.268883 5.1924e-05 0.447871 9.53295e-05 41864000000 
100 0.59 0 0.0649039 3.53138e-05 0.161652 4.51621e-05 0.212538 5.99123e-05 0.236754 5.57347e-05 0.322001 9.77546e-05 89735000000 
300 0.59 0 0.0386315 1.56616e-05 0.109079 2.79976e-05 0.175456 3.76772e-05 0.257944 3.70821e-05 0.418426 7.53262e-05 81814000000 
600 0.59 0 0.0287652 1.51934e-05 0.0870036 2.92361e-05 0.157834 3.54618e-05 0.26596 3.75983e-05 0.460262 7.68364e-05 61035000000 
100 0.6 0 0.0631038 3.30087e-05 0.158815 5.23008e-05 0.209829 7.0076e-05 0.235459 6.30184e-05 0.330729 0.000114673 65850000000 
1200 0.6 0 0.0208931 1.70581e-05 0.0681774 4.95768e-05 0.139672 5.37835e-05 0.26788 3.67831e-05 0.503316 0.000120962 32300000000 
300 0.6 0 0.0373294 1.87373e-05 0.106144 4.68014e-05 0.171427 6.36677e-05 0.255384 4.94109e-05 0.429272 9.58215e-05 45780000000 
600 0.6 0 0.0276327 1.98774e-05 0.0841359 3.69772e-05 0.153323 4.61971e-05 0.262802 4.89615e-05 0.471941 0.000109587 32486000000 
100 0.7 0 0.0505706 2.83613e-05 0.138635 5.27975e-05 0.187026 5.60337e-05 0.217194 7.43356e-05 0.405098 0.000112197 67271000000 
1200 0.7 0 0.0145338 1.05614e-05 0.0494259 2.50528e-05 0.101532 3.94002e-05 0.22619 4.49625e-05 0.608279 9.7839e-05 31094000000 
300 0.7 0 0.028278 1.54757e-05 0.0863398 2.67333e-05 0.139639 3.70131e-05 0.223661 6.68153e-05 0.521787 9.7989e-05 46348000000 
600 0.7 0 0.0201307 1.1804e-05 0.0648465 2.67523e-05 0.117876 5.24869e-05 0.225262 5.0499e-05 0.571778 0.000109314 31185000000 
100 0.8 0 0.0429234 2.65133e-05 0.127653 3.58546e-05 0.172676 4.76659e-05 0.194335 6.46142e-05 0.461331 9.78094e-05 66885000000 
1200 0.8 0 0.0114376 9.36361e-06 0.0408205 2.42264e-05 0.0791783 3.61906e-05 0.184102 5.73782e-05 0.684435 0.000106675 30723000000 
300 0.8 0 0.0232946 1.2982e-05 0.0764207 2.34136e-05 0.120643 3.24811e-05 0.18997 5.71615e-05 0.589465 8.48214e-05 44132000000 
600 0.8 0 0.0162589 1.02702e-05 0.0556659 2.37609e-05 0.0969225 3.25797e-05 0.18679 5.99471e-05 0.644289 8.98267e-05 29970000000 
100 0.9 0 0.0376455 2.66931e-05 0.12141 3.21226e-05 0.164258 4.90289e-05 0.172587 6.06425e-05 0.503281 8.79963e-05 68813000000 
1200 0.9 0 0.00957677 7.30648e-06 0.0365112 1.67308e-05 0.0665517 3.0091e-05 0.148311 6.15954e-05 0.73903 9.8319e-05 30259000000 
300 0.9 0 0.0199974 1.40797e-05 0.0710501 2.13166e-05 0.109839 3.89024e-05 0.16046 5.26188e-05 0.638502 7.25903e-05 44804000000 
600 0.9 0 0.0137565 9.77345e-06 0.0508048 2.13103e-05 0.0850411 2.81373e-05 0.153621 6.60442e-05 0.696724 9.04452e-05 29911000000 
