200 0.2 0 0.554289 0.000263607 0.310744 0.000146515 0.104181 0.000135547 0.0219185 5.49287e-05 0.00224872 1.43526e-05 8767000000 
200 0.22 0 0.537538 0.000313845 0.316458 0.000146842 0.111761 0.000145616 0.025001 7.65624e-05 0.00273842 2.05992e-05 8565000000 
200 0.24 0 0.520316 0.000274123 0.321424 0.000137164 0.119921 0.000149328 0.0285967 6.90081e-05 0.00337439 1.91334e-05 8627000000 
200 0.26 0 0.501315 0.000292433 0.326097 0.00015551 0.129148 0.0001739 0.0329873 7.92922e-05 0.00422543 2.12426e-05 8466000000 
200 0.28 0 0.479662 0.000258113 0.330927 0.000133727 0.139545 0.000138754 0.0384271 8.69027e-05 0.00535522 2.55525e-05 8819000000 
200 0.3 0 0.457012 0.000321738 0.334093 0.000160124 0.151047 0.000167869 0.0450358 0.000107552 0.00688733 2.74882e-05 8854000000 
200 0.32 0 0.432179 0.000269902 0.336705 0.00013567 0.163201 0.000152287 0.0532029 0.000103535 0.00900063 3.81687e-05 8390000000 
200 0.33 0 0.418915 0.000207535 0.337184 9.43678e-05 0.170109 0.000115629 0.0578548 9.81963e-05 0.0103221 2.97086e-05 15725000000 
200 0.34 0 0.405391 0.000274821 0.337362 0.000167265 0.176852 0.00016196 0.0630059 0.00011922 0.0118712 4.18813e-05 8731000000 
200 0.35 0 0.390943 0.000221527 0.337122 9.60067e-05 0.184069 0.000114657 0.068783 8.80476e-05 0.0136757 3.58689e-05 16159000000 
200 0.36 0 0.375953 0.000330612 0.336406 0.000146101 0.19138 0.00015223 0.0751549 0.000129316 0.0158336 5.5935e-05 8638000000 
200 0.38 0 0.345347 0.000285705 0.332538 0.000157628 0.206045 0.000159607 0.0897188 0.00014569 0.0213386 6.29153e-05 8179000000 
200 0.4 0 0.314764 0.000276024 0.326115 0.000146193 0.21999 0.00015455 0.106082 0.000157296 0.02831 8.16005e-05 8250000000 
200 0.42 0 0.284899 0.0002818 0.317302 0.000187639 0.232358 0.000176002 0.123778 0.000167516 0.0372116 9.51852e-05 7962000000 
200 0.44 0 0.257231 0.000221616 0.306716 0.000153935 0.242254 0.00014655 0.141879 0.000157876 0.0477806 0.000106065 8058000000 
200 0.46 0 0.23389 0.000230257 0.295811 0.000158933 0.248969 0.000141342 0.158467 0.000168881 0.0589824 0.000124809 7718000000 
200 0.48 0 0.213641 0.00018879 0.285174 0.000155761 0.253227 0.000136976 0.173258 0.000150021 0.071073 0.000125932 7792000000 
200 0.5 0 0.196573 0.000167879 0.274506 0.000142751 0.255536 0.000137615 0.186558 0.000146978 0.0834622 0.000142473 7631000000 
