100 0 0 0.678431 0.000494753 0.247666 0.000344237 0.0520025 0.000171525 0.00651511 6.36443e-05 0.000365062 1.05507e-05 356000000000
1200 0 0 0.675285 0.000586701 0.258578 0.000392212 0.0570525 0.000192106 0.00741919 5.12675e-05 0.000422986 9.0571e-06 45200000000
300 0 0 0.675135 0.000298844 0.25619 0.000210407 0.0560491 0.000108105 0.00721944 3.234e-05 0.000423686 6.74169e-06 347700000000
600 0 0 0.675177 6.8325e-05 0.257915 4.82284e-05 0.0566269 3.0062e-05 0.00735196 8.15633e-06 0.00043795 1.69142e-06 3066500000000
100 0.1 0 0.677127 0.00260019 0.248564 0.00202492 0.0520913 0.000827208 0.00677885 0.000275274 0.000420673 4.94365e-05 17600000000
1200 0.1 0 0.672592 0.000366319 0.260512 0.00026682 0.0576339 0.000143582 0.00756388 4.77171e-05 0.00046814 1.10473e-05 43300000000
300 0.1 0 0.675176 0.0011625 0.255599 0.000824564 0.0567665 0.000475048 0.00717231 0.000156482 0.000457899 3.83152e-05 16800000000
600 0.1 0 0.672574 0.000193721 0.259351 0.000138105 0.0575586 8.54316e-05 0.00757762 2.68959e-05 0.000460925 7.11118e-06 284500000000
100 0.2 0 0.667987 0.00213319 0.254447 0.00153045 0.0547236 0.000921594 0.0071274 0.000300104 0.000378606 5.31931e-05 17600000000
1200 0.2 0 0.663691 0.000547334 0.265255 0.000418616 0.0610547 0.000220501 0.00826579 5.89945e-05 0.000502116 1.41118e-05 31900000000
300 0.2 0 0.664642 0.00117766 0.261938 0.000931293 0.0598351 0.000530957 0.00807509 0.000189963 0.000583767 3.80187e-05 16900000000
600 0.2 0 0.664012 0.000225026 0.26406 0.000151586 0.0606613 9.1839e-05 0.00827856 2.70894e-05 0.00052171 5.99333e-06 285500000000
100 0.3 0 0.65488 0.00190991 0.261166 0.00149908 0.060006 0.000789984 0.00864183 0.000269923 0.000582933 7.53556e-05 17700000000
1200 0.3 0 0.646692 0.000630809 0.274292 0.000424432 0.0673299 0.000259482 0.00979574 5.73911e-05 0.000681152 1.32039e-05 43400000000
300 0.3 0 0.648023 0.00115366 0.270367 0.000809047 0.0663867 0.00055068 0.00974826 0.000175765 0.000655382 4.48832e-05 17000000000
600 0.3 0 0.647708 0.00021985 0.272817 0.000177223 0.0666252 9.54722e-05 0.0097531 3.13341e-05 0.000666692 9.77147e-06 286500000000
100 0.4 0 0.626653 0.00217302 0.274615 0.00148583 0.0719411 0.00104814 0.0113822 0.000354984 0.000997596 0.000110261 17700000000
1200 0.4 0 0.616237 0.000498826 0.288414 0.000328028 0.0795135 0.000217569 0.0135491 9.34957e-05 0.00110588 2.29877e-05 28600000000
300 0.4 0 0.619527 0.00167349 0.284442 0.000964018 0.0772938 0.000860626 0.013036 0.000278141 0.00109158 5.11536e-05 17000000000
600 0.4 0 0.617359 0.000231609 0.286961 0.000153361 0.0789354 0.000110375 0.013313 4.0905e-05 0.00107387 8.51213e-06 287300000000
1200 0.46 0 0.58468 0.00045856 0.300855 0.000262296 0.0931064 0.000283674 0.0183954 0.000116607 0.00181985 2.26098e-05 44900000000
100 0.47 0 0.593317 0.00269346 0.289772 0.00189905 0.0852163 0.00106982 0.0164423 0.000443945 0.00173077 0.000146376 17700000000
300 0.47 0 0.582105 0.00136512 0.299455 0.000815726 0.0937066 0.000656174 0.018444 0.000285066 0.00167101 7.95487e-05 17000000000
600 0.47 0 0.579435 0.000339285 0.301596 0.000165217 0.0953605 0.000168966 0.0193313 7.71311e-05 0.00199958 1.43981e-05 253400000000
100 0.48 0 0.592368 0.00259273 0.289044 0.00150882 0.0864062 0.00124212 0.0169111 0.000559861 0.00171875 0.000134058 17700000000
1200 0.48 0 0.569417 0.000470908 0.305578 0.000273421 0.100314 0.000213489 0.0212305 0.000104914 0.00232594 2.79393e-05 45000000000
300 0.48 0 0.576708 0.00201958 0.300697 0.00136931 0.0962218 0.000709463 0.0196766 0.000398284 0.00213108 8.13537e-05 17000000000
600 0.48 0 0.572369 0.000260492 0.303896 0.000158687 0.0985686 0.000129326 0.0206504 5.62742e-05 0.00224691 1.51579e-05 253000000000
100 0.49 0 0.582446 0.00247948 0.292194 0.00150081 0.0916827 0.00115207 0.0179928 0.000478655 0.00188101 0.000135716 17700000000
1200 0.49 0 0.5619 0.000540267 0.307721 0.000297564 0.103841 0.000215312 0.0228058 0.000118179 0.00259766 3.81856e-05 45000000000
300 0.49 0 0.568353 0.00142879 0.303251 0.000881816 0.100082 0.000782641 0.0214518 0.000315787 0.00231988 0.000102591 17000000000
600 0.49 0 0.563526 0.000255742 0.306508 0.000151869 0.102626 0.000159026 0.0224981 6.98888e-05 0.00259359 1.76797e-05 252800000000
100 0.5 0 0.573209 0.00257402 0.296478 0.00184494 0.0945733 0.00107374 0.0197656 0.000570755 0.00227764 0.000148197 17700000000
1200 0.5 0 0.551375 0.000786943 0.310365 0.000428634 0.108864 0.000340462 0.02515 0.000142983 0.00313829 4.16879e-05 31700000000
300 0.5 0 0.55865 0.00156813 0.306109 0.00115027 0.103989 0.000779282 0.0238368 0.000359786 0.00293403 0.000102431 17000000000
600 0.5 0 0.554663 0.000268002 0.308877 0.00015578 0.106794 0.000195768 0.0244434 7.314e-05 0.00297987 1.9985e-05 252600000000
100 0.51 0 0.570817 0.00225214 0.296328 0.00141924 0.0960757 0.00124598 0.0207392 0.000531879 0.00227764 0.000153905 17800000000
1200 0.51 0 0.541121 0.000493808 0.312829 0.000251052 0.113554 0.000250048 0.0276708 0.000133348 0.00371285 4.19356e-05 44700000000
300 0.51 0 0.553012 0.00146456 0.307253 0.000827887 0.107496 0.000830848 0.0247721 0.000450614 0.00309462 0.000108882 17000000000
600 0.51 0 0.543797 0.000290372 0.311596 0.00015631 0.111797 0.000156269 0.0270244 7.63121e-05 0.00356337 2.34921e-05 255100000000
100 0.52 0 0.561232 0.00232188 0.29887 0.00137307 0.100962 0.00126592 0.0226442 0.00059236 0.00272236 0.000176188 17800000000
1200 0.52 0 0.527872 0.000490948 0.315888 0.000247651 0.119406 0.000266373 0.0311707 0.000152257 0.00455633 5.28555e-05 44900000000
300 0.52 0 0.53895 0.00165627 0.310026 0.000844188 0.114221 0.000856691 0.028418 0.000426929 0.00395182 0.000143631 17000000000
600 0.52 0 0.531506 0.00136083 0.313705 0.00043399 0.117681 0.000708013 0.030512 0.000399277 0.00439927 9.26842e-05 30400000000
1200 0.525 0 0.519041 0.000625189 0.316171 0.000217415 0.124013 0.000294515 0.0341484 0.000244083 0.00553783 0.000133935 7200000000 
100 0.53 0 0.553071 0.00232637 0.299381 0.00142372 0.106454 0.00120068 0.0243149 0.00057425 0.00337139 0.000232863 17700000000
1200 0.53 0 0.505801 0.00135602 0.316654 0.000409885 0.129658 0.000531882 0.0390834 0.000825208 0.00772624 0.00046126 31200000000
300 0.53 0 0.525855 0.00167901 0.313307 0.000821823 0.119395 0.000849796 0.0321398 0.000503261 0.00491536 0.000172868 17000000000
600 0.53 0 0.516803 0.000950658 0.315254 0.000537157 0.12512 0.000492676 0.0348822 0.000291026 0.00575402 0.000126507 30300000000
600 0.535 0 0.505817 0.000501227 0.316716 0.000128348 0.129719 0.000199056 0.0385468 0.000203505 0.00704912 9.87579e-05 10200000000 
1200 0.535 0 0.41426 0.0188417 0.29216 0.00589525 0.158817 0.0056751 0.0895207 0.0108909 0.044245 0.00818601 6800000000 
100 0.54 0 0.540733 0.00318227 0.305877 0.0023082 0.109117 0.00146867 0.0269892 0.000750342 0.0036238 0.000200889 17700000000
1200 0.54 0 0.189789 0.00527134 0.214079 0.0018932 0.220292 0.00165894 0.222913 0.00310438 0.152206 0.0026628 12200000000
300 0.54 0 0.511901 0.00174268 0.313505 0.000848814 0.126968 0.000911362 0.0366884 0.000560974 0.00662543 0.000230073 16800000000
600 0.54 0 0.490668 0.000549406 0.316252 0.00020041 0.136363 0.000273776 0.0447062 0.000200452 0.00988786 0.000121525 205300000000
300 0.545 0 0.499109 0.000280521 0.3158 6.94649e-05 0.13223 0.000138308 0.0407543 0.000107372 0.00783694 4.06455e-05 14100000000 
600 0.545 0 0.46031 0.00167293 0.312237 0.000377882 0.148421 0.000614125 0.0590733 0.000848927 0.0178786 0.00056081 10400000000 
100 0.55 0 0.531334 0.00318486 0.305198 0.00136679 0.11503 0.00146207 0.0306611 0.000688759 0.00460938 0.000240284 17700000000
300 0.55 0 0.488223 0.00220155 0.314874 0.000873228 0.138069 0.00106226 0.0453255 0.000880309 0.00923394 0.000430306 16700000000
600 0.55 0 0.376007 0.000773428 0.290553 0.000260956 0.177103 0.00027815 0.105055 0.000429675 0.0493689 0.000316603 333300000000
300 0.555 0 0.470257 0.000439054 0.315203 9.28854e-05 0.145115 0.000192173 0.0524183 0.000195705 0.0128386 9.60118e-05 13600000000 
100 0.56 0 0.517007 0.00340791 0.311334 0.00147251 0.120313 0.00185474 0.0332272 0.00079663 0.00544471 0.000295321 17700000000
1200 0.56 0 0.127363 0.000849477 0.177809 0.000638512 0.218344 0.000594652 0.262469 0.000697033 0.213429 0.00114832 7700000000
300 0.56 0 0.452365 0.00288202 0.313943 0.000879906 0.15281 0.00120903 0.0603255 0.0010892 0.0165082 0.000608301 16300000000
600 0.56 0 0.203155 0.000456041 0.23121 0.000222226 0.224696 0.000185897 0.206726 0.000297427 0.13271 0.000300803 203400000000
100 0.57 0 0.499892 0.00323226 0.311665 0.00154679 0.130096 0.00169807 0.0382572 0.000864122 0.00730769 0.000340762 17700000000
300 0.57 0 0.380334 0.00292201 0.300748 0.00176797 0.180019 0.00123582 0.0966288 0.0018501 0.0383641 0.00135022 15300000000
600 0.57 0 0.16654 0.000270795 0.212196 0.000209434 0.227941 0.000178159 0.229629 0.000236155 0.162383 0.000341369 177500000000
100 0.58 0 0.487842 0.00226201 0.314193 0.00104646 0.134912 0.00104178 0.0424967 0.000741393 0.00815755 0.000280564 33000000000
1200 0.58 0 0.104777 0.00064809 0.159491 0.000520738 0.211447 0.000845824 0.272488 0.000616973 0.251339 0.00128394 7400000000
300 0.58 0 0.294337 0.00214621 0.277863 0.000881205 0.208481 0.000854463 0.14466 0.00126364 0.0712418 0.00104045 25000000000
600 0.58 0 0.147594 0.000261269 0.200953 0.000195951 0.226916 0.000203194 0.241547 0.000219945 0.181795 0.000349634 123800000000
100 0.59 0 0.466348 0.00251742 0.316221 0.00101942 0.143971 0.00133893 0.0505729 0.000779614 0.0107031 0.000320314 32900000000
300 0.59 0 0.226579 0.00165584 0.252745 0.00085173 0.226533 0.000679856 0.184764 0.00110008 0.106336 0.00110005 22600000000
600 0.59 0 0.134684 0.000263193 0.192395 0.000207228 0.224797 0.000194432 0.248318 0.000293143 0.198703 0.000410929 116500000000
100 0.6 0 0.45009 0.00286757 0.315769 0.00156504 0.152476 0.00161318 0.0565565 0.00121894 0.0130709 0.000568023 17600000000
1200 0.6 0 0.0895861 0.000676253 0.14834 0.000529319 0.201561 0.000646348 0.278646 0.000657279 0.281468 0.00128496 6700000000
300 0.6 0 0.19345 0.00171509 0.238964 0.00118412 0.233309 0.00082536 0.204706 0.00123528 0.126795 0.00145322 11600000000
600 0.6 0 0.124544 0.000231685 0.185793 0.000185385 0.222115 0.00025327 0.252854 0.000207676 0.213647 0.000354605 111000000000
100 0.605 0 0.436362 0.000165135 0.315054 3.87448e-05 0.15886 8.00791e-05 0.0623387 8.05183e-05 0.0155491 3.48845e-05 15300000000 
100 0.61 0 0.423636 0.00233306 0.316377 0.000941636 0.164531 0.00116798 0.0664746 0.000911213 0.0172754 0.000438648 32600000000
300 0.61 0 0.173165 0.00115323 0.229648 0.000771528 0.234493 0.000606454 0.216554 0.000824925 0.143571 0.000979636 20200000000
600 0.61 0 0.116115 0.00020852 0.180059 0.000184737 0.219389 0.000199493 0.25707 0.000213503 0.226408 0.000351361 106500000000
100 0.615 0 0.411577 0.000177822 0.314214 4.22864e-05 0.169968 8.10389e-05 0.0727246 7.75044e-05 0.0200275 3.50744e-05 15800000000
100 0.62 0 0.399134 0.00208128 0.314746 0.000964635 0.175924 0.00109964 0.0773763 0.00100068 0.021556 0.000488039 32500000000
300 0.62 0 0.16002 0.000968996 0.221198 0.000685786 0.2346 0.000649929 0.224116 0.000738115 0.157798 0.00109586 19400000000
600 0.62 0 0.109609 0.000269743 0.175167 0.000182985 0.216922 0.000208484 0.259427 0.000239638 0.237979 0.000360706 102900000000
100 0.63 0 0.371956 0.00216697 0.312783 0.000938721 0.186064 0.00107036 0.089873 0.00113003 0.0282682 0.00058549 32200000000
300 0.63 0 0.149375 0.000848891 0.215019 0.000655728 0.233858 0.00078225 0.230219 0.000759122 0.169204 0.00101698 18800000000
100 0.64 0 0.339622 0.00248843 0.304915 0.000974238 0.200811 0.00123157 0.106781 0.00121956 0.0374186 0.0007146 31900000000
300 0.64 0 0.141644 0.000862858 0.209089 0.000696097 0.232827 0.000683939 0.234892 0.000703576 0.179345 0.000944243 18400000000
100 0.65 0 0.316989 0.00205862 0.301104 0.000950385 0.211253 0.0010396 0.117448 0.0011024 0.0432813 0.000694372 31600000000
300 0.65 0 0.135004 0.000894264 0.206076 0.000698884 0.232083 0.000622866 0.236793 0.000722771 0.187961 0.00109268 18000000000
100 0.66 0 0.288861 0.0020041 0.298467 0.00116308 0.220072 0.00111509 0.131208 0.00150842 0.0517839 0.000946103 31300000000
300 0.66 0 0.127955 0.000690733 0.202903 0.000731308 0.230445 0.000569829 0.239223 0.000856151 0.197474 0.000991599 17600000000
100 0.67 0 0.269169 0.0018379 0.292333 0.000955666 0.226939 0.000925262 0.14337 0.00144564 0.0594815 0.000766882 31000000000
300 0.67 0 0.122678 0.000653753 0.197861 0.000577665 0.228285 0.000698834 0.24152 0.000650898 0.207726 0.00113291 17300000000
100 0.68 0 0.247947 0.001617 0.285959 0.000961965 0.234023 0.000856065 0.155025 0.00107438 0.068576 0.00076643 30700000000
300 0.68 0 0.117068 0.000755573 0.195154 0.000582871 0.228652 0.00071291 0.244592 0.000739522 0.212791 0.00113885 17000000000
100 0.7 0 0.218809 0.00202231 0.280007 0.00116472 0.240495 0.00114056 0.172207 0.00134054 0.080931 0.00117171 16000000000
1200 0.7 0 0.0579253 0.000501094 0.119577 0.000547436 0.171521 0.000622436 0.265608 0.00120198 0.385102 0.00147274 4400000000
300 0.7 0 0.11026 0.000786112 0.190068 0.000906288 0.223982 0.000881747 0.247175 0.000898445 0.226871 0.00143859 9100000000
600 0.7 0 0.0780577 0.000129935 0.150324 0.000130578 0.198957 0.000176089 0.261169 0.000191275 0.310903 0.00036964 145000000000
100 0.8 0 0.151705 0.0015317 0.252784 0.00133598 0.254354 0.0014281 0.207734 0.00114535 0.127947 0.00162991 15100000000
1200 0.8 0 0.0441797 0.000360369 0.105664 0.000740218 0.155888 0.000895773 0.246469 0.00116022 0.447667 0.00148433 4400000000
300 0.8 0 0.0834852 0.000739683 0.173103 0.000853325 0.215095 0.00081789 0.246866 0.000990801 0.280447 0.00136068 8100000000
600 0.8 0 0.0592272 0.000102209 0.13483 0.000113557 0.185075 0.000147096 0.250418 0.00022942 0.370039 0.000290894 129800000000
100 0.9 0 0.121974 0.00130854 0.240433 0.00110002 0.253445 0.00144587 0.222166 0.00106223 0.157876 0.00107892 14600000000
1200 0.9 0 0.0352936 0.00054268 0.0973343 0.000626881 0.147145 0.000496411 0.229564 0.000886977 0.490578 0.00102561 4200000000
300 0.9 0 0.0669271 0.000567328 0.160895 0.000782361 0.209119 0.000778364 0.246738 0.00104639 0.315592 0.00152665 7700000000
600 0.9 0 0.0476474 9.51521e-05 0.124773 0.000115497 0.176858 0.000128945 0.240961 0.000236067 0.409461 0.000267598 121800000000
