100 0 0 931 36 96.8299 0.0580234 91.2122 0.0588939 5.61768 0.00435498 0.711617 0.000235834 0.364805 7.85262e-05 0.368929 5.20437e-05 0.184684 4.86056e-05 0.0603977 3.14654e-05 0.0115307 1.45774e-05 103800000000 
1200 0 0 39495 241 3805.5 13.4809 3658.89 13.7788 146.616 0.639736 0.778287 0.00111111 0.360333 9.8124e-05 0.373602 0.000102215 0.190302 6.75301e-05 0.062918 4.56683e-05 0.0120474 1.9754e-05 78600000000 
300 0 0 4911 76 486.16 0.363144 463.275 0.366862 22.8851 0.0233434 0.749305 0.000285802 0.361501 6.1789e-05 0.372342 3.2807e-05 0.188826 3.86591e-05 0.062238 2.32039e-05 0.0118941 9.88256e-06 104500000000 
600 0 0 13924 120 1354.86 1.13287 1297.55 1.14625 57.3079 0.0443081 0.765666 0.000214949 0.360701 2.75432e-05 0.373245 2.0984e-05 0.189768 1.89774e-05 0.0626998 1.43713e-05 0.0119893 6.03506e-06 482200000000 
100 0.1 0 925 33 96.355 0.0683363 90.7559 0.070575 5.59912 0.00520014 0.711365 0.000281253 0.361335 7.95149e-05 0.368868 6.20947e-05 0.186534 5.00167e-05 0.061696 3.73188e-05 0.0119731 1.50605e-05 94700000000 
1200 0.1 0 39153 240 3758.28 14.6209 3612.13 14.905 146.148 0.997269 0.777675 0.00149419 0.356896 0.000151507 0.373515 0.000100456 0.19201 9.60544e-05 0.0642632 7.9742e-05 0.0125243 2.83224e-05 76700000000 
300 0.1 0 4879 75 483.37 0.495968 460.542 0.499702 22.8285 0.0259706 0.748941 0.000281099 0.357973 8.34496e-05 0.372357 5.24655e-05 0.190557 3.81422e-05 0.0635675 2.55231e-05 0.0123671 1.40626e-05 98700000000 
600 0.1 0 13825 123 1345.54 0.914906 1288.49 0.928815 57.0568 0.04577 0.765352 0.000213849 0.357096 2.77218e-05 0.373133 2.46022e-05 0.191642 1.86244e-05 0.0640724 1.31491e-05 0.0124719 5.64476e-06 502200000000 
100 0.2 0 901 36 94.1957 0.0640819 88.6384 0.0685199 5.55729 0.00740958 0.708048 0.000411705 0.348114 8.48833e-05 0.368247 5.33581e-05 0.193325 5.53154e-05 0.0669762 3.79264e-05 0.0139825 1.59219e-05 98300000000 
1200 0.2 0 38018 289 3662.16 18.2253 3518.65 18.5216 143.502 0.702315 0.775322 0.00130989 0.342818 0.00013113 0.372477 9.97571e-05 0.199406 7.98193e-05 0.0698932 5.93473e-05 0.0146344 2.30812e-05 78300000000 
300 0.2 0 4748 77 470.684 0.385737 448.163 0.391882 22.5209 0.0218083 0.746651 0.000276968 0.344226 6.73141e-05 0.37142 3.77369e-05 0.197722 3.54619e-05 0.0690882 2.87067e-05 0.0144496 1.20945e-05 99700000000 
600 0.2 0 13440 119 1311.17 1.08275 1254.97 1.09692 56.2036 0.0472375 0.763775 0.000237899 0.343332 3.05659e-05 0.372143 2.29298e-05 0.198783 2.17125e-05 0.0696491 1.39615e-05 0.014549 6.28017e-06 480200000000 
100 0.3 0 840 34 89.3409 0.0770461 83.8966 0.077353 5.44434 0.0050587 0.701399 0.00025696 0.319412 7.78243e-05 0.364188 5.45128e-05 0.208024 5.99223e-05 0.079836 3.7972e-05 0.0197196 2.2332e-05 96100000000 
1200 0.3 0 35722 236 3435.87 20.8202 3298.71 21.6029 137.153 1.02466 0.773897 0.00233183 0.31313 0.00011193 0.367589 8.62073e-05 0.214318 8.58637e-05 0.0835528 6.25216e-05 0.0206835 3.00956e-05 78800000000 
300 0.3 0 4433 72 443.453 0.487289 421.64 0.492273 21.8126 0.0237644 0.742101 0.000304031 0.314695 5.6995e-05 0.366575 3.65793e-05 0.212707 3.59483e-05 0.0826034 2.83475e-05 0.0205074 1.48578e-05 98000000000 
600 0.3 0 12537 112 1229.87 0.963446 1175.93 0.9828 53.9424 0.048689 0.760432 0.000248336 0.313532 3.532e-05 0.367191 2.33457e-05 0.213827 2.58656e-05 0.0833027 1.86864e-05 0.0206932 7.77898e-06 486300000000 
1200 0.36 0 33005 231 3206.31 14.7882 3077.25 15.1372 129.057 0.624747 0.772313 0.00169995 0.284294 0.000125215 0.359091 8.95351e-05 0.22781 8.11937e-05 0.0987519 6.83753e-05 0.0293713 4.26717e-05 76500000000 
1200 0.38 0 31905 238 3096.18 13.9214 2969.65 14.1406 126.53 0.613899 0.770254 0.00133377 0.272129 0.000129863 0.354383 9.41836e-05 0.233117 8.63968e-05 0.105772 7.35296e-05 0.0339354 7.94045e-05 76600000000 
100 0.4 0 727 29 79.4262 0.0536776 74.1887 0.0542023 5.23743 0.00456408 0.68404 0.00024276 0.268735 6.9672e-05 0.347996 5.5532e-05 0.23105 5.03472e-05 0.107438 5.22201e-05 0.0369156 3.89044e-05 95200000000 
1200 0.4 0 30599 217 2988.4 15.7343 2866.8 15.937 121.606 0.653546 0.771221 0.00159114 0.259105 0.000121419 0.348537 9.87942e-05 0.238425 8.80967e-05 0.113626 7.15707e-05 0.0396642 5.51208e-05 77500000000 
300 0.4 0 3786 72 385.651 0.353963 365.37 0.360003 20.2807 0.0222712 0.729997 0.00031973 0.261584 6.55852e-05 0.348386 4.2241e-05 0.236462 4.37382e-05 0.112023 3.59425e-05 0.0389649 2.53318e-05 102200000000 
600 0.4 0 10728 106 1065.51 1.0106 1016.15 1.03351 49.3612 0.0466922 0.751727 0.000265521 0.260049 4.02089e-05 0.348404 2.48329e-05 0.237709 2.62015e-05 0.113116 2.19852e-05 0.0394331 1.37513e-05 487300000000 
100 0.41 0 710 31 77.9612 0.0805537 72.7476 0.0827061 5.21363 0.00915513 0.680596 0.000619962 0.261994 0.000116408 0.345026 0.000121908 0.233803 0.000101244 0.111475 7.21393e-05 0.0399717 6.41336e-05 39000000000 
300 0.41 0 3705 64 377.808 0.718585 357.734 0.734803 20.0739 0.0411458 0.728038 0.000614654 0.254695 0.000103651 0.344898 8.21768e-05 0.23917 6.71584e-05 0.116339 6.60098e-05 0.042354 4.59033e-05 28000000000 
600 0.41 0 10465 111 1039.39 3.64375 990.744 3.70851 48.6419 0.222611 0.749885 0.00136343 0.252848 0.000138847 0.344711 0.000111162 0.240505 8.84068e-05 0.117625 0.000120019 0.0430498 8.15662e-05 32000000000 
100 0.42 0 693 32 76.3473 0.0938484 71.1734 0.0953505 5.17389 0.00659593 0.678012 0.00043787 0.255143 0.000142304 0.341629 0.000106274 0.236368 9.53937e-05 0.115715 8.83203e-05 0.043552 6.50101e-05 36600000000 
1200 0.42 0 28667 207 2806.69 12.294 2686.99 12.5211 119.693 0.576227 0.765068 0.0013835 0.244474 0.000117737 0.340877 9.8544e-05 0.243715 8.22431e-05 0.122959 7.60161e-05 0.0473568 7.45113e-05 80900000000 
300 0.42 0 3593 61 368.698 0.962464 348.886 0.97059 19.8119 0.0392559 0.726072 0.0006051 0.247364 0.000109122 0.341181 8.00623e-05 0.241711 6.90464e-05 0.120988 6.95982e-05 0.0462631 5.67501e-05 27900000000 
600 0.42 0 10141 107 1012.21 3.54284 964.212 3.62183 47.993 0.191514 0.747491 0.00118875 0.245359 0.000153067 0.340972 0.000109402 0.243095 0.000103319 0.122326 9.42593e-05 0.0470061 7.07821e-05 32600000000 
100 0.43 0 674 31 74.9534 0.0850952 69.8122 0.0882755 5.14117 0.00697658 0.674716 0.000436978 0.247924 0.000118893 0.337885 9.40475e-05 0.238938 9.0417e-05 0.120266 9.04976e-05 0.0475443 6.80135e-05 36000000000 
300 0.43 0 3474 63 359.381 0.672514 339.84 0.682002 19.5402 0.0473579 0.723727 0.000643144 0.239548 0.000107589 0.336887 9.47189e-05 0.244341 6.67068e-05 0.126062 7.46696e-05 0.0507257 6.72717e-05 27700000000 
600 0.43 0 9845 107 983.056 4.04489 935.803 4.06996 47.2538 0.158608 0.74565 0.000993278 0.237429 0.000154147 0.336657 0.000148353 0.245702 8.54041e-05 0.127501 9.48817e-05 0.0514937 6.99798e-05 34100000000 
100 0.44 0 653 30 73.2275 0.0771868 68.1248 0.0770691 5.10264 0.00701845 0.670881 0.000425881 0.240016 0.000136194 0.333716 0.000101517 0.241521 8.10196e-05 0.125309 8.46739e-05 0.0521404 6.28623e-05 35900000000 
1200 0.44 0 26815 226 2640.61 14.217 2526.52 14.5727 114.087 0.657691 0.762972 0.00182609 0.228287 0.000129032 0.331173 0.000142911 0.248915 0.000142848 0.133818 8.81178e-05 0.0572129 8.01429e-05 77400000000 
300 0.44 0 3372 58 349.615 0.678738 330.398 0.687389 19.217 0.0399096 0.721439 0.000692878 0.231347 9.96411e-05 0.331747 7.97188e-05 0.246984 7.74724e-05 0.131573 6.71863e-05 0.05596 5.70305e-05 28100000000 
600 0.44 0 9511 106 950.099 3.07209 903.644 3.12527 46.4549 0.21206 0.742987 0.00146925 0.22926 0.000124697 0.331651 9.8986e-05 0.248304 9.68384e-05 0.132955 8.46633e-05 0.0566426 7.7555e-05 34800000000 
100 0.45 0 630 28 71.3391 0.0816547 66.2735 0.0839141 5.06558 0.00636697 0.666925 0.00042757 0.232188 0.000112679 0.328928 9.81327e-05 0.243822 8.32218e-05 0.130581 8.08654e-05 0.0573256 7.26168e-05 36200000000 
300 0.45 0 3233 61 338.118 0.788537 319.116 0.799197 19.0024 0.0420536 0.717341 0.000725476 0.222732 9.79863e-05 0.326297 0.0001062 0.249296 6.49802e-05 0.137517 7.96432e-05 0.0618282 7.2468e-05 27700000000 
600 0.45 0 9131 107 924.354 3.34508 878.967 3.41336 45.3873 0.168881 0.741368 0.00105958 0.2205 0.000132639 0.325612 0.000121093 0.250644 0.000100674 0.13922 9.95506e-05 0.0628668 8.32919e-05 33600000000 
100 0.46 0 608 27 69.5364 0.0747779 64.5094 0.074659 5.02707 0.00725315 0.662088 0.000452952 0.223799 0.000119859 0.323733 0.000100072 0.246052 0.000109812 0.136116 8.12892e-05 0.0633353 7.6781e-05 35600000000 
1200 0.46 0 24604 216 2423.77 14.0359 2315.07 14.1047 108.707 0.569956 0.755629 0.00161095 0.209677 0.000124175 0.318587 0.00012811 0.253459 8.85399e-05 0.146777 0.000101602 0.070938 8.67997e-05 77300000000 
300 0.46 0 3106 59 326.015 0.836555 307.389 0.868738 18.6258 0.0434803 0.71364 0.0009302 0.213476 9.71115e-05 0.319937 9.9946e-05 0.251584 7.94479e-05 0.143894 7.15244e-05 0.0688416 8.18811e-05 27500000000 
600 0.46 0 8714 98 880.529 5.11626 836.384 5.08556 44.1453 0.17179 0.738699 0.00133173 0.210955 0.000123754 0.319142 0.000119398 0.252788 9.3881e-05 0.145906 8.69284e-05 0.0700803 9.03444e-05 34000000000 
100 0.47 0 581 27 67.2519 0.0948465 62.2772 0.0941397 4.9747 0.00721547 0.656605 0.000434615 0.215042 0.000177672 0.317568 0.000122353 0.248148 9.44462e-05 0.142289 0.00012847 0.0701642 0.00011558 34900000000 
300 0.47 0 2934 56 311.387 0.624762 293.099 0.62953 18.2877 0.0349871 0.708123 0.000601462 0.203835 9.88704e-05 0.312714 9.0892e-05 0.253363 6.43743e-05 0.150915 7.18038e-05 0.0769702 7.26133e-05 27900000000 
600 0.47 0 8286 97 845.498 3.39542 802.4 3.49094 43.0975 0.159051 0.734645 0.00137438 0.201129 0.000137005 0.311634 0.000131349 0.254788 8.8185e-05 0.152903 0.000115809 0.0784511 0.000101595 33700000000 
100 0.48 0 554 25 65.0932 0.0758064 60.1611 0.0774698 4.93214 0.00689555 0.65075 0.000488228 0.205931 0.000107353 0.311153 0.000108291 0.249776 8.70764e-05 0.148557 8.37862e-05 0.0779709 8.77879e-05 35400000000 
1200 0.48 0 22088 189 2197.01 11.2407 2096.24 11.4428 100.773 0.671199 0.751986 0.00157258 0.189265 0.000115998 0.302032 0.000161947 0.256769 8.68304e-05 0.161892 0.00010342 0.0895141 0.000107796 78400000000 
300 0.48 0 2770 52 296.567 0.700648 278.58 0.694148 17.9871 0.0355413 0.701303 0.000676978 0.193622 0.000107462 0.304504 0.000111955 0.254899 7.03106e-05 0.158421 8.22795e-05 0.0864146 9.32934e-05 27500000000 
600 0.48 0 7773 99 798.25 3.06965 756.205 3.1342 42.0457 0.164722 0.729576 0.00122529 0.190317 0.000134343 0.303037 0.000124259 0.256227 8.42142e-05 0.160807 0.00010182 0.0885542 0.000116795 34400000000 
100 0.49 0 528 26 62.837 0.07196 57.9596 0.074773 4.8774 0.00630957 0.644574 0.000472223 0.19674 0.000145706 0.303894 0.000110615 0.251069 9.1045e-05 0.155192 8.60992e-05 0.0867108 9.8452e-05 34500000000 
300 0.49 0 2591 53 281.035 0.562464 263.429 0.5648 17.6056 0.035879 0.694393 0.000637806 0.182681 0.000101649 0.2954 0.00010112 0.255896 7.16075e-05 0.166449 7.94123e-05 0.097509 0.000101678 27300000000 
600 0.49 0 7252 89 748.464 3.23693 707.625 3.34591 40.8396 0.163965 0.721914 0.00153081 0.179344 0.000129258 0.293179 0.000123875 0.256862 9.13152e-05 0.169228 0.000104737 0.100369 0.000128337 33200000000 
100 0.5 0 499 20 60.1809 0.0675185 55.3353 0.067894 4.84554 0.0067088 0.63552 0.000495716 0.186794 0.000118873 0.295812 0.000106465 0.252238 0.00013408 0.162211 0.00011745 0.0967591 0.000124967 34100000000 
1200 0.5 0 18701 187 1901 10.8864 1808.62 11.1218 92.3744 0.565499 0.743039 0.00170161 0.165357 0.00013525 0.280405 0.000148207 0.257187 8.25091e-05 0.180164 0.000116513 0.116401 0.000142884 78200000000 
300 0.5 0 2399 53 264.472 0.560096 247.451 0.564989 17.0205 0.0395999 0.687972 0.000820615 0.171018 9.55973e-05 0.284443 0.000104146 0.256088 6.19888e-05 0.175362 8.08058e-05 0.111117 0.000104615 27200000000 
600 0.5 0 6597 90 695.989 2.85462 656.891 2.88454 39.0981 0.139292 0.717311 0.00127959 0.167033 0.000133076 0.281555 0.000150654 0.257123 7.96165e-05 0.178554 0.000115441 0.114763 0.000138263 34000000000 
100 0.51 0 465 26 57.669 0.0723548 52.8718 0.0727744 4.79724 0.00607107 0.626937 0.000515847 0.176615 0.000113744 0.287042 0.000114178 0.252589 8.79607e-05 0.169358 8.88206e-05 0.108425 0.000135101 33600000000 
300 0.51 0 2177 49 244.48 0.729537 227.876 0.755394 16.6041 0.0365094 0.675392 0.00107187 0.158543 0.000102823 0.27206 0.000118929 0.255328 7.2843e-05 0.184884 9.91294e-05 0.127302 0.00013217 26500000000 
600 0.51 0 5936 80 635.528 2.49818 597.954 2.52321 37.5747 0.152485 0.706331 0.00125148 0.154035 0.000143261 0.268183 0.0001567 0.255822 8.2293e-05 0.188853 0.000153843 0.132181 0.000175307 32700000000 
100 0.52 0 431 23 54.8657 0.05844 50.1182 0.0603094 4.74756 0.00900775 0.61673 0.000626186 0.166412 0.000121058 0.277306 0.000126038 0.252351 8.13764e-05 0.17681 8.76793e-05 0.121379 0.000115443 36100000000 
1200 0.52 0 13909 153 1482.68 9.31237 1400.96 9.42622 81.7161 0.442192 0.719802 0.00176394 0.136046 0.000128743 0.24829 0.000158663 0.252661 0.000107258 0.203328 0.000130794 0.159244 0.000207219 76600000000 
300 0.52 0 1929 47 223.529 0.509583 207.334 0.516947 16.1948 0.0317893 0.660331 0.000750703 0.14509 0.000103153 0.257483 0.000127689 0.253203 6.71467e-05 0.195349 9.75597e-05 0.147092 0.000149165 26000000000 
600 0.52 0 5138 79 567.052 2.62301 531.397 2.58095 35.6552 0.133213 0.691914 0.00137521 0.139192 0.000138906 0.251607 0.000153999 0.252904 0.000114215 0.200446 0.00011746 0.154977 0.000202418 32700000000 
100 0.53 0 400 23 52.1738 0.0804266 47.4723 0.0842386 4.70152 0.00650783 0.606424 0.000638811 0.155949 9.96194e-05 0.267362 0.000109579 0.25158 9.13204e-05 0.18413 0.000121248 0.135497 0.000130283 34900000000 
300 0.53 0 1677 43 202.335 0.511002 186.672 0.516538 15.6629 0.0305604 0.64495 0.0007682 0.131262 0.000111607 0.241343 0.000127295 0.249492 8.88906e-05 0.205887 0.000108796 0.170344 0.000171107 24900000000 
600 0.53 0 4236 74 486.754 2.30409 452.827 2.31766 33.9266 0.153001 0.669045 0.00134678 0.122733 0.000148651 0.231624 0.000232463 0.247519 9.36808e-05 0.213501 0.000136524 0.18382 0.000278006 31500000000 
100 0.54 0 365 19 49.3507 0.0637708 44.7126 0.0644686 4.6381 0.00601024 0.595497 0.00051435 0.145559 0.000166292 0.25652 0.000154675 0.249797 9.30834e-05 0.19155 0.00012648 0.151357 0.00013778 33600000000 
1200 0.54 0 7694 110 922.692 6.80224 854.611 6.84564 68.0805 0.30809 0.654605 0.00197462 0.0963706 0.000171482 0.195904 0.000248914 0.234581 0.000134299 0.235307 0.000166408 0.237489 0.000376636 72300000000 
300 0.54 0 1400 39 178.032 0.468575 162.881 0.472142 15.1512 0.0277732 0.620611 0.000767793 0.116192 0.000117292 0.222653 0.000161835 0.243365 8.34378e-05 0.217315 0.000127287 0.198939 0.000223207 24000000000 
600 0.54 0 3305 66 403.55 2.06048 371.465 2.06853 32.0852 0.0980801 0.637533 0.00132043 0.104723 0.000176108 0.207601 0.000221808 0.238649 0.000128602 0.227709 0.000156695 0.22059 0.00035699 30400000000 
100 0.55 0 331 20 46.6935 0.0517831 42.0922 0.0520757 4.60136 0.00560626 0.583534 0.000451662 0.135609 0.000108512 0.245527 0.000124279 0.247295 8.76418e-05 0.198496 9.47304e-05 0.168115 0.000162677 33500000000 
300 0.55 0 1148 34 156.32 0.472918 141.591 0.476975 14.7286 0.0269801 0.595809 0.000859448 0.101709 0.000133413 0.203232 0.000165207 0.235444 9.14206e-05 0.22794 0.00012163 0.23026 0.000263686 22800000000 
600 0.55 0 2343 54 321.199 1.50821 290.965 1.5248 30.2344 0.11346 0.596299 0.00133335 0.0860083 0.000142127 0.180414 0.000280767 0.226128 0.000114489 0.241785 0.000163736 0.265028 0.000342881 35000000000 
100 0.56 0 300 21 44.0072 0.0535178 39.4524 0.053764 4.55478 0.0079018 0.570946 0.000541308 0.125778 9.29216e-05 0.234497 0.000112766 0.244382 0.000100844 0.204593 8.66131e-05 0.186036 0.000171843 32100000000 
1200 0.56 0 2433 58 447.889 3.62197 389.954 3.61137 57.9348 0.156895 0.522752 0.00240436 0.0534961 0.000154063 0.128013 0.000218888 0.196032 0.000163906 0.266784 0.000130872 0.355448 0.000393139 54800000000 
300 0.56 0 921 33 135.912 0.31706 121.591 0.320135 14.321 0.0235745 0.567335 0.000759075 0.0880522 8.41626e-05 0.183745 0.000128953 0.226016 0.000127782 0.237228 7.70887e-05 0.263681 0.000206654 33000000000 
600 0.56 0 1617 45 256.719 1.32738 227.825 1.3369 28.8937 0.065016 0.552813 0.0014136 0.0693573 0.000143835 0.154586 0.000226844 0.211388 0.000129944 0.253354 0.000123138 0.310765 0.000374678 29400000000 
100 0.57 0 266 19 41.5913 0.0551537 37.0598 0.053399 4.53157 0.00652999 0.557767 0.000519084 0.116692 9.39566e-05 0.223628 0.000123587 0.240717 9.079e-05 0.210225 8.96939e-05 0.204287 0.000188569 31300000000 
300 0.57 0 727 29 119.95 0.236968 105.9 0.239627 14.0499 0.020344 0.541447 0.00070546 0.0762966 7.2834e-05 0.165959 0.000110904 0.215899 8.09964e-05 0.244284 7.80427e-05 0.296404 0.000196242 30500000000 
600 0.57 0 1153 38 216.077 1.02248 187.954 1.03967 28.1234 0.0579267 0.517718 0.0014654 0.0570567 0.00011099 0.134122 0.000192108 0.197526 0.00013322 0.260208 0.000103387 0.350612 0.000345296 26500000000 
100 0.58 0 237 18 39.3196 0.0543594 34.827 0.0535936 4.49256 0.00614765 0.545072 0.0005261 0.108078 0.000107295 0.213273 0.000112549 0.236432 9.50672e-05 0.215196 0.000113515 0.222844 0.000179219 30400000000 
1200 0.58 0 1291 38 345.497 1.83696 290.363 1.85007 55.1345 0.0939372 0.467662 0.00191261 0.0362421 5.90408e-05 0.0963246 0.000106139 0.169881 0.00011085 0.272797 5.07144e-05 0.424596 0.000254133 47100000000 
300 0.58 0 587 24 107.972 0.245943 94.1403 0.242994 13.8313 0.0191315 0.51983 0.000710792 0.0668326 6.8033e-05 0.151009 0.000134363 0.206097 8.09331e-05 0.248863 7.28975e-05 0.326161 0.000216171 29500000000 
600 0.58 0 874 30 191.227 0.661746 163.57 0.667019 27.6568 0.0505583 0.491991 0.00115414 0.0485828 8.43006e-05 0.119227 0.000147708 0.185844 0.000116401 0.263182 8.4504e-05 0.382752 0.000305742 25000000000 
100 0.59 0 219 14 37.3886 0.0433853 32.9084 0.0437315 4.48021 0.00590196 0.533034 0.000484337 0.100509 9.8404e-05 0.20367 0.000145897 0.232197 9.75989e-05 0.21908 8.95874e-05 0.240571 0.000233716 29300000000 
300 0.59 0 486 22 99.1686 0.231578 85.4557 0.230694 13.7129 0.0195394 0.500299 0.000700971 0.0593338 7.90798e-05 0.13877 0.000120365 0.197032 0.000110126 0.251301 7.28685e-05 0.352625 0.000251017 25800000000 
600 0.59 0 714 27 178.002 0.731496 150.652 0.733514 27.3501 0.0497419 0.474737 0.00112075 0.042668 5.57006e-05 0.108463 0.000102915 0.176144 9.43135e-05 0.263618 6.56582e-05 0.40874 0.000215372 24600000000 
100 0.6 0 200 17 35.541 0.0352377 31.1028 0.034982 4.43814 0.00397339 0.522684 0.00043296 0.0935759 4.95351e-05 0.194478 7.70343e-05 0.227599 8.20744e-05 0.22219 5.62265e-05 0.258428 0.000133389 70000000000 
1200 0.6 0 1006 33 320.454 1.32819 266.364 1.34635 54.0903 0.087623 0.449233 0.00175865 0.0287493 4.79842e-05 0.080941 0.000111187 0.152747 7.84962e-05 0.26926 4.51227e-05 0.46818 0.00020658 44600000000 
300 0.6 0 417 23 93.1805 0.113055 79.6327 0.112374 13.5478 0.015453 0.487381 0.000440809 0.053623 3.52742e-05 0.129113 6.00327e-05 0.189034 5.20675e-05 0.251852 6.99455e-05 0.375521 0.000121579 63000000000 
600 0.6 0 625 28 169.704 0.190294 142.635 0.197301 27.0682 0.0133809 0.464421 0.00046465 0.0384823 1.5113e-05 0.100411 2.65118e-05 0.168079 2.79957e-05 0.262553 1.81165e-05 0.430145 6.37026e-05 294500000000 
100 0.62 0 160 13 32.7891 0.0778084 28.3834 0.0774893 4.40576 0.0135022 0.504142 0.00121366 0.0825982 0.000150999 0.179234 0.000229973 0.218988 0.000275199 0.225299 0.000214229 0.290569 0.000382613 5900000000 
1200 0.62 0 891 34 307.174 4.20533 253.152 3.93841 54.022 0.561182 0.434603 0.00545102 0.0243683 0.000119563 0.0710903 0.000185306 0.139436 0.0002386 0.262662 0.000157726 0.502343 0.000538974 4100000000 
300 0.62 0 327 19 85.5136 0.306819 72.1834 0.313808 13.3302 0.0508249 0.469589 0.00169321 0.0455814 8.5554e-05 0.114892 0.000215751 0.175332 0.000182132 0.249904 0.000152123 0.413565 0.000419861 5000000000 
600 0.62 0 520 24 160.798 0.864165 134.087 0.863062 26.7108 0.10417 0.45198 0.00248054 0.0328218 7.28035e-05 0.0891154 0.000146388 0.154788 0.000158675 0.258 0.000124738 0.465004 0.000350694 4900000000 
100 0.64 0 131 13 30.6979 0.0793191 26.2983 0.0749003 4.39954 0.0139518 0.48736 0.00107951 0.0732944 0.000137437 0.166919 0.000231336 0.210674 0.000228733 0.22659 0.000219445 0.31958 0.000463355 5700000000 
1200 0.64 0 803 31 298.636 4.0614 245.836 4.00519 52.7997 0.241989 0.433374 0.00559826 0.021378 5.32835e-05 0.0640543 0.000132838 0.128622 0.000184516 0.255165 0.000151417 0.530695 0.000411766 4100000000 
300 0.64 0 279 18 81.3889 0.260268 68.1779 0.293771 13.211 0.0665132 0.456321 0.00227601 0.0402167 9.8919e-05 0.105276 0.000160674 0.165095 0.000188836 0.24543 0.000155868 0.443359 0.000386721 5200000000 
600 0.64 0 463 21 155.115 0.774775 128.456 0.759191 26.6592 0.0941689 0.441765 0.00236373 0.0289439 9.46144e-05 0.0811086 0.0001526 0.143866 0.000189988 0.251205 0.00016469 0.494638 0.000484869 4800000000 
100 0.66 0 117 12 29.0548 0.0837139 24.6807 0.0815475 4.37411 0.0125726 0.473453 0.00104824 0.0667683 0.000175819 0.157457 0.000247732 0.203249 0.000202262 0.224499 0.000236365 0.345337 0.000590784 5400000000 
1200 0.66 0 732 28 285.43 2.66667 233.383 2.57826 52.0477 0.269755 0.418492 0.00382746 0.0191176 5.6134e-05 0.0585716 0.000121822 0.119017 0.000198468 0.246501 0.000154695 0.55672 0.000466741 3900000000 
300 0.66 0 251 16 78.4788 0.24338 65.3263 0.247829 13.1525 0.0380408 0.446146 0.00138287 0.0364922 6.18398e-05 0.098516 0.000111114 0.156277 0.000133934 0.239645 0.000230332 0.468507 0.000300177 5200000000 
600 0.66 0 429 21 150.37 0.87223 124.265 0.859833 26.1058 0.116851 0.436514 0.00251663 0.0261679 4.94488e-05 0.0752745 0.00010204 0.134968 0.000143917 0.243605 0.00014981 0.519787 0.000312776 4600000000 
100 0.7 0 90 11 27.2848 0.0175824 22.9487 0.0172986 4.3361 0.00486727 0.458166 0.000364488 0.0575809 3.25817e-05 0.144643 5.18647e-05 0.191618 6.22512e-05 0.218508 6.59021e-05 0.385477 0.000116983 61100000000 
1200 0.7 0 690 27 282.688 0.867958 231.049 0.854445 51.6392 0.0834915 0.419196 0.00134648 0.0160526 1.23386e-05 0.0510158 3.12228e-05 0.103872 4.74648e-05 0.228283 5.35315e-05 0.60072 0.000116323 41700000000 
300 0.7 0 216 13 75.3884 0.0623609 62.3502 0.0607058 13.0382 0.0122665 0.435459 0.000394448 0.0314158 1.92058e-05 0.0890251 3.60916e-05 0.142553 3.94661e-05 0.22604 4.69611e-05 0.510527 0.000114074 60500000000 
600 0.7 0 403 32 149.513 3.89933 123.562 3.89845 25.9512 0.0142354 0.426803 0.000514623 0.0224442 0.000164749 0.0669069 1.84626e-05 0.120437 1.69713e-05 0.227544 4.44616e-05 0.562508 0.000149434 269300000000 
100 0.8 0 72 6 25.1808 0.0150171 20.8883 0.014623 4.29248 0.00385793 0.436428 0.000321975 0.0453134 3.85419e-05 0.128555 3.89078e-05 0.17357 5.24611e-05 0.195851 8.06192e-05 0.455266 0.00012389 61400000000 
1200 0.8 0 635 33 271.602 1.63337 220.916 1.57214 50.6859 0.108151 0.408789 0.00127703 0.0120447 5.47477e-05 0.04108 2.65449e-05 0.079642 6.19364e-05 0.185107 5.5371e-05 0.682091 0.000175381 40300000000 
300 0.8 0 170 16 71.2205 0.0645434 58.3775 0.0649214 12.843 0.0112347 0.419832 0.000524772 0.0244323 1.30216e-05 0.0768532 2.52879e-05 0.121307 4.04246e-05 0.191385 5.26835e-05 0.585747 9.34543e-05 57700000000 
600 0.8 0 330 21 138.441 0.122653 112.947 0.116881 25.4938 0.0113029 0.413824 0.000396375 0.0170238 4.24093e-06 0.0559676 1.09699e-05 0.0974783 1.38144e-05 0.188023 1.88942e-05 0.641409 3.57818e-05 267200000000 
100 0.9 0 54 8 24.2199 0.0171955 19.9497 0.0159816 4.27015 0.00384421 0.424463 0.000321219 0.0387778 2.35375e-05 0.121378 3.34632e-05 0.164436 4.64284e-05 0.173625 6.78746e-05 0.500778 9.32102e-05 61600000000 
1200 0.9 0 577 27 263.579 1.08486 213.557 1.06418 50.0216 0.100437 0.402674 0.00197021 0.00983377 7.53297e-06 0.036499 1.87406e-05 0.0665864 3.08752e-05 0.148627 4.93693e-05 0.738431 8.73906e-05 40700000000 
300 0.9 0 162 13 69.1092 0.0576509 56.398 0.0556667 12.7112 0.0107924 0.412047 0.000436242 0.0205389 1.26141e-05 0.0710426 1.93312e-05 0.109925 2.69912e-05 0.161185 6.02573e-05 0.637121 8.06939e-05 60200000000 
600 0.9 0 304 22 134.527 0.0900863 109.3 0.0867745 25.2274 0.0120002 0.406588 0.000298882 0.0141286 4.04379e-06 0.0508161 8.63681e-06 0.0851335 1.2516e-05 0.154175 1.93691e-05 0.695681 3.49414e-05 262000000000 
