100 0 0 0.677826 0.000102908 0.247883 8.39354e-05 0.0523124 4.16728e-05 0.00656652 1.44031e-05 0.00037974 2.6901e-06 60506000000 
1200 0 0 0.674625 7.62486e-05 0.259053 5.47195e-05 0.0571755 3.22619e-05 0.00745814 9.56137e-06 0.000444113 2.0516e-06 79975000000 
300 0 0 0.675608 6.30544e-05 0.255917 4.75297e-05 0.0558457 2.93473e-05 0.00721329 8.22554e-06 0.000429382 1.63481e-06 62453000000 
600 0 0 0.674983 7.51885e-05 0.258025 5.45091e-05 0.0567028 2.67806e-05 0.00735868 9.02316e-06 0.000439056 1.71793e-06 55806000000 
100 0.1 0 0.628567 0.000125174 0.274886 8.22083e-05 0.070449 6.44382e-05 0.010994 1.69827e-05 0.000804681 4.12489e-06 62306000000 
1200 0.1 0 0.617791 0.000464687 0.288654 0.000280725 0.0784959 0.000192092 0.012908 5.90449e-05 0.00096946 1.16993e-05 5229000000 
300 0.1 0 0.621357 6.80769e-05 0.284537 4.45885e-05 0.0760879 3.99234e-05 0.0123467 1.13177e-05 0.000940501 3.04111e-06 59832000000 
600 0.1 0 0.619293 7.94652e-05 0.287073 4.97217e-05 0.0775819 3.2072e-05 0.0127163 1.23734e-05 0.00097585 3.23758e-06 54913000000 
100 0.2 0 0.566622 0.00013824 0.302417 7.55445e-05 0.0964299 7.00624e-05 0.0192809 2.55777e-05 0.0018791 7.79843e-06 59909000000 
1200 0.2 0 0.541042 9.89009e-05 0.318808 4.89054e-05 0.111861 5.51382e-05 0.0245732 2.47715e-05 0.00262358 6.71491e-06 69664000000 
300 0.2 0 0.549403 7.53373e-05 0.313924 4.37131e-05 0.107028 4.14603e-05 0.0228772 1.76349e-05 0.00237658 4.09731e-06 62807000000 
600 0.2 0 0.543942 8.58853e-05 0.317196 4.44797e-05 0.110162 4.32843e-05 0.0239762 1.76446e-05 0.00253482 4.33159e-06 53111000000 
100 0.22 0 0.552085 0.000134355 0.307774 8.44885e-05 0.102889 6.44564e-05 0.0218268 3.14378e-05 0.00226713 8.38711e-06 54221000000 
1200 0.22 0 0.52099 0.000389502 0.324643 0.000212713 0.121282 0.000192297 0.0286876 9.34392e-05 0.00333042 2.70949e-05 4559000000 
300 0.22 0 0.53196 0.000102723 0.319456 6.27708e-05 0.115072 5.08901e-05 0.0262672 2.56146e-05 0.002935 7.08205e-06 31659000000 
600 0.22 0 0.525011 8.52409e-05 0.322936 4.57e-05 0.119039 5.05073e-05 0.0277139 3.01518e-05 0.00315373 5.59287e-06 46686000000 
100 0.24 0 0.537069 0.000123684 0.312797 7.79887e-05 0.109867 6.12878e-05 0.0246332 3.53081e-05 0.00272963 8.92515e-06 54803000000 
1200 0.24 0 0.498737 0.000628505 0.330608 0.000221815 0.131932 0.00032862 0.0334796 0.000120075 0.00419723 3.26108e-05 4357000000 
300 0.24 0 0.512605 0.000131331 0.324832 7.44932e-05 0.124273 6.63341e-05 0.0303852 2.99533e-05 0.00368251 9.10384e-06 29998000000 
600 0.24 0 0.504165 9.27219e-05 0.328363 4.70852e-05 0.129016 4.60957e-05 0.0323412 2.29735e-05 0.00401834 6.49011e-06 50436000000 
100 0.26 0 0.521168 0.000119547 0.317653 9.31706e-05 0.11725 6.73546e-05 0.0279096 3.31905e-05 0.00332123 9.62151e-06 53014000000 
1200 0.26 0 0.473302 0.000424609 0.33551 0.000215523 0.144651 0.000220975 0.0399888 0.00012446 0.0055329 3.37123e-05 4103000000 
300 0.26 0 0.491777 0.000130465 0.329757 8.43562e-05 0.134348 6.5443e-05 0.035347 4.47471e-05 0.00464402 1.01933e-05 30370000000 
600 0.26 0 0.480552 0.000114457 0.333332 5.14477e-05 0.140654 5.63597e-05 0.0382162 3.12799e-05 0.0051999 7.98409e-06 47078000000 
100 0.28 0 0.503958 0.0001316 0.322262 7.60154e-05 0.125547 9.34026e-05 0.0317616 4.36665e-05 0.00406067 1.23659e-05 55264000000 
1200 0.28 0 0.442195 0.000557924 0.339701 0.000143002 0.16031 0.00026823 0.0492131 0.000169904 0.00759932 4.03761e-05 4934000000 
300 0.28 0 0.468681 0.000124223 0.333887 6.54021e-05 0.145817 6.85483e-05 0.0416022 3.96907e-05 0.00599673 1.4212e-05 28880000000 
600 0.28 0 0.453342 0.000128276 0.337563 4.27406e-05 0.154245 6.78712e-05 0.0459377 3.31922e-05 0.00693346 9.20152e-06 44707000000 
1200 0.29 0 0.422529 0.000300831 0.341376 9.66709e-05 0.170207 0.000159094 0.0556782 0.000107843 0.00925112 2.99379e-05 9369000000 
600 0.29 0 0.43788 0.000223807 0.339099 7.53822e-05 0.162042 0.000104606 0.0508843 7.41864e-05 0.00814913 1.98873e-05 14911000000 
100 0.3 0 0.48613 0.00018842 0.326285 9.3176e-05 0.134231 0.000117269 0.0362216 5.4695e-05 0.00497878 1.30196e-05 52599000000 
1200 0.3 0 0.401795 0.000641023 0.341893 0.000141491 0.180783 0.000315546 0.0632592 0.0002276 0.011339 7.22801e-05 4508000000 
300 0.3 0 0.442457 9.76639e-05 0.337062 4.71427e-05 0.15902 5.43175e-05 0.0496337 3.67837e-05 0.0079392 1.15782e-05 46721000000 
600 0.3 0 0.420894 0.000110132 0.340095 4.51823e-05 0.170729 6.53442e-05 0.0567101 3.81563e-05 0.00966837 1.23231e-05 44476000000 
1200 0.31 0 0.374486 0.000376359 0.340964 9.46552e-05 0.194891 0.000202645 0.0742246 0.000159119 0.0145375 5.06731e-05 8507000000 
300 0.31 0 0.428519 0.000171573 0.338125 8.49342e-05 0.166034 0.000101821 0.0543361 7.76065e-05 0.00917166 3.0585e-05 16243000000 
600 0.31 0 0.401933 0.000212619 0.340394 6.83258e-05 0.180399 0.000117645 0.0637785 7.77465e-05 0.0116374 2.5071e-05 14290000000 
100 0.32 0 0.467415 0.000141049 0.329684 8.44226e-05 0.14353 7.74736e-05 0.0413695 4.62515e-05 0.00614998 1.59853e-05 49574000000 
1200 0.32 0 0.344635 0.000566771 0.337812 0.000155827 0.210034 0.000304461 0.0877142 0.000255017 0.0189459 8.95477e-05 4122000000 
300 0.32 0 0.413357 0.000110841 0.338577 4.55114e-05 0.1737 7.8491e-05 0.0598665 4.62432e-05 0.0107541 1.4677e-05 47112000000 
600 0.32 0 0.381324 0.00014343 0.339665 4.04759e-05 0.190852 7.21524e-05 0.072159 6.14152e-05 0.0141963 1.94909e-05 43258000000 
300 0.33 0 0.397171 0.000174503 0.338582 8.97792e-05 0.181773 0.000114574 0.0661282 7.47085e-05 0.0126812 2.82992e-05 16169000000 
100 0.34 0 0.447764 0.000146555 0.33266 7.58869e-05 0.153149 8.26788e-05 0.0472752 5.68436e-05 0.00761268 1.80941e-05 49204000000 
1200 0.34 0 0.278549 0.000823721 0.321974 0.000261071 0.241935 0.000345843 0.123875 0.00050031 0.0329131 0.000195982 2195000000 
300 0.34 0 0.380487 0.000128091 0.337611 5.3288e-05 0.190223 6.70981e-05 0.0732051 4.76215e-05 0.0148984 2.20741e-05 47888000000 
600 0.34 0 0.333931 0.000119598 0.33354 4.22777e-05 0.214419 6.81909e-05 0.0944876 6.08016e-05 0.0219465 2.4193e-05 39808000000 
100 0.36 0 0.426783 0.000152796 0.334793 7.89595e-05 0.163546 8.02469e-05 0.0542252 5.54345e-05 0.00945705 2.27948e-05 48767000000 
1200 0.36 0 0.224082 0.00044077 0.29735 0.000271949 0.263641 0.000217955 0.162287 0.000327996 0.0519925 0.000185445 1815000000 
300 0.36 0 0.3445 0.000114323 0.333372 5.44959e-05 0.207694 6.42234e-05 0.0900934 5.77463e-05 0.0209675 2.58313e-05 46765000000 
600 0.36 0 0.28385 0.000131061 0.320114 5.17426e-05 0.237369 7.01066e-05 0.123124 7.5179e-05 0.0340183 3.3721e-05 38391000000 
100 0.37 0 0.416117 0.000265682 0.335242 0.000136075 0.168945 0.00016712 0.0580847 0.000107376 0.0106034 3.35937e-05 18839000000 
100 0.38 0 0.405208 0.000144791 0.335724 8.39116e-05 0.17428 9.40259e-05 0.0621504 6.43042e-05 0.0118056 2.89775e-05 48286000000 
1200 0.38 0 0.186477 0.000514077 0.272333 0.000257628 0.273045 0.000149768 0.194506 0.000352528 0.07306 0.000244876 1611000000 
300 0.38 0 0.30749 9.75383e-05 0.324955 8.04174e-05 0.224692 5.89883e-05 0.110201 5.94208e-05 0.0295054 3.58913e-05 46393000000 
600 0.38 0 0.239762 9.40998e-05 0.301175 5.7817e-05 0.254292 4.85216e-05 0.15347 7.04247e-05 0.0499385 3.99629e-05 35036000000 
100 0.39 0 0.394559 0.000223783 0.335549 0.000147864 0.179634 0.000129835 0.0664562 0.000126255 0.0131638 4.24459e-05 17926000000 
100 0.4 0 0.383208 0.000137941 0.335464 7.15303e-05 0.185239 7.97091e-05 0.0708968 6.24927e-05 0.0147428 2.55998e-05 51157000000 
1200 0.4 0 0.160046 0.000275096 0.249306 0.000258638 0.273808 0.000157006 0.221053 0.00030191 0.0952874 0.000253833 1461000000 
300 0.4 0 0.271777 9.29408e-05 0.313149 9.33548e-05 0.239202 5.20128e-05 0.132345 6.68384e-05 0.0406103 4.32742e-05 45814000000 
600 0.4 0 0.205759 8.62326e-05 0.281008 6.38501e-05 0.263165 4.00381e-05 0.18085 7.49731e-05 0.0679907 5.25979e-05 33598000000 
100 0.42 0 0.360911 0.000145507 0.334308 0.000102224 0.195797 7.64368e-05 0.0807269 6.46699e-05 0.0182097 3.28707e-05 51301000000 
1200 0.42 0 0.13951 0.000236067 0.228485 0.000239748 0.270243 0.000192796 0.242604 0.000242935 0.1187 0.000275409 1328000000 
300 0.42 0 0.240562 8.29626e-05 0.299008 5.61196e-05 0.249623 4.56753e-05 0.154288 6.15512e-05 0.0538341 4.36674e-05 44083000000 
600 0.42 0 0.179958 7.33705e-05 0.261904 5.90027e-05 0.265909 4.52379e-05 0.203838 7.95231e-05 0.0872857 5.30504e-05 29290000000 
100 0.44 0 0.33867 0.000137489 0.331556 7.61049e-05 0.206396 9.02981e-05 0.0912772 8.39611e-05 0.0224773 4.78619e-05 50166000000 
1200 0.44 0 0.123709 0.000204294 0.210842 0.000257938 0.263283 0.000296613 0.259055 0.00036204 0.142697 0.000317141 1508000000 
300 0.44 0 0.214498 7.56882e-05 0.284409 6.08827e-05 0.25581 5.34837e-05 0.174353 6.75808e-05 0.0684519 5.03034e-05 44362000000 
600 0.44 0 0.160215 5.69569e-05 0.244834 5.29957e-05 0.264498 5.04642e-05 0.222477 6.04788e-05 0.106972 6.18425e-05 27785000000 
100 0.46 0 0.317051 0.00013233 0.32799 0.000100814 0.216107 7.91617e-05 0.102268 7.09905e-05 0.0273858 3.63518e-05 51593000000 
1200 0.46 0 0.111084 0.000194751 0.195478 0.000183336 0.255123 0.000167211 0.271818 0.000195169 0.166125 0.000266187 1466000000 
300 0.46 0 0.193605 8.39263e-05 0.270849 5.59301e-05 0.258507 5.93676e-05 0.191235 6.03106e-05 0.083524 5.63786e-05 42668000000 
600 0.46 0 0.144393 5.05253e-05 0.229845 5.77181e-05 0.26062 5.03198e-05 0.237184 4.98485e-05 0.12704 7.24094e-05 26780000000 
100 0.48 0 0.296227 0.000122022 0.323253 9.14093e-05 0.224871 8.14032e-05 0.113883 7.47212e-05 0.0329891 4.11612e-05 49764000000 
1200 0.48 0 0.100863 0.000163933 0.182299 0.00017355 0.245559 0.000188227 0.280586 0.000178476 0.19035 0.000305264 1409000000 
300 0.48 0 0.176512 5.89385e-05 0.258228 5.02652e-05 0.258519 5.21716e-05 0.205575 5.4212e-05 0.0990567 5.10914e-05 46340000000 
600 0.48 0 0.131672 4.29955e-05 0.216784 4.85213e-05 0.255279 4.9737e-05 0.248505 4.64872e-05 0.146917 7.69662e-05 26628000000 
100 0.5 0 0.277003 0.000120484 0.317942 8.49486e-05 0.232353 9.29945e-05 0.1252 7.31785e-05 0.0391775 5.89479e-05 50081000000 
1200 0.5 0 0.092664 0.000141567 0.171641 0.000193669 0.236613 0.000216654 0.286564 0.000184739 0.212208 0.000357209 1151000000 
300 0.5 0 0.162502 5.31782e-05 0.247111 4.6473e-05 0.256965 4.06154e-05 0.217043 4.74909e-05 0.114415 5.47003e-05 46604000000 
600 0.5 0 0.121079 3.90013e-05 0.205578 4.59972e-05 0.249141 4.42901e-05 0.257012 5.13904e-05 0.16641 7.64803e-05 25676000000 
100 0.52 0 0.259355 0.000117723 0.311952 7.4889e-05 0.238761 7.26236e-05 0.136127 7.606e-05 0.045892 4.84726e-05 49594000000 
1200 0.52 0 0.0852811 9.14281e-05 0.161932 0.000130298 0.22753 0.000127322 0.289892 0.000119037 0.235079 0.000225134 2085000000 
300 0.52 0 0.150837 4.51225e-05 0.237267 5.3071e-05 0.254333 4.49688e-05 0.226166 4.41074e-05 0.129562 5.87931e-05 43969000000 
600 0.52 0 0.112089 3.58553e-05 0.195812 6.27121e-05 0.242715 4.30525e-05 0.263159 4.57123e-05 0.1855 7.29436e-05 25543000000 
100 0.54 0 0.243481 9.70906e-05 0.306039 7.2474e-05 0.243762 6.78376e-05 0.146383 9.19227e-05 0.0528184 5.50705e-05 50442000000 
1200 0.54 0 0.079317 7.75382e-05 0.153621 0.000125753 0.218652 0.000143387 0.291062 0.000161519 0.257088 0.000223374 2073000000 
300 0.54 0 0.140754 4.47611e-05 0.228476 4.58901e-05 0.251161 4.57707e-05 0.233542 5.15586e-05 0.144356 6.03537e-05 43710000000 
600 0.54 0 0.104552 3.47534e-05 0.187286 5.05131e-05 0.23641 5.1433e-05 0.267171 4.82414e-05 0.203908 7.29999e-05 25153000000 
100 0.56 0 0.228909 0.000100542 0.299969 7.31351e-05 0.247736 7.51768e-05 0.156046 7.18164e-05 0.0602287 5.47393e-05 48951000000 
1200 0.56 0 0.0744847 0.00018778 0.14686 0.000274655 0.211215 0.000298305 0.290667 0.000333831 0.276535 0.000592718 678000000 
300 0.56 0 0.132093 3.89183e-05 0.220841 5.75176e-05 0.247661 6.5651e-05 0.239084 4.09905e-05 0.158719 5.84264e-05 43280000000 
600 0.56 0 0.0979473 3.59184e-05 0.179985 4.79838e-05 0.230234 4.32129e-05 0.269628 4.10871e-05 0.221583 9.19262e-05 25188000000 
100 0.58 0 0.21592 8.82963e-05 0.293989 7.19871e-05 0.250773 6.20715e-05 0.164889 6.7307e-05 0.0676622 6.46243e-05 50110000000 
1200 0.58 0 0.0694913 0.000173892 0.14027 0.00024143 0.203109 0.000302536 0.289632 0.000340089 0.297272 0.000622417 688000000 
300 0.58 0 0.124526 3.88247e-05 0.213958 4.80098e-05 0.244088 4.638e-05 0.24332 5.70943e-05 0.172602 6.43843e-05 40705000000 
600 0.58 0 0.09209 2.70332e-05 0.173479 3.8511e-05 0.224362 4.81248e-05 0.27093 4.64171e-05 0.238557 8.3168e-05 27898000000 
100 0.6 0 0.204469 8.44891e-05 0.288399 0.00011829 0.253076 5.96265e-05 0.172627 9.41248e-05 0.0750129 6.94114e-05 50935000000 
1200 0.6 0 0.0654914 0.000199826 0.135243 0.000152894 0.196446 0.000205518 0.286582 0.000200882 0.31602 0.000385334 1090000000 
300 0.6 0 0.117749 4.10996e-05 0.207919 4.56196e-05 0.240504 4.79229e-05 0.246561 4.70389e-05 0.185859 6.43578e-05 40285000000 
600 0.6 0 0.0869324 2.76627e-05 0.167741 3.69747e-05 0.218966 4.12856e-05 0.271109 4.65705e-05 0.254707 7.01055e-05 24944000000 
100 0.7 0 0.162184 6.54532e-05 0.265931 6.99185e-05 0.257113 6.54792e-05 0.200074 5.84045e-05 0.109665 6.58077e-05 61470000000 
1200 0.7 0 0.0504004 8.17953e-05 0.116619 0.000122191 0.171473 0.000129726 0.267102 0.000198284 0.39425 0.000287219 1278000000 
300 0.7 0 0.0927814 3.33871e-05 0.185619 3.3005e-05 0.225508 3.53439e-05 0.251459 5.07397e-05 0.243569 7.07697e-05 49530000000 
600 0.7 0 0.0677964 2.16042e-05 0.147049 2.93756e-05 0.197972 3.50091e-05 0.263104 6.34417e-05 0.323675 7.33945e-05 27846000000 
100 0.8 0 0.134852 6.35463e-05 0.250929 5.60025e-05 0.257087 5.46952e-05 0.214729 5.10218e-05 0.138368 5.2042e-05 59383000000 
1200 0.8 0 0.0408123 8.82412e-05 0.105167 0.000136026 0.156491 0.000151716 0.246624 0.00023006 0.450787 0.000321079 1047000000 
300 0.8 0 0.07615 2.99446e-05 0.171142 4.31019e-05 0.21556 5.78434e-05 0.249103 5.42847e-05 0.287223 5.50385e-05 40768000000 
600 0.8 0 0.0551072 2.27361e-05 0.133992 2.7348e-05 0.184991 3.23448e-05 0.250922 4.8294e-05 0.374682 6.48205e-05 26966000000 
100 0.9 0 0.114872 5.47102e-05 0.239991 4.62147e-05 0.256915 4.90045e-05 0.223917 4.97785e-05 0.16104 4.69372e-05 62137000000 
1200 0.9 0 0.033459 1.2954e-05 0.0967841 2.24795e-05 0.147146 2.12207e-05 0.229972 4.02964e-05 0.492549 4.89311e-05 22155000000 
300 0.9 0 0.0636755 2.58849e-05 0.160726 3.74605e-05 0.209175 3.70312e-05 0.24621 4.90127e-05 0.319566 7.21806e-05 40208000000 
600 0.9 0 0.0456786 1.90641e-05 0.124608 2.88428e-05 0.176727 3.26212e-05 0.241046 5.48131e-05 0.411701 5.67023e-05 26799000000 
