250 0.76 0 1527 42 0 -nan 0 -nan 0 -nan 0 -nan 0.437827 0.000266048 0.380936 0.000106489 0.177338 0.000224907 11100000000 
250 0.77 0 1443 41 0 -nan 0 -nan 0 -nan 0 -nan 0.423453 0.000349594 0.383521 0.000104946 0.189219 0.000281202 11500000000 
250 0.78 0 1362 39 0 -nan 0 -nan 0 -nan 0 -nan 0.408732 0.000228069 0.385722 0.000109392 0.201837 0.000224824 11800000000 
250 0.79 0 1277 38 0 -nan 0 -nan 0 -nan 0 -nan 0.393362 0.000266547 0.387359 0.000123328 0.215672 0.000222269 11400000000 
1000 0.795 0 8781 112 0 -nan 0 -nan 0 -nan 0 -nan 0.363353 0.000336034 0.392263 0.000124059 0.243528 0.000291863 45800000000 
2500 0.795 0 33890 539 0 -nan 0 -nan 0 -nan 0 -nan 0.357998 0.00053596 0.392713 0.000256544 0.248949 0.000520402 35400000000 
3600 0.795 0 63913 5565 0 -nan 0 -nan 0 -nan 0 -nan 0.359654 0.00142551 0.392888 0.00059061 0.247223 0.000982192 30000000000 
400 0.795 0 2380 57 0 -nan 0 -nan 0 -nan 0 -nan 0.374618 0.000339268 0.390209 0.000153289 0.232991 0.000318103 10400000000 
4900 0.795 0 120178 29490 0 -nan 0 -nan 0 -nan 0 -nan 0.359501 0.0027481 0.391587 0.00159433 0.24874 0.00145438 25900000000 
250 0.8 0 1189 38 0 -nan 0 -nan 0 -nan 0 -nan 0.376979 0.000268224 0.388536 9.79831e-05 0.230989 0.000275085 11400000000 
1000 0.805 0 7847 101 0 -nan 0 -nan 0 -nan 0 -nan 0.341579 0.000464658 0.39204 0.000127149 0.265561 0.00045997 47100000000 
2500 0.805 0 29698 591 0 -nan 0 -nan 0 -nan 0 -nan 0.335475 0.000659794 0.392622 0.000273853 0.271579 0.000879115 36700000000 
250 0.805 0 1142 37 0 -nan 0 -nan 0 -nan 0 -nan 0.368035 0.000293403 0.38889 0.000130707 0.239635 0.000286938 10600000000 
3600 0.805 0 50401 2947 0 -nan 0 -nan 0 -nan 0 -nan 0.334808 0.00112271 0.392721 0.000488967 0.272247 0.00109528 29200000000 
400 0.805 0 2159 49 0 -nan 0 -nan 0 -nan 0 -nan 0.355361 0.000384991 0.390677 0.000156623 0.251859 0.000382001 10500000000 
4900 0.805 0 80987 4462 0 -nan 0 -nan 0 -nan 0 -nan 0.333036 0.00138767 0.393306 0.000591282 0.273493 0.00116277 25300000000 
250 0.81 0 1092 35 0 -nan 0 -nan 0 -nan 0 -nan 0.359363 0.000281636 0.388983 0.000107337 0.248274 0.000267138 11200000000 
250 0.815 0 1049 35 0 -nan 0 -nan 0 -nan 0 -nan 0.350873 0.000355893 0.38883 8.97245e-05 0.256977 0.000323085 10500000000 
250 0.82 0 1003 35 0 -nan 0 -nan 0 -nan 0 -nan 0.341687 0.000374608 0.388726 0.000100866 0.266331 0.000322257 11200000000 
250 0.83 0 912 31 0 -nan 0 -nan 0 -nan 0 -nan 0.323517 0.000292633 0.387457 9.05113e-05 0.285897 0.000310282 10500000000 
250 0.84 0 820 31 0 -nan 0 -nan 0 -nan 0 -nan 0.305139 0.000290646 0.385516 0.000105582 0.306352 0.000312961 10700000000 
100 0.845 0 275 21 0 -nan 0 -nan 0 -nan 0 -nan 0.357839 0.000166509 0.383917 5.74546e-05 0.249993 0.000156101 10100000000 
250 0.85 0 742 29 0 -nan 0 -nan 0 -nan 0 -nan 0.287949 0.000342455 0.3828 0.000101121 0.326388 0.000371451 10200000000 
100 0.855 0 254 19 0 -nan 0 -nan 0 -nan 0 -nan 0.345606 0.000268109 0.383755 5.07397e-05 0.262622 0.000274861 10100000000 
250 0.86 0 657 28 0 -nan 0 -nan 0 -nan 0 -nan 0.269896 0.000300751 0.379129 0.000108718 0.348253 0.000364095 9700000000 
250 0.87 0 585 25 0 -nan 0 -nan 0 -nan 0 -nan 0.253398 0.000301334 0.374712 0.000108199 0.369299 0.00037097 9600000000 
250 0.88 0 519 25 0 -nan 0 -nan 0 -nan 0 -nan 0.23849 0.000315605 0.370253 0.000111257 0.388802 0.000373678 9500000000 
250 0.89 0 462 24 0 -nan 0 -nan 0 -nan 0 -nan 0.224246 0.000313679 0.364802 0.000162763 0.408619 0.000458034 9000000000 
250 0.9 0 417 20 0 -nan 0 -nan 0 -nan 0 -nan 0.21263 0.000300662 0.359693 0.000132194 0.425455 0.000409395 8900000000 
