100 0.51 0 204.295 0.0535963 33.108 0.00781795 -1.26744 0.000107498 1.62906 0.000267049 2.79405 0.000863602 0.204681 6.74096e-05 0.0646882 4.06936e-05 0.0116643 1.47068e-05 56000000000
300 0.51 0 708.458 0.685124 114.636 0.127259 -1.25464 0.000160382 1.58307 0.00040085 2.56106 0.00127996 0.126939 0.000127834 0.0252411 5.10249e-05 0.0018908 8.46411e-06 53000000000
100 0.52 0 200.16 0.0655297 32.4968 0.0108329 -1.244 7.8283e-05 1.57165 0.000188168 2.61299 0.000583317 0.213704 7.36257e-05 0.0703896 4.60481e-05 0.013713 1.73402e-05 56000000000
300 0.52 0 683.75 0.686039 110.902 0.101483 -1.22598 0.000184847 1.51308 0.000451096 2.34797 0.00137614 0.135003 0.000123699 0.0286152 5.11156e-05 0.00245434 9.82991e-06 54000000000
100 0.53 0 195.392 0.0574032 31.8008 0.00747626 -1.21897 9.21436e-05 1.51169 0.000218463 2.43102 0.00065827 0.223807 7.76416e-05 0.0770265 5.04764e-05 0.0162739 2.0509e-05 56000000000
300 0.53 0 657.685 0.594612 106.893 0.0868957 -1.19375 0.000182084 1.43677 0.000418851 2.1281 0.0011565 0.145602 0.000146512 0.0334109 6.80324e-05 0.0033938 1.57953e-05 54000000000
100 0.54 0 190.201 0.0670526 31.0378 0.00811411 -1.19225 0.000100879 1.44935 0.000229074 2.25017 0.000641287 0.235441 9.77223e-05 0.0850095 6.43746e-05 0.0195966 2.69513e-05 56000000000
300 0.54 0 622.343 0.786115 101.453 0.172783 -1.15475 0.000256248 1.34826 0.000555554 1.89095 0.00144502 0.16132 0.000209848 0.0413445 0.000111126 0.00535005 3.34979e-05 54000000000
100 0.55 0 184.523 0.0651822 30.1905 0.0113001 -1.16311 0.000105246 1.38337 0.000232063 2.06796 0.0006209 0.249309 9.71471e-05 0.0949434 6.7152e-05 0.0240641 3.17654e-05 56000000000
300 0.55 0 574.333 0.668359 93.9898 0.102229 -1.10038 0.000424424 1.23278 0.00082995 1.61238 0.00176365 0.188721 0.000377229 0.0574263 0.000234873 0.0106456 8.8702e-05 53000000000
100 0.56 0 178.182 0.0830293 29.2544 0.0141382 -1.13119 0.000124928 1.31332 0.000266438 1.88416 0.000672895 0.265554 0.000121762 0.107111 8.76525e-05 0.0299641 4.25787e-05 56000000000
300 0.56 0 501.641 0.720778 82.4122 0.108484 -1.01273 0.000707921 1.06521 0.0011985 1.26666 0.0021581 0.244457 0.000646485 0.0966049 0.000516292 0.0280631 0.000276345 52000000000
100 0.57 0 170.922 0.0652585 28.1884 0.00897538 -1.09547 0.00016652 1.23782 0.000340045 1.69771 0.000803375 0.284973 0.000134528 0.122427 0.000111027 0.0380452 6.44587e-05 56000000000
300 0.57 0 377.948 0.878924 62.9686 0.141918 -0.844661 0.00119394 0.786321 0.00181299 0.798305 0.0026321 0.370626 0.00100435 0.200666 0.000862294 0.0869279 0.000517935 51000000000
100 0.58 0 162.867 0.0592765 26.9902 0.00796098 -1.05555 0.000158134 1.15686 0.000322123 1.51023 0.000774135 0.30842 0.000136523 0.141752 0.000113609 0.0490525 7.15336e-05 56000000000
300 0.58 0 230.708 0.755389 39.7369 0.126609 -0.601739 0.00120578 0.442345 0.00167188 0.336451 0.00217075 0.563172 0.00105127 0.382917 0.00100301 0.212397 0.000697115 48000000000
100 0.59 0 153.657 0.0589207 25.6051 0.00822383 -1.00983 0.000202825 1.06834 0.000380198 1.31941 0.000789458 0.337216 0.00018583 0.166737 0.000150831 0.0644145 8.82288e-05 56000000000
300 0.59 0 136.917 0.442086 25.5014 0.0699984 -0.404107 0.000770241 0.212969 0.000916157 0.100263 0.000973922 0.715098 0.000683914 0.547963 0.000714596 0.349882 0.000573716 45000000000
100 0.6 0 143.315 0.0631613 24.0668 0.00877081 -0.958059 0.000235769 0.973117 0.00038664 1.12953 0.000681864 0.371933 0.000225874 0.198267 0.000214661 0.0852763 0.000153555 55000000000
300 0.6 0 99.0118 0.205025 20.134 0.0363328 -0.290991 0.000471169 0.114312 0.000469487 0.0311832 0.000425524 0.792037 0.00040046 0.645436 0.000453759 0.449004 0.00042725 43000000000
100 0.61 0 131.867 0.0710585 22.3613 0.0110841 -0.89916 0.000244203 0.870792 0.000407337 0.94219 0.000706387 0.413332 0.000243646 0.237702 0.000228714 0.113317 0.000162761 55000000000
300 0.61 0 81.4823 0.0796195 17.8932 0.0165452 -0.216958 0.000252786 0.0678311 0.000170782 0.0114866 9.64995e-05 0.835123 0.000186185 0.707669 0.000251681 0.523244 0.000286604 42000000000
100 0.62 0 119.506 0.0696764 20.5128 0.0110799 -0.833465 0.000240463 0.763348 0.000384453 0.762377 0.000627646 0.461753 0.000231928 0.285922 0.000224349 0.149921 0.000166477 55000000000
300 0.62 0 71.5771 0.0420555 16.7385 0.0143908 -0.161503 0.000157959 0.0423906 7.68115e-05 0.00489238 3.14571e-05 0.863043 0.000119968 0.751519 0.000167334 0.581479 0.000202353 41000000000